,datetime,rtt
0,2019-03-23 00:01:43,0.297
1,2019-03-23 00:01:43,0.305
2,2019-03-23 00:01:44,0.305
3,2019-03-23 00:01:44,0.304
4,2019-03-23 00:01:44,0.309
5,2019-03-23 00:01:44,0.302
6,2019-03-23 00:01:44,0.327
7,2019-03-23 00:01:44,0.303
8,2019-03-23 00:01:45,0.303
9,2019-03-23 00:01:45,0.290
10,2019-03-23 00:01:45,0.317
11,2019-03-23 00:01:45,0.311
12,2019-03-23 00:01:45,0.314
13,2019-03-23 00:01:45,0.296
14,2019-03-23 00:01:45,0.319
15,2019-03-23 00:01:45,0.314
16,2019-03-23 00:01:45,0.292
17,2019-03-23 00:01:45,0.308
18,2019-03-23 00:01:46,0.312
19,2019-03-23 00:01:46,0.305
20,2019-03-23 00:01:46,0.308
21,2019-03-23 00:01:47,0.306
22,2019-03-23 00:01:47,0.306
23,2019-03-23 00:01:47,0.311
24,2019-03-23 00:01:47,0.308
25,2019-03-23 00:01:48,0.312
26,2019-03-23 00:01:48,0.321
27,2019-03-23 00:01:48,0.303
28,2019-03-23 00:01:48,0.314
29,2019-03-23 00:01:49,0.322
30,2019-03-23 00:01:49,0.302
31,2019-03-23 00:01:49,0.280
32,2019-03-23 00:01:49,0.307
33,2019-03-23 00:01:50,0.296
34,2019-03-23 00:01:50,0.304
35,2019-03-23 00:01:50,0.318
36,2019-03-23 00:01:51,0.308
37,2019-03-23 00:01:52,0.313
38,2019-03-23 00:01:52,0.307
39,2019-03-23 00:01:52,0.403
40,2019-03-23 00:01:52,0.308
41,2019-03-23 00:01:53,0.308
42,2019-03-23 00:01:54,0.310
43,2019-03-23 00:01:54,0.302
44,2019-03-23 00:01:54,0.301
45,2019-03-23 00:01:54,0.306
46,2019-03-23 00:01:55,0.303
47,2019-03-23 00:01:55,0.311
48,2019-03-23 00:01:55,0.310
49,2019-03-23 00:01:55,0.313
50,2019-03-23 00:01:56,0.310
51,2019-03-23 00:01:56,0.307
52,2019-03-23 00:01:56,0.301
53,2019-03-23 00:01:56,0.315
54,2019-03-23 00:01:57,0.286
55,2019-03-23 00:01:57,0.321
56,2019-03-23 00:01:57,0.217
57,2019-03-23 00:01:58,0.307
58,2019-03-23 00:01:58,0.293
59,2019-03-23 00:01:58,0.317
60,2019-03-23 00:01:58,0.296
61,2019-03-23 00:01:58,0.301
62,2019-03-23 00:01:58,0.306
63,2019-03-23 00:01:59,0.300
64,2019-03-23 00:01:59,0.315
65,2019-03-23 00:02:00,0.304
66,2019-03-23 00:02:00,0.302
67,2019-03-23 00:02:00,0.296
68,2019-03-23 00:02:01,0.301
69,2019-03-23 00:02:01,0.288
70,2019-03-23 00:02:01,0.301
71,2019-03-23 00:02:01,0.296
72,2019-03-23 00:02:01,0.312
73,2019-03-23 00:02:01,0.299
74,2019-03-23 00:02:02,0.301
75,2019-03-23 00:02:02,0.291
76,2019-03-23 00:02:02,0.316
77,2019-03-23 00:02:02,0.302
78,2019-03-23 00:02:02,0.306
79,2019-03-23 00:02:03,0.322
80,2019-03-23 00:02:04,0.306
81,2019-03-23 00:02:04,0.309
82,2019-03-23 00:02:04,0.280
83,2019-03-23 00:02:05,0.318
84,2019-03-23 00:02:05,0.208
85,2019-03-23 00:02:05,0.312
86,2019-03-23 00:02:05,0.317
87,2019-03-23 00:02:05,0.299
88,2019-03-23 00:02:06,0.309
89,2019-03-23 00:02:06,0.307
90,2019-03-23 00:02:07,0.300
91,2019-03-23 00:02:07,0.315
92,2019-03-23 00:02:07,0.303
93,2019-03-23 00:02:07,0.295
94,2019-03-23 00:02:07,0.302
95,2019-03-23 00:02:08,0.287
96,2019-03-23 00:02:08,0.290
97,2019-03-23 00:02:08,0.306
98,2019-03-23 00:02:08,0.291
99,2019-03-23 00:02:08,0.291
100,2019-03-23 00:02:10,0.302
101,2019-03-23 00:02:10,0.295
102,2019-03-23 00:02:11,0.301
103,2019-03-23 00:02:11,0.313
104,2019-03-23 00:02:12,0.304
105,2019-03-23 00:02:12,0.299
106,2019-03-23 00:02:13,0.350
107,2019-03-23 00:02:13,0.295
108,2019-03-23 00:02:14,0.377
109,2019-03-23 00:02:15,0.307
110,2019-03-23 00:02:16,0.304
111,2019-03-23 00:02:16,0.296
112,2019-03-23 00:02:17,0.312
113,2019-03-23 00:02:17,0.316
114,2019-03-23 00:02:18,0.302
115,2019-03-23 00:02:18,0.311
116,2019-03-23 00:02:19,0.311
117,2019-03-23 00:02:20,0.315
118,2019-03-23 00:02:21,0.296
119,2019-03-23 00:02:21,0.308
120,2019-03-23 00:02:21,0.301
121,2019-03-23 00:02:23,0.294
122,2019-03-23 00:02:23,0.294
123,2019-03-23 00:02:24,0.304
124,2019-03-23 00:02:25,0.319
125,2019-03-23 00:02:25,0.302
126,2019-03-23 00:02:26,0.309
127,2019-03-23 00:02:26,0.306
128,2019-03-23 00:02:27,0.302
129,2019-03-23 00:02:28,0.291
130,2019-03-23 00:02:28,0.294
131,2019-03-23 00:02:30,0.305
132,2019-03-23 00:02:30,0.300
133,2019-03-23 00:02:31,0.310
134,2019-03-23 00:02:31,0.306
135,2019-03-23 00:02:31,0.307
136,2019-03-23 00:02:32,0.316
137,2019-03-23 00:02:33,0.273
138,2019-03-23 00:02:33,0.305
139,2019-03-23 00:02:34,0.311
140,2019-03-23 00:02:35,0.329
141,2019-03-23 00:02:35,0.306
142,2019-03-23 00:02:37,0.316
143,2019-03-23 00:02:38,0.303
144,2019-03-23 00:02:39,0.308
145,2019-03-23 00:02:39,0.268
146,2019-03-23 00:02:39,0.308
147,2019-03-23 00:02:40,0.555
148,2019-03-23 00:02:41,0.282
149,2019-03-23 00:02:41,0.318
150,2019-03-23 00:02:41,0.307
151,2019-03-23 00:02:41,0.213
152,2019-03-23 00:02:41,0.302
153,2019-03-23 00:02:43,0.291
154,2019-03-23 00:02:44,0.298
155,2019-03-23 00:02:45,0.309
156,2019-03-23 00:02:46,0.316
157,2019-03-23 00:02:46,0.524
158,2019-03-23 00:02:46,0.311
159,2019-03-23 00:02:48,0.302
160,2019-03-23 00:02:49,0.306
161,2019-03-23 00:02:50,0.307
162,2019-03-23 00:02:51,0.303
163,2019-03-23 00:02:51,0.321
164,2019-03-23 00:02:52,0.304
165,2019-03-23 00:02:52,0.296
166,2019-03-23 00:02:52,0.315
167,2019-03-23 00:02:53,0.308
168,2019-03-23 00:02:54,0.314
169,2019-03-23 00:02:54,0.300
170,2019-03-23 00:02:54,0.327
171,2019-03-23 00:02:55,0.308
172,2019-03-23 00:02:57,0.299
173,2019-03-23 00:02:57,0.308
174,2019-03-23 00:02:58,0.301
175,2019-03-23 00:02:58,0.324
176,2019-03-23 00:02:58,0.296
177,2019-03-23 00:02:58,0.301
178,2019-03-23 00:03:00,0.312
179,2019-03-23 00:03:00,0.308
180,2019-03-23 00:03:01,0.304
181,2019-03-23 00:03:01,0.309
182,2019-03-23 00:03:03,0.305
183,2019-03-23 00:03:04,0.314
184,2019-03-23 00:03:05,0.313
185,2019-03-23 00:03:06,0.298
186,2019-03-23 00:03:08,0.301
187,2019-03-23 00:03:10,0.320
188,2019-03-23 00:03:11,0.296
189,2019-03-23 00:03:11,0.353
190,2019-03-23 00:03:12,0.311
191,2019-03-23 00:03:12,0.312
192,2019-03-23 00:03:13,0.316
193,2019-03-23 00:03:13,0.313
194,2019-03-23 00:03:14,0.307
195,2019-03-23 00:03:14,0.305
196,2019-03-23 00:03:15,0.308
197,2019-03-23 00:03:16,0.293
198,2019-03-23 00:03:16,0.301
199,2019-03-23 00:03:16,0.321
200,2019-03-23 00:03:16,0.305
201,2019-03-23 00:03:17,0.300
202,2019-03-23 00:03:17,0.313
203,2019-03-23 00:03:18,0.298
204,2019-03-23 00:03:18,0.304
205,2019-03-23 00:03:18,0.293
206,2019-03-23 00:03:19,0.300
207,2019-03-23 00:03:19,0.306
208,2019-03-23 00:03:19,0.314
209,2019-03-23 00:03:19,0.310
210,2019-03-23 00:03:20,0.304
211,2019-03-23 00:03:20,0.339
212,2019-03-23 00:03:20,0.314
213,2019-03-23 00:03:21,0.298
214,2019-03-23 00:03:21,0.309
215,2019-03-23 00:03:22,0.301
216,2019-03-23 00:03:23,0.303
217,2019-03-23 00:03:23,0.309
218,2019-03-23 00:03:24,0.289
219,2019-03-23 00:03:24,0.316
220,2019-03-23 00:03:24,0.306
221,2019-03-23 00:03:25,0.304
222,2019-03-23 00:03:26,0.301
223,2019-03-23 00:03:26,0.304
224,2019-03-23 00:03:27,0.302
225,2019-03-23 00:03:27,0.292
226,2019-03-23 00:03:28,0.296
227,2019-03-23 00:03:30,0.289
228,2019-03-23 00:03:32,0.305
229,2019-03-23 00:03:32,0.312
230,2019-03-23 00:03:33,0.283
231,2019-03-23 00:03:33,0.298
232,2019-03-23 00:03:35,0.312
233,2019-03-23 00:03:36,0.315
234,2019-03-23 00:03:37,0.315
235,2019-03-23 00:03:38,0.305
236,2019-03-23 00:03:38,0.312
237,2019-03-23 00:03:38,0.300
238,2019-03-23 00:03:38,0.301
239,2019-03-23 00:03:38,0.295
240,2019-03-23 00:03:39,0.298
241,2019-03-23 00:03:40,0.306
242,2019-03-23 00:03:40,0.316
243,2019-03-23 00:03:40,0.304
244,2019-03-23 00:03:41,0.293
245,2019-03-23 00:03:41,0.316
246,2019-03-23 00:03:41,0.300
247,2019-03-23 00:03:42,0.286
248,2019-03-23 00:03:42,0.295
249,2019-03-23 00:03:42,0.301
250,2019-03-23 00:03:42,0.303
251,2019-03-23 00:03:43,0.304
252,2019-03-23 00:03:43,0.302
253,2019-03-23 00:03:43,0.295
254,2019-03-23 00:03:44,0.311
255,2019-03-23 00:03:44,0.298
256,2019-03-23 00:03:45,0.297
257,2019-03-23 00:03:46,0.304
258,2019-03-23 00:03:46,0.407
259,2019-03-23 00:03:47,0.303
260,2019-03-23 00:03:48,0.307
261,2019-03-23 00:03:48,0.301
262,2019-03-23 00:03:48,0.279
263,2019-03-23 00:03:49,0.308
264,2019-03-23 00:03:49,0.440
265,2019-03-23 00:03:49,0.315
266,2019-03-23 00:03:50,0.309
267,2019-03-23 00:03:50,0.212
268,2019-03-23 00:03:51,0.315
269,2019-03-23 00:03:51,0.302
270,2019-03-23 00:03:51,0.316
271,2019-03-23 00:03:51,0.317
272,2019-03-23 00:03:55,0.212
273,2019-03-23 00:03:55,0.306
274,2019-03-23 00:03:56,0.309
275,2019-03-23 00:03:57,0.310
276,2019-03-23 00:03:57,0.296
277,2019-03-23 00:03:58,0.316
278,2019-03-23 00:03:58,0.316
279,2019-03-23 00:03:59,0.302
280,2019-03-23 00:03:59,0.307
281,2019-03-23 00:04:00,0.303
282,2019-03-23 00:04:00,0.299
283,2019-03-23 00:04:01,0.311
284,2019-03-23 00:04:01,0.309
285,2019-03-23 00:04:01,0.307
286,2019-03-23 00:04:02,0.306
287,2019-03-23 00:04:02,0.309
288,2019-03-23 00:04:02,0.308
289,2019-03-23 00:04:03,0.315
290,2019-03-23 00:04:03,0.305
291,2019-03-23 00:04:03,0.301
292,2019-03-23 00:04:04,0.286
293,2019-03-23 00:04:04,0.320
294,2019-03-23 00:04:04,0.308
295,2019-03-23 00:04:05,0.342
296,2019-03-23 00:04:05,0.321
297,2019-03-23 00:04:06,0.340
298,2019-03-23 00:04:06,0.319
299,2019-03-23 00:04:06,0.315
300,2019-03-23 00:04:06,0.365
301,2019-03-23 00:04:07,0.315
302,2019-03-23 00:04:07,0.312
303,2019-03-23 00:04:07,0.313
304,2019-03-23 00:04:08,0.307
305,2019-03-23 00:04:08,0.308
306,2019-03-23 00:04:09,0.309
307,2019-03-23 00:04:09,0.309
308,2019-03-23 00:04:10,0.311
309,2019-03-23 00:04:11,0.312
310,2019-03-23 00:04:11,0.306
311,2019-03-23 00:04:12,0.299
312,2019-03-23 00:04:12,0.313
313,2019-03-23 00:04:13,0.303
314,2019-03-23 00:04:13,0.362
315,2019-03-23 00:04:13,0.311
316,2019-03-23 00:04:16,0.316
317,2019-03-23 00:04:16,0.314
318,2019-03-23 00:04:16,0.315
319,2019-03-23 00:04:17,0.317
320,2019-03-23 00:04:18,0.309
321,2019-03-23 00:04:18,0.328
322,2019-03-23 00:04:18,0.311
323,2019-03-23 00:04:19,0.298
324,2019-03-23 00:04:20,0.298
325,2019-03-23 00:04:21,0.305
326,2019-03-23 00:04:21,0.302
327,2019-03-23 00:04:22,0.329
328,2019-03-23 00:04:23,0.307
329,2019-03-23 00:04:23,0.305
330,2019-03-23 00:04:23,0.307
331,2019-03-23 00:04:24,0.295
332,2019-03-23 00:04:24,0.312
333,2019-03-23 00:04:25,0.304
334,2019-03-23 00:04:25,0.314
335,2019-03-23 00:04:26,0.317
336,2019-03-23 00:04:26,0.450
337,2019-03-23 00:04:27,0.331
338,2019-03-23 00:04:27,0.311
339,2019-03-23 00:04:27,0.315
340,2019-03-23 00:04:28,0.302
341,2019-03-23 00:04:30,0.288
342,2019-03-23 00:04:30,0.214
343,2019-03-23 00:04:31,0.307
344,2019-03-23 00:04:31,0.311
345,2019-03-23 00:04:32,0.299
346,2019-03-23 00:04:32,0.309
347,2019-03-23 00:04:33,0.306
348,2019-03-23 00:04:34,0.305
349,2019-03-23 00:04:34,0.307
350,2019-03-23 00:04:35,0.312
351,2019-03-23 00:04:35,0.301
352,2019-03-23 00:04:36,0.302
353,2019-03-23 00:04:36,0.308
354,2019-03-23 00:04:37,0.309
355,2019-03-23 00:04:37,0.305
356,2019-03-23 00:04:38,0.293
357,2019-03-23 00:04:38,0.311
358,2019-03-23 00:04:38,0.306
359,2019-03-23 00:04:38,0.305
360,2019-03-23 00:04:40,0.317
361,2019-03-23 00:04:41,0.298
362,2019-03-23 00:04:41,0.319
363,2019-03-23 00:04:41,0.321
364,2019-03-23 00:04:41,0.312
365,2019-03-23 00:04:42,0.330
366,2019-03-23 00:04:42,0.313
367,2019-03-23 00:04:42,0.310
368,2019-03-23 00:04:43,0.320
369,2019-03-23 00:04:44,0.312
370,2019-03-23 00:04:44,0.301
371,2019-03-23 00:04:44,0.302
372,2019-03-23 00:04:44,0.305
373,2019-03-23 00:04:45,0.313
374,2019-03-23 00:04:45,0.308
375,2019-03-23 00:04:45,0.317
376,2019-03-23 00:04:46,0.304
377,2019-03-23 00:04:46,0.303
378,2019-03-23 00:04:46,0.317
379,2019-03-23 00:04:47,0.313
380,2019-03-23 00:04:47,0.305
381,2019-03-23 00:04:48,0.318
382,2019-03-23 00:04:49,0.286
383,2019-03-23 00:04:49,0.303
384,2019-03-23 00:04:49,0.207
385,2019-03-23 00:04:49,0.307
386,2019-03-23 00:04:49,0.356
387,2019-03-23 00:04:49,0.309
388,2019-03-23 00:04:51,0.304
389,2019-03-23 00:04:52,0.298
390,2019-03-23 00:04:53,0.304
391,2019-03-23 00:04:54,0.213
392,2019-03-23 00:04:54,0.316
393,2019-03-23 00:04:54,0.213
394,2019-03-23 00:04:55,0.290
395,2019-03-23 00:04:55,0.214
396,2019-03-23 00:04:55,0.318
397,2019-03-23 00:04:55,0.311
398,2019-03-23 00:04:56,0.319
399,2019-03-23 00:04:56,0.302
400,2019-03-23 00:04:57,0.305
401,2019-03-23 00:04:57,0.307
402,2019-03-23 00:04:58,0.310
403,2019-03-23 00:04:59,0.303
404,2019-03-23 00:04:59,0.312
405,2019-03-23 00:04:59,0.304
406,2019-03-23 00:05:00,0.305
407,2019-03-23 00:05:00,0.311
408,2019-03-23 00:05:01,0.314
409,2019-03-23 00:05:02,0.303
410,2019-03-23 00:05:02,0.301
411,2019-03-23 00:05:02,0.302
412,2019-03-23 00:05:03,0.325
413,2019-03-23 00:05:04,0.318
414,2019-03-23 00:05:04,0.301
415,2019-03-23 00:05:05,0.300
416,2019-03-23 00:05:06,0.311
417,2019-03-23 00:05:06,0.320
418,2019-03-23 00:05:07,0.323
419,2019-03-23 00:05:07,0.292
420,2019-03-23 00:05:07,0.309
421,2019-03-23 00:05:07,0.308
422,2019-03-23 00:05:08,0.309
423,2019-03-23 00:05:08,0.318
424,2019-03-23 00:05:09,0.305
425,2019-03-23 00:05:10,0.304
426,2019-03-23 00:05:10,0.296
427,2019-03-23 00:05:10,0.334
428,2019-03-23 00:05:11,0.311
429,2019-03-23 00:05:12,0.305
430,2019-03-23 00:05:12,0.302
431,2019-03-23 00:05:13,0.405
432,2019-03-23 00:05:14,0.292
433,2019-03-23 00:05:14,0.297
434,2019-03-23 00:05:16,0.305
435,2019-03-23 00:05:17,0.306
436,2019-03-23 00:05:17,0.296
437,2019-03-23 00:05:17,0.301
438,2019-03-23 00:05:17,0.296
439,2019-03-23 00:05:17,0.283
440,2019-03-23 00:05:18,0.294
441,2019-03-23 00:05:18,0.301
442,2019-03-23 00:05:19,0.314
443,2019-03-23 00:05:20,0.300
444,2019-03-23 00:05:21,0.308
445,2019-03-23 00:05:22,0.313
446,2019-03-23 00:05:22,0.293
447,2019-03-23 00:05:22,0.319
448,2019-03-23 00:05:22,0.288
449,2019-03-23 00:05:24,0.305
450,2019-03-23 00:05:24,0.287
451,2019-03-23 00:05:24,0.298
452,2019-03-23 00:05:24,0.293
453,2019-03-23 00:05:25,0.296
454,2019-03-23 00:05:25,0.285
455,2019-03-23 00:05:25,0.299
456,2019-03-23 00:05:27,0.295
457,2019-03-23 00:05:27,0.293
458,2019-03-23 00:05:27,0.305
459,2019-03-23 00:05:27,0.305
460,2019-03-23 00:05:27,0.304
461,2019-03-23 00:05:28,0.301
462,2019-03-23 00:05:29,0.296
463,2019-03-23 00:05:29,0.289
464,2019-03-23 00:05:29,0.284
465,2019-03-23 00:05:30,0.335
466,2019-03-23 00:05:31,0.301
467,2019-03-23 00:05:31,0.287
468,2019-03-23 00:05:32,0.306
469,2019-03-23 00:05:32,0.296
470,2019-03-23 00:05:33,0.312
471,2019-03-23 00:05:33,0.299
472,2019-03-23 00:05:33,0.285
473,2019-03-23 00:05:34,0.296
474,2019-03-23 00:05:34,0.308
475,2019-03-23 00:05:35,0.292
476,2019-03-23 00:05:35,0.298
477,2019-03-23 00:05:35,0.289
478,2019-03-23 00:05:35,0.380
479,2019-03-23 00:05:36,0.294
480,2019-03-23 00:05:36,0.299
481,2019-03-23 00:05:36,0.212
482,2019-03-23 00:05:37,0.305
483,2019-03-23 00:05:37,0.308
484,2019-03-23 00:05:37,0.304
485,2019-03-23 00:05:38,0.301
486,2019-03-23 00:05:38,0.299
487,2019-03-23 00:05:38,0.291
488,2019-03-23 00:05:40,0.288
489,2019-03-23 00:05:40,0.430
490,2019-03-23 00:05:40,0.309
491,2019-03-23 00:05:41,0.292
492,2019-03-23 00:05:41,0.283
493,2019-03-23 00:05:41,0.288
494,2019-03-23 00:05:41,0.297
495,2019-03-23 00:05:42,0.294
496,2019-03-23 00:05:42,0.293
497,2019-03-23 00:05:43,0.293
498,2019-03-23 00:05:44,0.296
499,2019-03-23 00:05:45,0.292
500,2019-03-23 00:05:45,0.305
501,2019-03-23 00:05:46,0.298
502,2019-03-23 00:05:47,0.216
503,2019-03-23 00:05:48,0.288
504,2019-03-23 00:05:49,0.308
505,2019-03-23 00:05:49,0.305
506,2019-03-23 00:05:49,0.297
507,2019-03-23 00:05:49,0.309
508,2019-03-23 00:05:50,0.290
509,2019-03-23 00:05:50,0.297
510,2019-03-23 00:05:51,0.277
511,2019-03-23 00:05:51,0.307
512,2019-03-23 00:05:52,0.295
513,2019-03-23 00:05:53,0.282
514,2019-03-23 00:05:53,0.303
515,2019-03-23 00:05:53,0.289
516,2019-03-23 00:05:53,0.307
517,2019-03-23 00:05:54,0.296
518,2019-03-23 00:05:54,0.296
519,2019-03-23 00:05:55,0.292
520,2019-03-23 00:05:55,0.292
521,2019-03-23 00:05:56,0.303
522,2019-03-23 00:05:56,0.214
523,2019-03-23 00:05:56,0.295
524,2019-03-23 00:05:56,0.213
525,2019-03-23 00:05:57,0.293
526,2019-03-23 00:05:57,0.309
527,2019-03-23 00:05:57,0.296
528,2019-03-23 00:05:58,0.290
529,2019-03-23 00:05:58,0.287
530,2019-03-23 00:05:59,0.297
531,2019-03-23 00:06:00,0.297
532,2019-03-23 00:06:00,0.301
533,2019-03-23 00:06:01,0.282
534,2019-03-23 00:06:02,0.294
535,2019-03-23 00:06:02,0.297
536,2019-03-23 00:06:03,0.290
537,2019-03-23 00:06:05,0.289
538,2019-03-23 00:06:05,0.311
539,2019-03-23 00:06:06,0.417
540,2019-03-23 00:06:06,0.300
541,2019-03-23 00:06:07,0.295
542,2019-03-23 00:06:07,0.301
543,2019-03-23 00:06:07,0.290
544,2019-03-23 00:06:09,0.286
545,2019-03-23 00:06:10,0.301
546,2019-03-23 00:06:10,0.293
547,2019-03-23 00:06:11,0.298
548,2019-03-23 00:06:11,0.290
549,2019-03-23 00:06:11,0.293
550,2019-03-23 00:06:13,0.293
551,2019-03-23 00:06:13,0.300
552,2019-03-23 00:06:13,0.274
553,2019-03-23 00:06:15,0.302
554,2019-03-23 00:06:15,0.292
555,2019-03-23 00:06:16,0.294
556,2019-03-23 00:06:17,0.300
557,2019-03-23 00:06:17,0.214
558,2019-03-23 00:06:17,0.291
559,2019-03-23 00:06:18,0.299
560,2019-03-23 00:06:18,0.287
561,2019-03-23 00:06:19,0.298
562,2019-03-23 00:06:20,0.295
563,2019-03-23 00:06:20,0.295
564,2019-03-23 00:06:21,0.288
565,2019-03-23 00:06:22,0.298
566,2019-03-23 00:06:22,0.304
567,2019-03-23 00:06:22,0.279
568,2019-03-23 00:06:23,0.303
569,2019-03-23 00:06:23,0.305
570,2019-03-23 00:06:24,0.299
571,2019-03-23 00:06:25,0.303
572,2019-03-23 00:06:25,0.288
573,2019-03-23 00:06:26,0.290
574,2019-03-23 00:06:27,0.309
575,2019-03-23 00:06:28,0.291
576,2019-03-23 00:06:29,0.299
577,2019-03-23 00:06:30,0.208
578,2019-03-23 00:06:30,0.272
579,2019-03-23 00:06:30,0.287
580,2019-03-23 00:06:31,0.303
581,2019-03-23 00:06:32,0.300
582,2019-03-23 00:06:33,0.290
583,2019-03-23 00:06:33,0.300
584,2019-03-23 00:06:34,0.295
585,2019-03-23 00:06:34,0.278
586,2019-03-23 00:06:34,0.291
587,2019-03-23 00:06:35,0.284
588,2019-03-23 00:06:35,0.283
589,2019-03-23 00:06:35,0.288
590,2019-03-23 00:06:35,0.286
591,2019-03-23 00:06:36,0.281
592,2019-03-23 00:06:36,0.282
593,2019-03-23 00:06:36,0.292
594,2019-03-23 00:06:37,0.293
595,2019-03-23 00:06:38,0.290
596,2019-03-23 00:06:38,0.284
597,2019-03-23 00:06:38,0.287
598,2019-03-23 00:06:39,0.285
599,2019-03-23 00:06:40,0.211
600,2019-03-23 00:06:40,0.296
601,2019-03-23 00:06:40,0.285
602,2019-03-23 00:06:41,0.295
603,2019-03-23 00:06:41,0.275
604,2019-03-23 00:06:41,0.274
605,2019-03-23 00:06:41,0.282
606,2019-03-23 00:06:42,0.301
607,2019-03-23 00:06:43,0.294
608,2019-03-23 00:06:43,0.292
609,2019-03-23 00:06:44,0.290
610,2019-03-23 00:06:44,0.292
611,2019-03-23 00:06:45,0.294
612,2019-03-23 00:06:45,0.296
613,2019-03-23 00:06:45,0.285
614,2019-03-23 00:06:48,0.288
615,2019-03-23 00:06:48,0.208
616,2019-03-23 00:06:50,0.291
617,2019-03-23 00:06:51,0.294
618,2019-03-23 00:06:52,0.294
619,2019-03-23 00:06:52,0.299
620,2019-03-23 00:06:53,0.289
621,2019-03-23 00:06:53,0.276
622,2019-03-23 00:06:53,0.300
623,2019-03-23 00:06:54,0.292
624,2019-03-23 00:06:56,0.292
625,2019-03-23 00:06:56,0.298
626,2019-03-23 00:06:57,0.296
627,2019-03-23 00:06:58,0.297
628,2019-03-23 00:06:58,0.277
629,2019-03-23 00:06:58,0.278
630,2019-03-23 00:06:58,0.264
631,2019-03-23 00:06:58,0.284
632,2019-03-23 00:06:59,0.277
633,2019-03-23 00:06:59,0.327
634,2019-03-23 00:07:00,0.296
635,2019-03-23 00:07:00,0.300
636,2019-03-23 00:07:00,0.307
637,2019-03-23 00:07:01,0.284
638,2019-03-23 00:07:01,0.287
639,2019-03-23 00:07:03,0.288
640,2019-03-23 00:07:03,0.286
641,2019-03-23 00:07:03,0.291
642,2019-03-23 00:07:04,0.295
643,2019-03-23 00:07:05,0.293
644,2019-03-23 00:07:06,0.305
645,2019-03-23 00:07:06,0.297
646,2019-03-23 00:07:06,0.297
647,2019-03-23 00:07:08,0.301
648,2019-03-23 00:07:08,0.294
649,2019-03-23 00:07:09,0.312
650,2019-03-23 00:07:09,0.291
651,2019-03-23 00:07:09,0.295
652,2019-03-23 00:07:09,0.298
653,2019-03-23 00:07:10,0.289
654,2019-03-23 00:07:11,0.286
655,2019-03-23 00:07:11,0.294
656,2019-03-23 00:07:11,0.295
657,2019-03-23 00:07:11,0.302
658,2019-03-23 00:07:11,0.278
659,2019-03-23 00:07:12,0.295
660,2019-03-23 00:07:13,0.298
661,2019-03-23 00:07:13,0.291
662,2019-03-23 00:07:14,0.300
663,2019-03-23 00:07:15,0.282
664,2019-03-23 00:07:15,0.292
665,2019-03-23 00:07:15,0.288
666,2019-03-23 00:07:16,0.282
667,2019-03-23 00:07:16,0.301
668,2019-03-23 00:07:16,0.280
669,2019-03-23 00:07:17,0.294
670,2019-03-23 00:07:17,0.296
671,2019-03-23 00:07:17,0.293
672,2019-03-23 00:07:17,0.300
673,2019-03-23 00:07:17,0.293
674,2019-03-23 00:07:18,0.305
675,2019-03-23 00:07:18,0.297
676,2019-03-23 00:07:19,0.296
677,2019-03-23 00:07:19,0.286
678,2019-03-23 00:07:19,0.293
679,2019-03-23 00:07:20,0.299
680,2019-03-23 00:07:20,0.212
681,2019-03-23 00:07:20,0.291
682,2019-03-23 00:07:20,0.285
683,2019-03-23 00:07:21,0.292
684,2019-03-23 00:07:21,0.301
685,2019-03-23 00:07:22,0.294
686,2019-03-23 00:07:22,0.306
687,2019-03-23 00:07:22,0.289
688,2019-03-23 00:07:22,0.304
689,2019-03-23 00:07:23,0.314
690,2019-03-23 00:07:24,0.204
691,2019-03-23 00:07:24,0.292
692,2019-03-23 00:07:25,0.285
693,2019-03-23 00:07:25,0.303
694,2019-03-23 00:07:25,0.288
695,2019-03-23 00:07:25,0.296
696,2019-03-23 00:07:26,0.298
697,2019-03-23 00:07:26,0.309
698,2019-03-23 00:07:26,0.309
699,2019-03-23 00:07:27,0.288
700,2019-03-23 00:07:27,0.297
701,2019-03-23 00:07:29,0.299
702,2019-03-23 00:07:30,0.297
703,2019-03-23 00:07:30,0.300
704,2019-03-23 00:07:31,0.297
705,2019-03-23 00:07:32,0.281
706,2019-03-23 00:07:33,0.289
707,2019-03-23 00:07:33,0.295
708,2019-03-23 00:07:33,0.286
709,2019-03-23 00:07:33,0.292
710,2019-03-23 00:07:34,0.287
711,2019-03-23 00:07:35,0.290
712,2019-03-23 00:07:35,0.284
713,2019-03-23 00:07:35,0.212
714,2019-03-23 00:07:36,0.296
715,2019-03-23 00:07:37,0.277
716,2019-03-23 00:07:37,0.302
717,2019-03-23 00:07:37,0.290
718,2019-03-23 00:07:37,0.306
719,2019-03-23 00:07:37,0.303
720,2019-03-23 00:07:38,0.305
721,2019-03-23 00:07:38,0.213
722,2019-03-23 00:07:38,0.296
723,2019-03-23 00:07:38,0.293
724,2019-03-23 00:07:39,0.286
725,2019-03-23 00:07:39,0.296
726,2019-03-23 00:07:39,0.291
727,2019-03-23 00:07:41,0.298
728,2019-03-23 00:07:42,0.296
729,2019-03-23 00:07:42,0.297
730,2019-03-23 00:07:43,0.302
731,2019-03-23 00:07:43,0.343
732,2019-03-23 00:07:43,0.297
733,2019-03-23 00:07:44,0.290
734,2019-03-23 00:07:44,0.291
735,2019-03-23 00:07:44,0.297
736,2019-03-23 00:07:45,0.283
737,2019-03-23 00:07:45,0.297
738,2019-03-23 00:07:45,0.283
739,2019-03-23 00:07:46,0.290
740,2019-03-23 00:07:47,0.294
741,2019-03-23 00:07:47,0.295
742,2019-03-23 00:07:47,0.302
743,2019-03-23 00:07:48,0.294
744,2019-03-23 00:07:48,0.290
745,2019-03-23 00:07:48,0.301
746,2019-03-23 00:07:49,0.304
747,2019-03-23 00:07:49,0.305
748,2019-03-23 00:07:49,0.288
749,2019-03-23 00:07:50,0.215
750,2019-03-23 00:07:51,0.297
751,2019-03-23 00:07:51,0.300
752,2019-03-23 00:07:51,0.294
753,2019-03-23 00:07:52,0.300
754,2019-03-23 00:07:52,0.291
755,2019-03-23 00:07:54,0.297
756,2019-03-23 00:07:55,0.310
757,2019-03-23 00:07:55,0.292
758,2019-03-23 00:07:56,0.292
759,2019-03-23 00:07:57,0.293
760,2019-03-23 00:07:57,0.297
761,2019-03-23 00:07:57,0.215
762,2019-03-23 00:07:57,0.295
763,2019-03-23 00:07:58,0.298
764,2019-03-23 00:07:58,0.292
765,2019-03-23 00:07:59,0.298
766,2019-03-23 00:08:00,0.271
767,2019-03-23 00:08:00,0.305
768,2019-03-23 00:08:01,0.288
769,2019-03-23 00:08:02,0.284
770,2019-03-23 00:08:02,0.302
771,2019-03-23 00:08:03,0.213
772,2019-03-23 00:08:04,0.301
773,2019-03-23 00:08:04,0.281
774,2019-03-23 00:08:05,0.309
775,2019-03-23 00:08:05,0.296
776,2019-03-23 00:08:06,0.295
777,2019-03-23 00:08:06,0.295
778,2019-03-23 00:08:06,0.293
779,2019-03-23 00:08:07,0.297
780,2019-03-23 00:08:07,0.288
781,2019-03-23 00:08:08,0.297
782,2019-03-23 00:08:08,0.277
783,2019-03-23 00:08:08,0.289
784,2019-03-23 00:08:09,0.285
785,2019-03-23 00:08:10,0.292
786,2019-03-23 00:08:10,0.287
787,2019-03-23 00:08:10,0.296
788,2019-03-23 00:08:11,0.291
789,2019-03-23 00:08:11,0.287
790,2019-03-23 00:08:12,0.306
791,2019-03-23 00:08:13,0.287
792,2019-03-23 00:08:13,0.213
793,2019-03-23 00:08:13,0.286
794,2019-03-23 00:08:14,0.298
795,2019-03-23 00:08:15,0.301
796,2019-03-23 00:08:15,0.288
797,2019-03-23 00:08:16,0.301
798,2019-03-23 00:08:17,0.285
799,2019-03-23 00:08:17,0.300
800,2019-03-23 00:08:18,0.299
801,2019-03-23 00:08:18,0.215
802,2019-03-23 00:08:19,0.300
803,2019-03-23 00:08:20,0.293
804,2019-03-23 00:08:21,0.299
805,2019-03-23 00:08:21,0.283
806,2019-03-23 00:08:22,0.294
807,2019-03-23 00:08:22,0.295
808,2019-03-23 00:08:22,0.292
809,2019-03-23 00:08:23,0.303
810,2019-03-23 00:08:24,0.287
811,2019-03-23 00:08:24,0.300
812,2019-03-23 00:08:24,0.297
813,2019-03-23 00:08:25,0.297
814,2019-03-23 00:08:25,0.296
815,2019-03-23 00:10:45,0.292
816,2019-03-23 00:10:45,0.294
817,2019-03-23 00:10:46,0.282
818,2019-03-23 00:10:46,0.281
819,2019-03-23 00:10:46,0.286
820,2019-03-23 00:10:46,0.305
821,2019-03-23 00:10:46,0.302
822,2019-03-23 00:10:46,0.301
823,2019-03-23 00:10:46,0.205
824,2019-03-23 00:10:46,0.300
825,2019-03-23 00:10:47,0.299
826,2019-03-23 00:10:47,0.300
827,2019-03-23 00:10:47,0.294
828,2019-03-23 00:10:47,0.288
829,2019-03-23 00:10:47,0.284
830,2019-03-23 00:10:47,0.289
831,2019-03-23 00:10:48,0.287
832,2019-03-23 00:10:48,0.289
833,2019-03-23 00:10:48,0.213
834,2019-03-23 00:10:48,0.288
835,2019-03-23 00:10:48,0.294
836,2019-03-23 00:10:48,0.294
837,2019-03-23 00:10:49,0.212
838,2019-03-23 00:10:49,0.277
839,2019-03-23 00:10:49,0.284
840,2019-03-23 00:10:49,0.294
841,2019-03-23 00:10:49,0.287
842,2019-03-23 00:10:49,0.289
843,2019-03-23 00:10:49,0.291
844,2019-03-23 00:10:49,0.212
845,2019-03-23 00:10:49,0.290
846,2019-03-23 00:10:50,0.302
847,2019-03-23 00:10:51,0.305
848,2019-03-23 00:10:51,0.304
849,2019-03-23 00:10:51,0.302
850,2019-03-23 00:10:51,0.293
851,2019-03-23 00:10:51,0.287
852,2019-03-23 00:10:51,0.208
853,2019-03-23 00:10:52,0.293
854,2019-03-23 00:10:52,0.297
855,2019-03-23 00:10:52,0.289
856,2019-03-23 00:10:52,0.295
857,2019-03-23 00:10:53,0.303
858,2019-03-23 00:10:53,0.282
859,2019-03-23 00:10:53,0.303
860,2019-03-23 00:10:53,0.299
861,2019-03-23 00:10:54,0.286
862,2019-03-23 00:10:54,0.289
863,2019-03-23 00:10:54,0.302
864,2019-03-23 00:10:54,0.303
865,2019-03-23 00:10:54,0.289
866,2019-03-23 00:10:54,0.301
867,2019-03-23 00:10:55,0.290
868,2019-03-23 00:10:55,0.295
869,2019-03-23 00:10:55,0.295
870,2019-03-23 00:10:55,0.291
871,2019-03-23 00:10:56,0.290
872,2019-03-23 00:10:56,0.280
873,2019-03-23 00:10:56,0.294
874,2019-03-23 00:10:56,0.288
875,2019-03-23 00:10:56,0.279
876,2019-03-23 00:10:57,0.284
877,2019-03-23 00:10:57,0.283
878,2019-03-23 00:10:57,0.286
879,2019-03-23 00:10:58,0.303
880,2019-03-23 00:10:58,0.290
881,2019-03-23 00:10:58,0.288
882,2019-03-23 00:10:58,0.290
883,2019-03-23 00:10:58,0.292
884,2019-03-23 00:10:59,0.285
885,2019-03-23 00:10:59,0.293
886,2019-03-23 00:10:59,0.296
887,2019-03-23 00:10:59,0.295
888,2019-03-23 00:10:59,0.302
889,2019-03-23 00:10:59,0.281
890,2019-03-23 00:10:59,0.340
891,2019-03-23 00:11:00,0.294
892,2019-03-23 00:11:00,0.279
893,2019-03-23 00:11:00,0.290
894,2019-03-23 00:11:00,0.282
895,2019-03-23 00:11:01,0.290
896,2019-03-23 00:11:01,0.297
897,2019-03-23 00:11:01,0.284
898,2019-03-23 00:11:02,0.302
899,2019-03-23 00:11:02,0.287
900,2019-03-23 00:11:02,0.284
901,2019-03-23 00:11:02,0.300
902,2019-03-23 00:11:02,0.289
903,2019-03-23 00:11:03,0.296
904,2019-03-23 00:11:03,0.287
905,2019-03-23 00:11:04,0.295
906,2019-03-23 00:11:04,0.295
907,2019-03-23 00:11:04,0.299
908,2019-03-23 00:11:05,0.291
909,2019-03-23 00:11:05,0.303
910,2019-03-23 00:11:05,0.298
911,2019-03-23 00:11:06,0.312
912,2019-03-23 00:11:06,0.301
913,2019-03-23 00:11:07,0.286
914,2019-03-23 00:11:07,0.298
915,2019-03-23 00:11:07,0.294
916,2019-03-23 00:11:07,0.279
917,2019-03-23 00:11:08,0.292
918,2019-03-23 00:11:08,0.298
919,2019-03-23 00:11:08,0.296
920,2019-03-23 00:11:09,0.282
921,2019-03-23 00:11:09,0.300
922,2019-03-23 00:11:09,0.298
923,2019-03-23 00:11:09,0.291
924,2019-03-23 00:11:10,0.292
925,2019-03-23 00:11:10,0.290
926,2019-03-23 00:11:10,0.296
927,2019-03-23 00:11:11,0.214
928,2019-03-23 00:11:11,0.283
929,2019-03-23 00:11:11,0.291
930,2019-03-23 00:11:11,0.296
931,2019-03-23 00:11:12,0.295
932,2019-03-23 00:11:12,0.280
933,2019-03-23 00:11:12,0.304
934,2019-03-23 00:11:14,0.294
935,2019-03-23 00:11:14,0.302
936,2019-03-23 00:11:14,0.298
937,2019-03-23 00:11:14,0.296
938,2019-03-23 00:11:14,0.295
939,2019-03-23 00:11:15,0.286
940,2019-03-23 00:11:15,0.298
941,2019-03-23 00:11:15,0.321
942,2019-03-23 00:11:16,0.307
943,2019-03-23 00:11:16,0.300
944,2019-03-23 00:11:17,0.301
945,2019-03-23 00:11:18,0.293
946,2019-03-23 00:11:18,0.301
947,2019-03-23 00:11:18,0.292
948,2019-03-23 00:11:18,0.212
949,2019-03-23 00:11:19,0.296
950,2019-03-23 00:11:20,0.293
951,2019-03-23 00:11:20,0.286
952,2019-03-23 00:11:21,0.288
953,2019-03-23 00:11:21,0.291
954,2019-03-23 00:11:22,0.293
955,2019-03-23 00:11:22,0.309
956,2019-03-23 00:11:23,0.318
957,2019-03-23 00:11:23,0.294
958,2019-03-23 00:11:23,0.294
959,2019-03-23 00:11:24,0.296
960,2019-03-23 00:11:24,0.307
961,2019-03-23 00:11:25,0.302
962,2019-03-23 00:11:26,0.307
963,2019-03-23 00:11:26,0.287
964,2019-03-23 00:11:27,0.293
965,2019-03-23 00:11:28,0.302
966,2019-03-23 00:11:29,0.292
967,2019-03-23 00:11:30,0.291
968,2019-03-23 00:11:30,0.294
969,2019-03-23 00:11:31,0.283
970,2019-03-23 00:11:31,0.298
971,2019-03-23 00:11:31,0.304
972,2019-03-23 00:11:32,0.301
973,2019-03-23 00:11:32,0.456
974,2019-03-23 00:11:33,0.298
975,2019-03-23 00:11:34,0.298
976,2019-03-23 00:11:34,0.291
977,2019-03-23 00:11:35,0.214
978,2019-03-23 00:11:35,0.293
979,2019-03-23 00:11:35,0.296
980,2019-03-23 00:11:36,0.293
981,2019-03-23 00:11:37,0.212
982,2019-03-23 00:11:37,0.394
983,2019-03-23 00:11:37,0.293
984,2019-03-23 00:11:38,0.285
985,2019-03-23 00:11:38,0.299
986,2019-03-23 00:11:39,0.289
987,2019-03-23 00:11:39,0.286
988,2019-03-23 00:11:39,0.295
989,2019-03-23 00:11:39,0.314
990,2019-03-23 00:11:40,0.294
991,2019-03-23 00:11:41,0.213
992,2019-03-23 00:11:41,0.294
993,2019-03-23 00:11:41,0.213
994,2019-03-23 00:11:42,0.303
995,2019-03-23 00:11:42,0.297
996,2019-03-23 00:11:43,0.317
997,2019-03-23 00:11:43,0.298
998,2019-03-23 00:11:43,0.292
999,2019-03-23 00:11:45,0.395
1000,2019-03-23 00:11:46,0.289
1001,2019-03-23 00:11:48,0.212
1002,2019-03-23 00:11:49,0.303
1003,2019-03-23 00:11:50,0.311
1004,2019-03-23 00:11:52,0.310
1005,2019-03-23 00:11:54,0.213
1006,2019-03-23 00:11:54,0.306
1007,2019-03-23 00:11:55,0.287
1008,2019-03-23 00:11:55,0.311
1009,2019-03-23 00:11:57,0.302
1010,2019-03-23 00:11:57,0.292
1011,2019-03-23 00:11:58,0.295
1012,2019-03-23 00:11:59,0.289
1013,2019-03-23 00:11:59,0.307
1014,2019-03-23 00:11:59,0.298
1015,2019-03-23 00:12:01,0.301
1016,2019-03-23 00:12:04,0.284
1017,2019-03-23 00:12:04,0.213
1018,2019-03-23 00:12:05,0.295
1019,2019-03-23 00:12:05,0.273
1020,2019-03-23 00:12:07,0.298
1021,2019-03-23 00:12:10,0.295
1022,2019-03-23 00:12:10,0.295
1023,2019-03-23 00:12:10,0.288
1024,2019-03-23 00:12:12,0.300
1025,2019-03-23 00:12:12,0.298
1026,2019-03-23 00:12:14,0.293
1027,2019-03-23 00:12:14,0.302
1028,2019-03-23 00:12:15,0.293
1029,2019-03-23 00:12:15,0.303
1030,2019-03-23 00:12:17,0.295
1031,2019-03-23 00:12:17,0.303
1032,2019-03-23 00:12:18,0.291
1033,2019-03-23 00:12:19,0.287
1034,2019-03-23 00:12:20,0.302
1035,2019-03-23 00:12:22,0.301
1036,2019-03-23 00:12:22,0.296
1037,2019-03-23 00:12:26,0.212
1038,2019-03-23 00:12:27,0.302
1039,2019-03-23 00:12:27,0.213
1040,2019-03-23 00:12:28,0.308
1041,2019-03-23 00:12:28,0.288
1042,2019-03-23 00:12:28,0.305
1043,2019-03-23 00:12:28,0.363
1044,2019-03-23 00:12:29,0.290
1045,2019-03-23 00:12:30,0.301
1046,2019-03-23 00:12:30,0.293
1047,2019-03-23 00:12:31,0.298
1048,2019-03-23 00:12:31,0.212
1049,2019-03-23 00:12:32,0.306
1050,2019-03-23 00:12:33,0.307
1051,2019-03-23 00:12:33,0.291
1052,2019-03-23 00:12:33,0.288
1053,2019-03-23 00:12:35,0.315
1054,2019-03-23 00:12:36,0.296
1055,2019-03-23 00:12:36,0.286
1056,2019-03-23 00:12:37,0.286
1057,2019-03-23 00:12:38,0.306
1058,2019-03-23 00:12:39,0.306
1059,2019-03-23 00:12:39,0.213
1060,2019-03-23 00:12:40,0.302
1061,2019-03-23 00:12:40,0.302
1062,2019-03-23 00:12:41,0.288
1063,2019-03-23 00:12:41,0.297
1064,2019-03-23 00:12:42,0.285
1065,2019-03-23 00:12:42,0.298
1066,2019-03-23 00:12:43,0.311
1067,2019-03-23 00:12:43,0.300
1068,2019-03-23 00:12:44,0.291
1069,2019-03-23 00:12:44,0.297
1070,2019-03-23 00:12:44,0.331
1071,2019-03-23 00:12:45,0.203
1072,2019-03-23 00:12:45,0.305
1073,2019-03-23 00:12:45,0.287
1074,2019-03-23 00:12:45,0.213
1075,2019-03-23 00:12:46,0.312
1076,2019-03-23 00:12:46,0.286
1077,2019-03-23 00:12:47,0.293
1078,2019-03-23 00:12:47,0.299
1079,2019-03-23 00:12:47,0.291
1080,2019-03-23 00:12:48,0.311
1081,2019-03-23 00:12:48,0.296
1082,2019-03-23 00:12:49,0.304
1083,2019-03-23 00:12:49,0.294
1084,2019-03-23 00:12:50,0.299
1085,2019-03-23 00:12:50,0.320
1086,2019-03-23 00:12:50,0.283
1087,2019-03-23 00:12:50,0.298
1088,2019-03-23 00:12:51,0.292
1089,2019-03-23 00:12:51,0.298
1090,2019-03-23 00:12:52,0.291
1091,2019-03-23 00:12:52,0.284
1092,2019-03-23 00:12:53,0.297
1093,2019-03-23 00:12:53,0.297
1094,2019-03-23 00:12:54,0.299
1095,2019-03-23 00:12:55,0.285
1096,2019-03-23 00:12:56,0.293
1097,2019-03-23 00:12:56,0.293
1098,2019-03-23 00:12:56,0.303
1099,2019-03-23 00:12:57,0.288
1100,2019-03-23 00:12:57,0.285
1101,2019-03-23 00:12:57,0.290
1102,2019-03-23 00:12:57,0.297
1103,2019-03-23 00:12:57,0.289
1104,2019-03-23 00:12:58,0.301
1105,2019-03-23 00:12:59,0.300
1106,2019-03-23 00:12:59,0.284
1107,2019-03-23 00:12:59,0.303
1108,2019-03-23 00:12:59,0.295
1109,2019-03-23 00:13:00,0.299
1110,2019-03-23 00:13:01,0.297
1111,2019-03-23 00:13:01,0.213
1112,2019-03-23 00:13:01,0.288
1113,2019-03-23 00:13:02,0.293
1114,2019-03-23 00:13:03,0.291
1115,2019-03-23 00:13:04,0.286
1116,2019-03-23 00:13:04,0.289
1117,2019-03-23 00:13:05,0.290
1118,2019-03-23 00:13:05,0.292
1119,2019-03-23 00:13:05,0.279
1120,2019-03-23 00:13:06,0.295
1121,2019-03-23 00:13:07,0.274
1122,2019-03-23 00:13:07,0.305
1123,2019-03-23 00:13:07,0.292
1124,2019-03-23 00:13:08,0.289
1125,2019-03-23 00:13:08,0.397
1126,2019-03-23 00:13:08,0.287
1127,2019-03-23 00:13:09,0.290
1128,2019-03-23 00:13:10,0.279
1129,2019-03-23 00:13:10,0.289
1130,2019-03-23 00:13:11,0.288
1131,2019-03-23 00:13:11,0.304
1132,2019-03-23 00:13:11,0.284
1133,2019-03-23 00:13:12,0.298
1134,2019-03-23 00:13:12,0.300
1135,2019-03-23 00:13:14,0.299
1136,2019-03-23 00:13:15,0.294
1137,2019-03-23 00:13:17,0.291
1138,2019-03-23 00:13:18,0.305
1139,2019-03-23 00:13:18,0.307
1140,2019-03-23 00:13:19,0.292
1141,2019-03-23 00:13:19,0.295
1142,2019-03-23 00:13:20,0.289
1143,2019-03-23 00:13:20,0.289
1144,2019-03-23 00:13:21,0.298
1145,2019-03-23 00:13:21,0.295
1146,2019-03-23 00:13:22,0.291
1147,2019-03-23 00:13:22,0.298
1148,2019-03-23 00:13:23,0.289
1149,2019-03-23 00:13:24,0.296
1150,2019-03-23 00:13:24,0.296
1151,2019-03-23 00:13:24,0.291
1152,2019-03-23 00:13:25,0.296
1153,2019-03-23 00:13:25,0.297
1154,2019-03-23 00:13:26,0.305
1155,2019-03-23 00:13:26,0.296
1156,2019-03-23 00:13:27,0.296
1157,2019-03-23 00:13:28,0.294
1158,2019-03-23 00:13:29,0.291
1159,2019-03-23 00:13:29,0.303
1160,2019-03-23 00:13:29,0.288
1161,2019-03-23 00:13:30,0.305
1162,2019-03-23 00:13:31,0.323
1163,2019-03-23 00:13:31,0.285
1164,2019-03-23 00:13:31,0.286
1165,2019-03-23 00:13:32,0.288
1166,2019-03-23 00:13:32,0.296
1167,2019-03-23 00:13:32,0.299
1168,2019-03-23 00:13:32,0.295
1169,2019-03-23 00:13:33,0.301
1170,2019-03-23 00:13:35,0.293
1171,2019-03-23 00:13:35,0.283
1172,2019-03-23 00:13:37,0.304
1173,2019-03-23 00:13:37,0.288
1174,2019-03-23 00:13:38,0.287
1175,2019-03-23 00:13:38,0.286
1176,2019-03-23 00:13:39,0.286
1177,2019-03-23 00:13:40,0.290
1178,2019-03-23 00:13:40,0.212
1179,2019-03-23 00:13:41,0.290
1180,2019-03-23 00:13:42,0.296
1181,2019-03-23 00:13:43,0.296
1182,2019-03-23 00:13:43,0.316
1183,2019-03-23 00:13:43,0.295
1184,2019-03-23 00:13:44,0.298
1185,2019-03-23 00:13:45,0.310
1186,2019-03-23 00:13:46,0.288
1187,2019-03-23 00:13:47,0.295
1188,2019-03-23 00:13:47,0.296
1189,2019-03-23 00:13:47,0.293
1190,2019-03-23 00:13:48,0.294
1191,2019-03-23 00:13:48,0.292
1192,2019-03-23 00:13:49,0.288
1193,2019-03-23 00:13:49,0.292
1194,2019-03-23 00:13:50,0.318
1195,2019-03-23 00:13:51,0.290
1196,2019-03-23 00:13:51,0.307
1197,2019-03-23 00:13:51,0.301
1198,2019-03-23 00:13:55,0.293
1199,2019-03-23 00:13:56,0.293
1200,2019-03-23 00:13:56,0.297
1201,2019-03-23 00:13:56,0.310
1202,2019-03-23 00:13:57,0.212
1203,2019-03-23 00:13:57,0.303
1204,2019-03-23 00:13:57,0.300
1205,2019-03-23 00:13:58,0.298
1206,2019-03-23 00:13:58,0.291
1207,2019-03-23 00:13:59,0.293
1208,2019-03-23 00:13:59,0.303
1209,2019-03-23 00:13:59,0.213
1210,2019-03-23 00:13:59,0.290
1211,2019-03-23 00:14:00,0.291
1212,2019-03-23 00:14:01,0.291
1213,2019-03-23 00:14:02,0.297
1214,2019-03-23 00:14:03,0.288
1215,2019-03-23 00:14:03,0.292
1216,2019-03-23 00:14:04,0.291
1217,2019-03-23 00:14:04,0.282
1218,2019-03-23 00:14:04,0.281
1219,2019-03-23 00:14:04,0.287
1220,2019-03-23 00:14:05,0.285
1221,2019-03-23 00:14:06,0.292
1222,2019-03-23 00:14:06,0.287
1223,2019-03-23 00:14:07,0.296
1224,2019-03-23 00:14:07,0.285
1225,2019-03-23 00:14:09,0.297
1226,2019-03-23 00:14:09,0.212
1227,2019-03-23 00:14:09,0.295
1228,2019-03-23 00:14:10,0.298
1229,2019-03-23 00:14:10,0.213
1230,2019-03-23 00:14:10,0.288
1231,2019-03-23 00:14:10,0.299
1232,2019-03-23 00:14:11,0.293
1233,2019-03-23 00:14:12,0.293
1234,2019-03-23 00:14:12,0.300
1235,2019-03-23 00:14:12,0.295
1236,2019-03-23 00:14:13,0.204
1237,2019-03-23 00:14:13,0.332
1238,2019-03-23 00:14:15,0.213
1239,2019-03-23 00:14:16,0.290
1240,2019-03-23 00:14:16,0.293
1241,2019-03-23 00:14:16,0.310
1242,2019-03-23 00:14:18,0.305
1243,2019-03-23 00:14:19,0.304
1244,2019-03-23 00:14:19,0.306
1245,2019-03-23 00:14:21,0.301
1246,2019-03-23 00:14:21,0.298
1247,2019-03-23 00:14:21,0.292
1248,2019-03-23 00:14:22,0.302
1249,2019-03-23 00:14:22,0.302
1250,2019-03-23 00:14:22,0.296
1251,2019-03-23 00:14:23,0.299
1252,2019-03-23 00:14:23,0.304
1253,2019-03-23 00:14:23,0.295
1254,2019-03-23 00:14:23,0.302
1255,2019-03-23 00:14:24,0.294
1256,2019-03-23 00:14:24,0.291
1257,2019-03-23 00:14:25,0.298
1258,2019-03-23 00:14:25,0.294
1259,2019-03-23 00:14:25,0.298
1260,2019-03-23 00:14:26,0.296
1261,2019-03-23 00:14:28,0.285
1262,2019-03-23 00:14:28,0.296
1263,2019-03-23 00:14:29,0.294
1264,2019-03-23 00:14:29,0.292
1265,2019-03-23 00:14:30,0.212
1266,2019-03-23 00:14:30,0.302
1267,2019-03-23 00:14:30,0.312
1268,2019-03-23 00:14:30,0.293
1269,2019-03-23 00:14:31,0.293
1270,2019-03-23 00:14:31,0.295
1271,2019-03-23 00:14:32,0.212
1272,2019-03-23 00:14:34,0.291
1273,2019-03-23 00:14:34,0.213
1274,2019-03-23 00:14:34,0.214
1275,2019-03-23 00:14:34,0.291
1276,2019-03-23 00:14:35,0.291
1277,2019-03-23 00:14:35,0.292
1278,2019-03-23 00:14:36,0.298
1279,2019-03-23 00:14:36,0.213
1280,2019-03-23 00:14:36,0.298
1281,2019-03-23 00:14:36,0.308
1282,2019-03-23 00:14:37,0.294
1283,2019-03-23 00:14:37,0.293
1284,2019-03-23 00:14:37,0.284
1285,2019-03-23 00:14:38,0.299
1286,2019-03-23 00:14:38,0.308
1287,2019-03-23 00:14:38,0.308
1288,2019-03-23 00:14:39,0.289
1289,2019-03-23 00:14:39,0.280
1290,2019-03-23 00:14:40,0.295
1291,2019-03-23 00:14:41,0.317
1292,2019-03-23 00:14:42,0.294
1293,2019-03-23 00:14:43,0.315
1294,2019-03-23 00:14:44,0.289
1295,2019-03-23 00:14:44,0.313
1296,2019-03-23 00:14:44,0.297
1297,2019-03-23 00:14:45,0.297
1298,2019-03-23 00:14:45,0.308
1299,2019-03-23 00:14:45,0.290
1300,2019-03-23 00:14:46,0.289
1301,2019-03-23 00:14:46,0.292
1302,2019-03-23 00:14:47,0.304
1303,2019-03-23 00:14:48,0.296
1304,2019-03-23 00:14:48,0.291
1305,2019-03-23 00:14:48,0.302
1306,2019-03-23 00:14:49,0.290
1307,2019-03-23 00:14:49,0.295
1308,2019-03-23 00:14:49,0.295
1309,2019-03-23 00:14:51,0.289
1310,2019-03-23 00:14:52,0.297
1311,2019-03-23 00:14:52,0.298
1312,2019-03-23 00:14:53,0.302
1313,2019-03-23 00:14:54,0.204
1314,2019-03-23 00:14:54,0.288
1315,2019-03-23 00:14:55,0.300
1316,2019-03-23 00:14:55,0.291
1317,2019-03-23 00:14:56,0.296
1318,2019-03-23 00:14:56,0.308
1319,2019-03-23 00:14:56,0.297
1320,2019-03-23 00:14:57,0.288
1321,2019-03-23 00:14:57,0.300
1322,2019-03-23 00:14:57,0.308
1323,2019-03-23 00:14:58,0.283
1324,2019-03-23 00:14:58,0.289
1325,2019-03-23 00:14:58,0.303
1326,2019-03-23 00:14:58,0.294
1327,2019-03-23 00:14:58,0.287
1328,2019-03-23 00:14:59,0.277
1329,2019-03-23 00:14:59,0.291
1330,2019-03-23 00:14:59,0.312
1331,2019-03-23 00:15:00,0.213
1332,2019-03-23 00:15:00,0.299
1333,2019-03-23 00:15:01,0.288
1334,2019-03-23 00:15:03,0.305
1335,2019-03-23 00:15:03,0.307
1336,2019-03-23 00:15:04,0.285
1337,2019-03-23 00:15:04,0.301
1338,2019-03-23 00:15:05,0.288
1339,2019-03-23 00:15:05,0.294
1340,2019-03-23 00:15:06,0.299
1341,2019-03-23 00:15:06,0.283
1342,2019-03-23 00:15:06,0.295
1343,2019-03-23 00:15:07,0.286
1344,2019-03-23 00:15:08,0.306
1345,2019-03-23 00:15:08,0.296
1346,2019-03-23 00:15:09,0.300
1347,2019-03-23 00:15:10,0.288
1348,2019-03-23 00:15:10,0.281
1349,2019-03-23 00:15:11,0.291
1350,2019-03-23 00:15:11,0.288
1351,2019-03-23 00:15:12,0.289
1352,2019-03-23 00:15:12,0.282
1353,2019-03-23 00:15:12,0.309
1354,2019-03-23 00:15:12,0.292
1355,2019-03-23 00:15:12,0.305
1356,2019-03-23 00:15:13,0.302
1357,2019-03-23 00:15:13,0.297
1358,2019-03-23 00:15:14,0.296
1359,2019-03-23 00:15:15,0.292
1360,2019-03-23 00:15:18,0.293
1361,2019-03-23 00:15:19,0.301
1362,2019-03-23 00:15:19,0.297
1363,2019-03-23 00:15:20,0.313
1364,2019-03-23 00:15:20,0.288
1365,2019-03-23 00:15:20,0.292
1366,2019-03-23 00:15:21,0.311
1367,2019-03-23 00:15:21,0.314
1368,2019-03-23 00:15:21,0.291
1369,2019-03-23 00:15:22,0.298
1370,2019-03-23 00:15:23,0.313
1371,2019-03-23 00:15:23,0.287
1372,2019-03-23 00:15:23,0.296
1373,2019-03-23 00:15:24,0.289
1374,2019-03-23 00:15:25,0.297
1375,2019-03-23 00:15:25,0.288
1376,2019-03-23 00:15:26,0.286
1377,2019-03-23 00:15:26,0.288
1378,2019-03-23 00:15:26,0.292
1379,2019-03-23 00:15:27,0.301
1380,2019-03-23 00:15:28,0.291
1381,2019-03-23 00:15:28,0.308
1382,2019-03-23 00:15:28,0.301
1383,2019-03-23 00:15:29,0.290
1384,2019-03-23 00:15:30,0.289
1385,2019-03-23 00:15:30,0.306
1386,2019-03-23 00:15:31,0.214
1387,2019-03-23 00:15:31,0.313
1388,2019-03-23 00:15:32,0.338
1389,2019-03-23 00:15:32,0.302
1390,2019-03-23 00:15:32,0.297
1391,2019-03-23 00:15:33,0.295
1392,2019-03-23 00:15:34,0.303
1393,2019-03-23 00:15:34,0.305
1394,2019-03-23 00:15:35,0.307
1395,2019-03-23 00:15:36,0.301
1396,2019-03-23 00:15:37,0.295
1397,2019-03-23 00:15:38,0.295
1398,2019-03-23 00:15:38,0.302
1399,2019-03-23 00:15:38,0.289
1400,2019-03-23 00:15:39,0.290
1401,2019-03-23 00:15:40,0.290
1402,2019-03-23 00:15:40,0.299
1403,2019-03-23 00:15:41,0.296
1404,2019-03-23 00:15:42,0.297
1405,2019-03-23 00:15:42,0.300
1406,2019-03-23 00:15:42,0.222
1407,2019-03-23 00:15:43,0.289
1408,2019-03-23 00:15:43,0.296
1409,2019-03-23 00:15:44,0.287
1410,2019-03-23 00:15:45,0.310
1411,2019-03-23 00:15:45,0.302
1412,2019-03-23 00:15:46,0.298
1413,2019-03-23 00:15:46,0.299
1414,2019-03-23 00:15:47,0.298
1415,2019-03-23 00:15:49,0.298
1416,2019-03-23 00:15:50,0.287
1417,2019-03-23 00:15:51,0.297
1418,2019-03-23 00:15:51,0.287
1419,2019-03-23 00:15:53,0.311
1420,2019-03-23 00:15:53,0.299
1421,2019-03-23 00:15:54,0.297
1422,2019-03-23 00:15:54,0.289
1423,2019-03-23 00:15:55,0.293
1424,2019-03-23 00:15:55,0.304
1425,2019-03-23 00:15:56,0.292
1426,2019-03-23 00:15:57,0.298
1427,2019-03-23 00:15:57,0.293
1428,2019-03-23 00:15:58,0.291
1429,2019-03-23 00:15:58,0.290
1430,2019-03-23 00:16:00,0.286
1431,2019-03-23 00:16:02,0.291
1432,2019-03-23 00:16:02,0.213
1433,2019-03-23 00:16:04,0.214
1434,2019-03-23 00:16:04,0.279
1435,2019-03-23 00:16:05,0.299
1436,2019-03-23 00:16:05,0.297
1437,2019-03-23 00:16:05,0.275
1438,2019-03-23 00:16:06,0.283
1439,2019-03-23 00:16:06,0.326
1440,2019-03-23 00:16:06,0.290
1441,2019-03-23 00:16:08,0.279
1442,2019-03-23 00:16:08,0.275
1443,2019-03-23 00:16:08,0.213
1444,2019-03-23 00:16:08,0.301
1445,2019-03-23 00:16:09,0.213
1446,2019-03-23 00:16:09,0.296
1447,2019-03-23 00:16:09,0.294
1448,2019-03-23 00:16:10,0.293
1449,2019-03-23 00:16:10,0.302
1450,2019-03-23 00:16:10,0.294
1451,2019-03-23 00:16:11,0.287
1452,2019-03-23 00:16:11,0.308
1453,2019-03-23 00:16:12,0.299
1454,2019-03-23 00:16:12,0.287
1455,2019-03-23 00:16:12,0.308
1456,2019-03-23 00:16:13,0.305
1457,2019-03-23 00:16:13,0.422
1458,2019-03-23 00:16:14,0.298
1459,2019-03-23 00:16:15,0.282
1460,2019-03-23 00:16:15,0.306
1461,2019-03-23 00:16:15,0.281
1462,2019-03-23 00:16:15,0.284
1463,2019-03-23 00:16:16,0.290
1464,2019-03-23 00:16:16,0.287
1465,2019-03-23 00:16:16,0.284
1466,2019-03-23 00:16:17,0.297
1467,2019-03-23 00:16:18,0.299
1468,2019-03-23 00:16:18,0.290
1469,2019-03-23 00:16:19,0.297
1470,2019-03-23 00:16:19,0.299
1471,2019-03-23 00:16:19,0.280
1472,2019-03-23 00:16:20,0.284
1473,2019-03-23 00:16:21,0.292
1474,2019-03-23 00:16:21,0.301
1475,2019-03-23 00:16:21,0.213
1476,2019-03-23 00:16:22,0.302
1477,2019-03-23 00:16:23,0.295
1478,2019-03-23 00:16:24,0.213
1479,2019-03-23 00:16:24,0.300
1480,2019-03-23 00:16:24,0.294
1481,2019-03-23 00:16:25,0.290
1482,2019-03-23 00:16:25,0.291
1483,2019-03-23 00:16:25,0.313
1484,2019-03-23 00:16:25,0.294
1485,2019-03-23 00:16:26,0.292
1486,2019-03-23 00:16:26,0.294
1487,2019-03-23 00:16:26,0.210
1488,2019-03-23 00:16:27,0.293
1489,2019-03-23 00:16:27,0.296
1490,2019-03-23 00:16:27,0.286
1491,2019-03-23 00:16:28,0.292
1492,2019-03-23 00:16:29,0.304
1493,2019-03-23 00:16:29,0.289
1494,2019-03-23 00:16:30,0.213
1495,2019-03-23 00:16:30,0.306
1496,2019-03-23 00:16:31,0.288
1497,2019-03-23 00:16:32,0.298
1498,2019-03-23 00:16:32,0.282
1499,2019-03-23 00:16:32,0.303
1500,2019-03-23 00:16:32,0.292
1501,2019-03-23 00:16:33,0.294
1502,2019-03-23 00:16:33,0.296
1503,2019-03-23 00:16:33,0.296
1504,2019-03-23 00:16:34,0.296
1505,2019-03-23 00:16:34,0.295
1506,2019-03-23 00:16:34,0.292
1507,2019-03-23 00:16:35,0.292
1508,2019-03-23 00:16:35,0.283
1509,2019-03-23 00:16:35,0.211
1510,2019-03-23 00:16:35,0.294
1511,2019-03-23 00:16:36,0.303
1512,2019-03-23 00:16:37,0.288
1513,2019-03-23 00:16:37,0.298
1514,2019-03-23 00:16:37,0.285
1515,2019-03-23 00:16:39,0.297
1516,2019-03-23 00:16:39,0.278
1517,2019-03-23 00:16:39,0.288
1518,2019-03-23 00:16:39,0.313
1519,2019-03-23 00:16:41,0.307
1520,2019-03-23 00:16:41,0.305
1521,2019-03-23 00:16:41,0.290
1522,2019-03-23 00:16:42,0.286
1523,2019-03-23 00:16:43,0.308
1524,2019-03-23 00:16:44,0.295
1525,2019-03-23 00:16:45,0.299
1526,2019-03-23 00:16:45,0.312
1527,2019-03-23 00:16:45,0.298
1528,2019-03-23 00:16:45,0.293
1529,2019-03-23 00:16:46,0.304
1530,2019-03-23 00:16:47,0.214
1531,2019-03-23 00:16:47,0.289
1532,2019-03-23 00:16:47,0.290
1533,2019-03-23 00:16:48,0.301
1534,2019-03-23 00:16:48,0.296
1535,2019-03-23 00:16:49,0.289
1536,2019-03-23 00:16:49,0.272
1537,2019-03-23 00:16:49,0.287
1538,2019-03-23 00:16:50,0.298
1539,2019-03-23 00:16:50,0.292
1540,2019-03-23 00:16:50,0.292
1541,2019-03-23 00:16:51,0.298
1542,2019-03-23 00:16:52,0.290
1543,2019-03-23 00:16:53,0.213
1544,2019-03-23 00:16:53,0.289
1545,2019-03-23 00:16:53,0.300
1546,2019-03-23 00:16:56,0.287
1547,2019-03-23 00:16:56,0.299
1548,2019-03-23 00:16:57,0.303
1549,2019-03-23 00:16:57,0.281
1550,2019-03-23 00:16:57,0.283
1551,2019-03-23 00:16:58,0.299
1552,2019-03-23 00:16:58,0.294
1553,2019-03-23 00:16:59,0.279
1554,2019-03-23 00:16:59,0.295
1555,2019-03-23 00:16:59,0.297
1556,2019-03-23 00:17:00,0.292
1557,2019-03-23 00:17:00,0.294
1558,2019-03-23 00:17:00,0.291
1559,2019-03-23 00:17:01,0.302
1560,2019-03-23 00:17:02,0.213
1561,2019-03-23 00:17:03,0.294
1562,2019-03-23 00:17:03,0.285
1563,2019-03-23 00:17:03,0.285
1564,2019-03-23 00:17:04,0.295
1565,2019-03-23 00:17:05,0.282
1566,2019-03-23 00:17:05,0.293
1567,2019-03-23 00:17:06,0.305
1568,2019-03-23 00:17:06,0.303
1569,2019-03-23 00:17:07,0.298
1570,2019-03-23 00:17:08,0.289
1571,2019-03-23 00:17:08,0.290
1572,2019-03-23 00:17:08,0.288
1573,2019-03-23 00:17:08,0.291
1574,2019-03-23 00:17:09,0.293
1575,2019-03-23 00:17:09,0.304
1576,2019-03-23 00:17:10,0.301
1577,2019-03-23 00:17:11,0.297
1578,2019-03-23 00:17:11,0.300
1579,2019-03-23 00:17:13,0.295
1580,2019-03-23 00:17:13,0.309
1581,2019-03-23 00:17:13,0.299
1582,2019-03-23 00:17:14,0.305
1583,2019-03-23 00:17:14,0.297
1584,2019-03-23 00:17:15,0.313
1585,2019-03-23 00:17:16,0.301
1586,2019-03-23 00:17:16,0.292
1587,2019-03-23 00:17:17,0.302
1588,2019-03-23 00:17:18,0.298
1589,2019-03-23 00:17:18,0.286
1590,2019-03-23 00:17:19,0.293
1591,2019-03-23 00:17:19,0.295
1592,2019-03-23 00:17:20,0.291
1593,2019-03-23 00:17:20,0.296
1594,2019-03-23 00:17:20,0.298
1595,2019-03-23 00:17:21,0.294
1596,2019-03-23 00:17:21,0.293
1597,2019-03-23 00:17:21,0.299
1598,2019-03-23 00:17:21,0.287
1599,2019-03-23 00:17:22,0.295
1600,2019-03-23 00:17:23,0.299
1601,2019-03-23 00:17:23,0.295
1602,2019-03-23 00:17:23,0.283
1603,2019-03-23 00:17:23,0.320
1604,2019-03-23 00:17:24,0.213
1605,2019-03-23 00:17:24,0.283
1606,2019-03-23 00:17:25,0.297
1607,2019-03-23 00:17:26,0.303
1608,2019-03-23 00:17:26,0.302
1609,2019-03-23 00:17:27,0.308
1610,2019-03-23 00:17:27,0.300
1611,2019-03-23 00:19:58,0.292
1612,2019-03-23 00:19:58,0.294
1613,2019-03-23 00:19:58,0.297
1614,2019-03-23 00:19:58,0.276
1615,2019-03-23 00:19:59,0.296
1616,2019-03-23 00:19:59,0.309
1617,2019-03-23 00:19:59,0.287
1618,2019-03-23 00:19:59,0.286
1619,2019-03-23 00:19:59,0.278
1620,2019-03-23 00:20:00,0.289
1621,2019-03-23 00:20:00,0.307
1622,2019-03-23 00:20:00,0.297
1623,2019-03-23 00:20:00,0.288
1624,2019-03-23 00:20:00,0.295
1625,2019-03-23 00:20:01,0.296
1626,2019-03-23 00:20:01,0.297
1627,2019-03-23 00:20:01,0.294
1628,2019-03-23 00:20:01,0.297
1629,2019-03-23 00:20:01,0.293
1630,2019-03-23 00:20:02,0.274
1631,2019-03-23 00:20:02,0.285
1632,2019-03-23 00:20:02,0.284
1633,2019-03-23 00:20:02,0.285
1634,2019-03-23 00:20:02,0.287
1635,2019-03-23 00:20:02,0.211
1636,2019-03-23 00:20:03,0.281
1637,2019-03-23 00:20:03,0.278
1638,2019-03-23 00:20:03,0.284
1639,2019-03-23 00:20:03,0.284
1640,2019-03-23 00:20:03,0.289
1641,2019-03-23 00:20:03,0.287
1642,2019-03-23 00:20:03,0.298
1643,2019-03-23 00:20:04,0.286
1644,2019-03-23 00:20:04,0.288
1645,2019-03-23 00:20:04,0.213
1646,2019-03-23 00:20:04,0.306
1647,2019-03-23 00:20:04,0.299
1648,2019-03-23 00:20:05,0.284
1649,2019-03-23 00:20:05,0.284
1650,2019-03-23 00:20:05,0.293
1651,2019-03-23 00:20:05,0.289
1652,2019-03-23 00:20:05,0.292
1653,2019-03-23 00:20:05,0.297
1654,2019-03-23 00:20:06,0.284
1655,2019-03-23 00:20:06,0.288
1656,2019-03-23 00:20:06,0.299
1657,2019-03-23 00:20:07,0.293
1658,2019-03-23 00:20:07,0.213
1659,2019-03-23 00:20:07,0.288
1660,2019-03-23 00:20:07,0.291
1661,2019-03-23 00:20:08,0.298
1662,2019-03-23 00:20:08,0.296
1663,2019-03-23 00:20:08,0.290
1664,2019-03-23 00:20:09,0.292
1665,2019-03-23 00:20:09,0.279
1666,2019-03-23 00:20:09,0.281
1667,2019-03-23 00:20:09,0.289
1668,2019-03-23 00:20:09,0.301
1669,2019-03-23 00:20:10,0.277
1670,2019-03-23 00:20:10,0.297
1671,2019-03-23 00:20:11,0.290
1672,2019-03-23 00:20:11,0.298
1673,2019-03-23 00:20:12,0.286
1674,2019-03-23 00:20:12,0.288
1675,2019-03-23 00:20:12,0.282
1676,2019-03-23 00:20:12,0.282
1677,2019-03-23 00:20:13,0.288
1678,2019-03-23 00:20:13,0.281
1679,2019-03-23 00:20:13,0.443
1680,2019-03-23 00:20:13,0.298
1681,2019-03-23 00:20:13,0.212
1682,2019-03-23 00:20:14,0.288
1683,2019-03-23 00:20:15,0.320
1684,2019-03-23 00:20:15,0.213
1685,2019-03-23 00:20:16,0.297
1686,2019-03-23 00:20:16,0.294
1687,2019-03-23 00:20:16,0.292
1688,2019-03-23 00:20:17,0.301
1689,2019-03-23 00:20:17,0.292
1690,2019-03-23 00:20:17,0.291
1691,2019-03-23 00:20:17,0.302
1692,2019-03-23 00:20:18,0.294
1693,2019-03-23 00:20:18,0.306
1694,2019-03-23 00:20:18,0.212
1695,2019-03-23 00:20:18,0.302
1696,2019-03-23 00:20:19,0.288
1697,2019-03-23 00:20:19,0.294
1698,2019-03-23 00:20:20,0.297
1699,2019-03-23 00:20:21,0.278
1700,2019-03-23 00:20:21,0.309
1701,2019-03-23 00:20:21,0.302
1702,2019-03-23 00:20:23,0.291
1703,2019-03-23 00:20:24,0.296
1704,2019-03-23 00:20:24,0.297
1705,2019-03-23 00:20:24,0.208
1706,2019-03-23 00:20:25,0.286
1707,2019-03-23 00:20:25,0.288
1708,2019-03-23 00:20:25,0.295
1709,2019-03-23 00:20:25,0.303
1710,2019-03-23 00:20:25,0.281
1711,2019-03-23 00:20:26,0.298
1712,2019-03-23 00:20:27,0.284
1713,2019-03-23 00:20:27,0.292
1714,2019-03-23 00:20:27,0.299
1715,2019-03-23 00:20:27,0.300
1716,2019-03-23 00:20:27,0.287
1717,2019-03-23 00:20:29,0.300
1718,2019-03-23 00:20:29,0.295
1719,2019-03-23 00:20:31,0.281
1720,2019-03-23 00:20:31,0.298
1721,2019-03-23 00:20:31,0.287
1722,2019-03-23 00:20:31,0.293
1723,2019-03-23 00:20:32,0.297
1724,2019-03-23 00:20:32,0.299
1725,2019-03-23 00:20:32,0.295
1726,2019-03-23 00:20:33,0.296
1727,2019-03-23 00:20:33,0.297
1728,2019-03-23 00:20:33,0.212
1729,2019-03-23 00:20:34,0.294
1730,2019-03-23 00:20:35,0.283
1731,2019-03-23 00:20:35,0.297
1732,2019-03-23 00:20:36,0.296
1733,2019-03-23 00:20:36,0.296
1734,2019-03-23 00:20:36,0.284
1735,2019-03-23 00:20:36,0.295
1736,2019-03-23 00:20:37,0.212
1737,2019-03-23 00:20:37,0.299
1738,2019-03-23 00:20:38,0.290
1739,2019-03-23 00:20:38,0.298
1740,2019-03-23 00:20:38,0.286
1741,2019-03-23 00:20:39,0.299
1742,2019-03-23 00:20:39,0.287
1743,2019-03-23 00:20:39,0.297
1744,2019-03-23 00:20:41,0.281
1745,2019-03-23 00:20:42,0.295
1746,2019-03-23 00:20:42,0.212
1747,2019-03-23 00:20:43,0.293
1748,2019-03-23 00:20:44,0.289
1749,2019-03-23 00:20:44,0.293
1750,2019-03-23 00:20:44,0.299
1751,2019-03-23 00:20:45,0.290
1752,2019-03-23 00:20:46,0.298
1753,2019-03-23 00:20:47,0.300
1754,2019-03-23 00:20:47,0.304
1755,2019-03-23 00:20:49,0.297
1756,2019-03-23 00:20:49,0.281
1757,2019-03-23 00:20:49,0.308
1758,2019-03-23 00:20:51,0.303
1759,2019-03-23 00:20:51,0.308
1760,2019-03-23 00:20:51,0.279
1761,2019-03-23 00:20:51,0.301
1762,2019-03-23 00:20:52,0.289
1763,2019-03-23 00:20:53,0.279
1764,2019-03-23 00:20:53,0.288
1765,2019-03-23 00:20:55,0.292
1766,2019-03-23 00:20:55,0.292
1767,2019-03-23 00:20:56,0.290
1768,2019-03-23 00:20:56,0.284
1769,2019-03-23 00:20:57,0.302
1770,2019-03-23 00:20:58,0.289
1771,2019-03-23 00:20:59,0.291
1772,2019-03-23 00:20:59,0.215
1773,2019-03-23 00:21:00,0.208
1774,2019-03-23 00:21:00,0.295
1775,2019-03-23 00:21:00,0.291
1776,2019-03-23 00:21:01,0.304
1777,2019-03-23 00:21:02,0.290
1778,2019-03-23 00:21:02,0.296
1779,2019-03-23 00:21:04,0.326
1780,2019-03-23 00:21:04,0.299
1781,2019-03-23 00:21:05,0.304
1782,2019-03-23 00:21:05,0.307
1783,2019-03-23 00:21:06,0.308
1784,2019-03-23 00:21:06,0.298
1785,2019-03-23 00:21:07,0.282
1786,2019-03-23 00:21:07,0.285
1787,2019-03-23 00:21:07,0.297
1788,2019-03-23 00:21:08,0.297
1789,2019-03-23 00:21:09,0.295
1790,2019-03-23 00:21:11,0.303
1791,2019-03-23 00:21:12,0.291
1792,2019-03-23 00:21:13,0.293
1793,2019-03-23 00:21:13,0.291
1794,2019-03-23 00:21:16,0.304
1795,2019-03-23 00:21:17,0.303
1796,2019-03-23 00:21:18,0.299
1797,2019-03-23 00:21:18,0.292
1798,2019-03-23 00:21:18,0.292
1799,2019-03-23 00:21:19,0.293
1800,2019-03-23 00:21:19,0.308
1801,2019-03-23 00:21:19,0.289
1802,2019-03-23 00:21:20,0.299
1803,2019-03-23 00:21:20,0.285
1804,2019-03-23 00:21:21,0.299
1805,2019-03-23 00:21:21,0.303
1806,2019-03-23 00:21:22,0.280
1807,2019-03-23 00:21:23,0.294
1808,2019-03-23 00:21:24,0.318
1809,2019-03-23 00:21:24,0.301
1810,2019-03-23 00:21:25,0.298
1811,2019-03-23 00:21:26,0.300
1812,2019-03-23 00:21:26,0.294
1813,2019-03-23 00:21:26,0.295
1814,2019-03-23 00:21:27,0.288
1815,2019-03-23 00:21:27,0.280
1816,2019-03-23 00:21:28,0.298
1817,2019-03-23 00:21:30,0.301
1818,2019-03-23 00:21:30,0.291
1819,2019-03-23 00:21:31,0.295
1820,2019-03-23 00:21:31,0.292
1821,2019-03-23 00:21:32,0.300
1822,2019-03-23 00:21:33,0.294
1823,2019-03-23 00:21:34,0.290
1824,2019-03-23 00:21:34,0.340
1825,2019-03-23 00:21:35,0.306
1826,2019-03-23 00:21:36,0.288
1827,2019-03-23 00:21:36,0.302
1828,2019-03-23 00:21:37,0.294
1829,2019-03-23 00:21:37,0.322
1830,2019-03-23 00:21:37,0.292
1831,2019-03-23 00:21:38,0.293
1832,2019-03-23 00:21:38,0.306
1833,2019-03-23 00:21:39,0.295
1834,2019-03-23 00:21:39,0.296
1835,2019-03-23 00:21:39,0.302
1836,2019-03-23 00:21:41,0.295
1837,2019-03-23 00:21:41,0.295
1838,2019-03-23 00:21:42,0.290
1839,2019-03-23 00:21:43,0.295
1840,2019-03-23 00:21:44,0.285
1841,2019-03-23 00:21:45,0.290
1842,2019-03-23 00:21:45,0.291
1843,2019-03-23 00:21:45,0.294
1844,2019-03-23 00:21:46,0.377
1845,2019-03-23 00:21:46,0.295
1846,2019-03-23 00:21:47,0.307
1847,2019-03-23 00:21:47,0.290
1848,2019-03-23 00:21:48,0.292
1849,2019-03-23 00:21:48,0.296
1850,2019-03-23 00:21:49,0.282
1851,2019-03-23 00:21:50,0.214
1852,2019-03-23 00:21:50,0.287
1853,2019-03-23 00:21:51,0.287
1854,2019-03-23 00:21:51,0.299
1855,2019-03-23 00:21:51,0.292
1856,2019-03-23 00:21:52,0.290
1857,2019-03-23 00:21:53,0.288
1858,2019-03-23 00:21:53,0.289
1859,2019-03-23 00:21:53,0.277
1860,2019-03-23 00:21:54,0.300
1861,2019-03-23 00:21:54,0.285
1862,2019-03-23 00:21:55,0.291
1863,2019-03-23 00:21:55,0.289
1864,2019-03-23 00:21:55,0.304
1865,2019-03-23 00:21:55,0.297
1866,2019-03-23 00:21:56,0.292
1867,2019-03-23 00:21:56,0.290
1868,2019-03-23 00:21:56,0.305
1869,2019-03-23 00:21:57,0.293
1870,2019-03-23 00:21:58,0.286
1871,2019-03-23 00:21:58,0.366
1872,2019-03-23 00:21:58,0.294
1873,2019-03-23 00:21:58,0.283
1874,2019-03-23 00:21:59,0.278
1875,2019-03-23 00:22:00,0.281
1876,2019-03-23 00:22:00,0.298
1877,2019-03-23 00:22:00,0.298
1878,2019-03-23 00:22:01,0.302
1879,2019-03-23 00:22:01,0.302
1880,2019-03-23 00:22:02,0.283
1881,2019-03-23 00:22:03,0.291
1882,2019-03-23 00:22:03,0.287
1883,2019-03-23 00:22:03,0.400
1884,2019-03-23 00:22:04,0.296
1885,2019-03-23 00:22:04,0.299
1886,2019-03-23 00:22:04,0.293
1887,2019-03-23 00:22:05,0.295
1888,2019-03-23 00:22:05,0.281
1889,2019-03-23 00:22:06,0.288
1890,2019-03-23 00:22:06,0.296
1891,2019-03-23 00:22:07,0.292
1892,2019-03-23 00:22:07,0.283
1893,2019-03-23 00:22:07,0.293
1894,2019-03-23 00:22:07,0.293
1895,2019-03-23 00:22:08,0.278
1896,2019-03-23 00:22:08,0.288
1897,2019-03-23 00:22:08,0.282
1898,2019-03-23 00:22:09,0.299
1899,2019-03-23 00:22:09,0.302
1900,2019-03-23 00:22:09,0.279
1901,2019-03-23 00:22:10,0.354
1902,2019-03-23 00:22:10,0.214
1903,2019-03-23 00:22:10,0.294
1904,2019-03-23 00:22:11,0.299
1905,2019-03-23 00:22:12,0.313
1906,2019-03-23 00:22:12,0.298
1907,2019-03-23 00:22:12,0.212
1908,2019-03-23 00:22:13,0.297
1909,2019-03-23 00:22:13,0.334
1910,2019-03-23 00:22:14,0.289
1911,2019-03-23 00:22:14,0.208
1912,2019-03-23 00:22:15,0.287
1913,2019-03-23 00:22:15,0.296
1914,2019-03-23 00:22:17,0.301
1915,2019-03-23 00:22:17,0.296
1916,2019-03-23 00:22:17,0.287
1917,2019-03-23 00:22:18,0.297
1918,2019-03-23 00:22:18,0.283
1919,2019-03-23 00:22:19,0.298
1920,2019-03-23 00:22:20,0.293
1921,2019-03-23 00:22:20,0.300
1922,2019-03-23 00:22:21,0.300
1923,2019-03-23 00:22:22,0.291
1924,2019-03-23 00:22:22,0.303
1925,2019-03-23 00:22:24,0.286
1926,2019-03-23 00:22:24,0.291
1927,2019-03-23 00:22:25,0.297
1928,2019-03-23 00:22:25,0.303
1929,2019-03-23 00:22:26,0.302
1930,2019-03-23 00:22:28,0.283
1931,2019-03-23 00:22:28,0.290
1932,2019-03-23 00:22:29,0.280
1933,2019-03-23 00:22:30,0.303
1934,2019-03-23 00:22:30,0.289
1935,2019-03-23 00:22:31,0.313
1936,2019-03-23 00:22:31,0.297
1937,2019-03-23 00:22:32,0.212
1938,2019-03-23 00:22:33,0.213
1939,2019-03-23 00:22:34,0.281
1940,2019-03-23 00:22:34,0.288
1941,2019-03-23 00:22:35,0.295
1942,2019-03-23 00:22:35,0.304
1943,2019-03-23 00:22:35,0.298
1944,2019-03-23 00:22:36,0.297
1945,2019-03-23 00:22:36,0.281
1946,2019-03-23 00:22:37,0.303
1947,2019-03-23 00:22:37,0.305
1948,2019-03-23 00:22:37,0.282
1949,2019-03-23 00:22:38,0.296
1950,2019-03-23 00:22:39,0.294
1951,2019-03-23 00:22:39,0.301
1952,2019-03-23 00:22:39,0.292
1953,2019-03-23 00:22:40,0.310
1954,2019-03-23 00:22:40,0.292
1955,2019-03-23 00:22:40,0.279
1956,2019-03-23 00:22:40,0.275
1957,2019-03-23 00:22:40,0.213
1958,2019-03-23 00:22:41,0.287
1959,2019-03-23 00:22:42,0.297
1960,2019-03-23 00:22:42,0.307
1961,2019-03-23 00:22:42,0.284
1962,2019-03-23 00:22:43,0.291
1963,2019-03-23 00:22:44,0.298
1964,2019-03-23 00:22:44,0.291
1965,2019-03-23 00:22:44,0.291
1966,2019-03-23 00:22:44,0.285
1967,2019-03-23 00:22:45,0.212
1968,2019-03-23 00:22:45,0.297
1969,2019-03-23 00:22:46,0.290
1970,2019-03-23 00:22:46,0.293
1971,2019-03-23 00:22:47,0.293
1972,2019-03-23 00:22:47,0.299
1973,2019-03-23 00:22:47,0.294
1974,2019-03-23 00:22:48,0.295
1975,2019-03-23 00:22:48,0.213
1976,2019-03-23 00:22:49,0.292
1977,2019-03-23 00:22:49,0.300
1978,2019-03-23 00:22:50,0.295
1979,2019-03-23 00:22:52,0.298
1980,2019-03-23 00:22:52,0.298
1981,2019-03-23 00:22:52,0.295
1982,2019-03-23 00:22:54,0.297
1983,2019-03-23 00:22:55,0.287
1984,2019-03-23 00:22:56,0.306
1985,2019-03-23 00:22:57,0.291
1986,2019-03-23 00:22:57,0.289
1987,2019-03-23 00:22:58,0.285
1988,2019-03-23 00:22:58,0.233
1989,2019-03-23 00:22:59,0.293
1990,2019-03-23 00:22:59,0.294
1991,2019-03-23 00:23:00,0.294
1992,2019-03-23 00:23:00,0.294
1993,2019-03-23 00:23:01,0.288
1994,2019-03-23 00:23:01,0.292
1995,2019-03-23 00:23:02,0.286
1996,2019-03-23 00:23:02,0.291
1997,2019-03-23 00:23:03,0.306
1998,2019-03-23 00:23:03,0.298
1999,2019-03-23 00:23:04,0.307
2000,2019-03-23 00:23:04,0.295
2001,2019-03-23 00:23:05,0.213
2002,2019-03-23 00:23:05,0.288
2003,2019-03-23 00:23:05,0.292
2004,2019-03-23 00:23:06,0.295
2005,2019-03-23 00:23:07,0.296
2006,2019-03-23 00:23:07,0.301
2007,2019-03-23 00:23:08,0.291
2008,2019-03-23 00:23:09,0.305
2009,2019-03-23 00:23:09,0.299
2010,2019-03-23 00:23:09,0.285
2011,2019-03-23 00:23:10,0.302
2012,2019-03-23 00:23:11,0.296
2013,2019-03-23 00:23:12,0.285
2014,2019-03-23 00:23:13,0.311
2015,2019-03-23 00:23:13,0.294
2016,2019-03-23 00:23:14,0.292
2017,2019-03-23 00:23:14,0.304
2018,2019-03-23 00:23:14,0.288
2019,2019-03-23 00:23:15,0.290
2020,2019-03-23 00:23:16,0.301
2021,2019-03-23 00:23:17,0.300
2022,2019-03-23 00:23:17,0.288
2023,2019-03-23 00:23:17,0.295
2024,2019-03-23 00:23:17,0.302
2025,2019-03-23 00:23:18,0.281
2026,2019-03-23 00:23:18,0.307
2027,2019-03-23 00:23:18,0.213
2028,2019-03-23 00:23:18,0.300
2029,2019-03-23 00:23:19,0.284
2030,2019-03-23 00:23:19,0.287
2031,2019-03-23 00:23:19,0.287
2032,2019-03-23 00:23:20,0.287
2033,2019-03-23 00:23:20,0.304
2034,2019-03-23 00:23:21,0.289
2035,2019-03-23 00:23:21,0.290
2036,2019-03-23 00:23:22,0.298
2037,2019-03-23 00:23:22,0.303
2038,2019-03-23 00:23:23,0.215
2039,2019-03-23 00:23:23,0.294
2040,2019-03-23 00:23:24,0.284
2041,2019-03-23 00:23:24,0.306
2042,2019-03-23 00:23:25,0.308
2043,2019-03-23 00:23:25,0.291
2044,2019-03-23 00:23:26,0.305
2045,2019-03-23 00:23:27,0.293
2046,2019-03-23 00:23:27,0.366
2047,2019-03-23 00:23:28,0.308
2048,2019-03-23 00:23:29,0.284
2049,2019-03-23 00:23:29,0.288
2050,2019-03-23 00:23:30,0.310
2051,2019-03-23 00:23:30,0.297
2052,2019-03-23 00:23:32,0.297
2053,2019-03-23 00:23:32,0.297
2054,2019-03-23 00:23:32,0.293
2055,2019-03-23 00:23:33,0.293
2056,2019-03-23 00:23:33,0.298
2057,2019-03-23 00:23:33,0.292
2058,2019-03-23 00:23:34,0.299
2059,2019-03-23 00:23:35,0.300
2060,2019-03-23 00:23:35,0.288
2061,2019-03-23 00:23:35,0.300
2062,2019-03-23 00:23:36,0.303
2063,2019-03-23 00:23:36,0.340
2064,2019-03-23 00:23:36,0.292
2065,2019-03-23 00:23:37,0.298
2066,2019-03-23 00:23:38,0.288
2067,2019-03-23 00:23:38,0.296
2068,2019-03-23 00:23:38,0.295
2069,2019-03-23 00:23:39,0.286
2070,2019-03-23 00:23:39,0.297
2071,2019-03-23 00:23:40,0.295
2072,2019-03-23 00:23:40,0.291
2073,2019-03-23 00:23:41,0.295
2074,2019-03-23 00:23:42,0.299
2075,2019-03-23 00:23:43,0.287
2076,2019-03-23 00:23:43,0.302
2077,2019-03-23 00:23:43,0.297
2078,2019-03-23 00:23:44,0.289
2079,2019-03-23 00:23:45,0.290
2080,2019-03-23 00:23:45,0.295
2081,2019-03-23 00:23:46,0.307
2082,2019-03-23 00:23:46,0.294
2083,2019-03-23 00:23:47,0.298
2084,2019-03-23 00:23:47,0.284
2085,2019-03-23 00:23:48,0.303
2086,2019-03-23 00:23:48,0.286
2087,2019-03-23 00:23:48,0.303
2088,2019-03-23 00:23:49,0.287
2089,2019-03-23 00:23:50,0.290
2090,2019-03-23 00:23:50,0.299
2091,2019-03-23 00:23:50,0.294
2092,2019-03-23 00:23:51,0.288
2093,2019-03-23 00:23:52,0.299
2094,2019-03-23 00:23:52,0.289
2095,2019-03-23 00:23:52,0.288
2096,2019-03-23 00:23:52,0.213
2097,2019-03-23 00:23:53,0.350
2098,2019-03-23 00:23:53,0.289
2099,2019-03-23 00:23:54,0.298
2100,2019-03-23 00:23:54,0.284
2101,2019-03-23 00:23:54,0.286
2102,2019-03-23 00:23:55,0.292
2103,2019-03-23 00:23:55,0.287
2104,2019-03-23 00:23:55,0.298
2105,2019-03-23 00:23:56,0.296
2106,2019-03-23 00:23:56,0.289
2107,2019-03-23 00:23:57,0.302
2108,2019-03-23 00:23:58,0.302
2109,2019-03-23 00:23:58,0.352
2110,2019-03-23 00:23:59,0.302
2111,2019-03-23 00:24:00,0.302
2112,2019-03-23 00:24:01,0.290
2113,2019-03-23 00:24:01,0.302
2114,2019-03-23 00:24:02,0.289
2115,2019-03-23 00:24:02,0.196
2116,2019-03-23 00:24:02,0.293
2117,2019-03-23 00:24:03,0.297
2118,2019-03-23 00:24:04,0.289
2119,2019-03-23 00:24:04,0.188
2120,2019-03-23 00:24:04,0.297
2121,2019-03-23 00:24:05,0.295
2122,2019-03-23 00:24:05,0.298
2123,2019-03-23 00:24:06,0.299
2124,2019-03-23 00:24:07,0.281
2125,2019-03-23 00:24:07,0.302
2126,2019-03-23 00:24:08,0.291
2127,2019-03-23 00:24:08,0.295
2128,2019-03-23 00:24:10,0.288
2129,2019-03-23 00:24:11,0.288
2130,2019-03-23 00:24:11,0.292
2131,2019-03-23 00:24:11,0.334
2132,2019-03-23 00:24:11,0.307
2133,2019-03-23 00:24:12,0.296
2134,2019-03-23 00:24:12,0.289
2135,2019-03-23 00:24:13,0.290
2136,2019-03-23 00:24:13,0.287
2137,2019-03-23 00:24:13,0.287
2138,2019-03-23 00:24:13,0.296
2139,2019-03-23 00:24:14,0.288
2140,2019-03-23 00:24:14,0.285
2141,2019-03-23 00:24:16,0.290
2142,2019-03-23 00:24:18,0.291
2143,2019-03-23 00:24:18,0.284
2144,2019-03-23 00:24:19,0.212
2145,2019-03-23 00:24:20,0.213
2146,2019-03-23 00:24:20,0.295
2147,2019-03-23 00:24:21,0.295
2148,2019-03-23 00:24:22,0.298
2149,2019-03-23 00:24:24,0.298
2150,2019-03-23 00:24:24,0.292
2151,2019-03-23 00:24:24,0.288
2152,2019-03-23 00:24:24,0.286
2153,2019-03-23 00:24:25,0.274
2154,2019-03-23 00:24:25,0.299
2155,2019-03-23 00:24:25,0.299
2156,2019-03-23 00:24:25,0.301
2157,2019-03-23 00:24:25,0.289
2158,2019-03-23 00:24:26,0.295
2159,2019-03-23 00:24:27,0.298
2160,2019-03-23 00:24:27,0.291
2161,2019-03-23 00:24:27,0.286
2162,2019-03-23 00:24:28,0.304
2163,2019-03-23 00:24:28,0.291
2164,2019-03-23 00:24:29,0.299
2165,2019-03-23 00:24:29,0.308
2166,2019-03-23 00:24:29,0.306
2167,2019-03-23 00:24:30,0.296
2168,2019-03-23 00:24:30,0.293
2169,2019-03-23 00:24:30,0.292
2170,2019-03-23 00:24:31,0.291
2171,2019-03-23 00:24:31,0.290
2172,2019-03-23 00:24:31,0.294
2173,2019-03-23 00:24:32,0.296
2174,2019-03-23 00:24:33,0.301
2175,2019-03-23 00:24:33,0.316
2176,2019-03-23 00:24:34,0.300
2177,2019-03-23 00:24:34,0.299
2178,2019-03-23 00:24:35,0.295
2179,2019-03-23 00:24:35,0.288
2180,2019-03-23 00:24:36,0.303
2181,2019-03-23 00:24:36,0.290
2182,2019-03-23 00:24:37,0.300
2183,2019-03-23 00:24:38,0.288
2184,2019-03-23 00:24:39,0.301
2185,2019-03-23 00:24:39,0.207
2186,2019-03-23 00:24:39,0.292
2187,2019-03-23 00:24:39,0.213
2188,2019-03-23 00:24:40,0.311
2189,2019-03-23 00:24:41,0.361
2190,2019-03-23 00:24:41,0.213
2191,2019-03-23 00:24:42,0.305
2192,2019-03-23 00:24:42,0.293
2193,2019-03-23 00:24:43,0.287
2194,2019-03-23 00:24:43,0.298
2195,2019-03-23 00:24:44,0.295
2196,2019-03-23 00:24:45,0.290
2197,2019-03-23 00:24:45,0.211
2198,2019-03-23 00:24:45,0.292
2199,2019-03-23 00:24:46,0.310
2200,2019-03-23 00:24:46,0.370
2201,2019-03-23 00:24:47,0.303
2202,2019-03-23 00:24:47,0.295
2203,2019-03-23 00:24:47,0.288
2204,2019-03-23 00:24:47,0.290
2205,2019-03-23 00:24:47,0.295
2206,2019-03-23 00:24:48,0.301
2207,2019-03-23 00:24:48,0.297
2208,2019-03-23 00:24:48,0.310
2209,2019-03-23 00:24:49,0.292
2210,2019-03-23 00:24:49,0.279
2211,2019-03-23 00:24:49,0.295
2212,2019-03-23 00:24:50,0.285
2213,2019-03-23 00:24:51,0.301
2214,2019-03-23 00:24:52,0.299
2215,2019-03-23 00:24:52,0.288
2216,2019-03-23 00:24:52,0.290
2217,2019-03-23 00:24:52,0.305
2218,2019-03-23 00:24:54,0.294
2219,2019-03-23 00:24:54,0.294
2220,2019-03-23 00:24:56,0.293
2221,2019-03-23 00:24:56,0.319
2222,2019-03-23 00:24:56,0.284
2223,2019-03-23 00:24:56,0.289
2224,2019-03-23 00:24:57,0.213
2225,2019-03-23 00:24:58,0.307
2226,2019-03-23 00:24:58,0.293
2227,2019-03-23 00:24:59,0.298
2228,2019-03-23 00:24:59,0.301
2229,2019-03-23 00:24:59,0.295
2230,2019-03-23 00:24:59,0.286
2231,2019-03-23 00:24:59,0.287
2232,2019-03-23 00:24:59,0.288
2233,2019-03-23 00:24:59,0.216
2234,2019-03-23 00:25:00,0.286
2235,2019-03-23 00:25:00,0.294
2236,2019-03-23 00:25:01,0.306
2237,2019-03-23 00:25:01,0.295
2238,2019-03-23 00:25:01,0.295
2239,2019-03-23 00:25:01,0.303
2240,2019-03-23 00:25:04,0.299
2241,2019-03-23 00:25:04,0.302
2242,2019-03-23 00:25:05,0.296
2243,2019-03-23 00:25:05,0.306
2244,2019-03-23 00:25:06,0.295
2245,2019-03-23 00:25:06,0.296
2246,2019-03-23 00:25:07,0.293
2247,2019-03-23 00:25:07,0.304
2248,2019-03-23 00:25:08,0.298
2249,2019-03-23 00:25:08,0.287
2250,2019-03-23 00:25:08,0.291
2251,2019-03-23 00:25:08,0.294
2252,2019-03-23 00:25:09,0.298
2253,2019-03-23 00:25:10,0.294
2254,2019-03-23 00:25:10,0.289
2255,2019-03-23 00:25:14,0.305
2256,2019-03-23 00:25:15,0.290
2257,2019-03-23 00:25:16,0.288
2258,2019-03-23 00:25:16,0.305
2259,2019-03-23 00:25:16,0.281
2260,2019-03-23 00:25:16,0.287
2261,2019-03-23 00:25:17,0.295
2262,2019-03-23 00:25:17,0.286
2263,2019-03-23 00:25:17,0.292
2264,2019-03-23 00:25:19,0.287
2265,2019-03-23 00:25:20,0.292
2266,2019-03-23 00:25:20,0.289
2267,2019-03-23 00:25:20,0.287
2268,2019-03-23 00:25:20,0.291
2269,2019-03-23 00:25:21,0.293
2270,2019-03-23 00:25:21,0.219
2271,2019-03-23 00:25:22,0.277
2272,2019-03-23 00:25:23,0.291
2273,2019-03-23 00:25:24,0.284
2274,2019-03-23 00:25:24,0.308
2275,2019-03-23 00:25:24,0.292
2276,2019-03-23 00:25:25,0.297
2277,2019-03-23 00:25:26,0.293
2278,2019-03-23 00:25:26,0.289
2279,2019-03-23 00:25:26,0.306
2280,2019-03-23 00:25:27,0.357
2281,2019-03-23 00:25:27,0.295
2282,2019-03-23 00:25:28,0.293
2283,2019-03-23 00:25:29,0.329
2284,2019-03-23 00:25:29,0.293
2285,2019-03-23 00:25:29,0.290
2286,2019-03-23 00:25:30,0.300
2287,2019-03-23 00:25:30,0.297
2288,2019-03-23 00:25:31,0.348
2289,2019-03-23 00:25:31,0.302
2290,2019-03-23 00:25:32,0.308
2291,2019-03-23 00:25:32,0.293
2292,2019-03-23 00:25:34,0.295
2293,2019-03-23 00:25:34,0.294
2294,2019-03-23 00:25:34,0.294
2295,2019-03-23 00:25:36,0.291
2296,2019-03-23 00:25:36,0.293
2297,2019-03-23 00:25:37,0.304
2298,2019-03-23 00:25:37,0.297
2299,2019-03-23 00:25:37,0.303
2300,2019-03-23 00:25:39,0.285
2301,2019-03-23 00:25:39,0.302
2302,2019-03-23 00:25:40,0.278
2303,2019-03-23 00:25:40,0.282
2304,2019-03-23 00:25:41,0.304
2305,2019-03-23 00:25:41,0.296
2306,2019-03-23 00:25:42,0.300
2307,2019-03-23 00:25:43,0.294
2308,2019-03-23 00:25:43,0.300
2309,2019-03-23 00:25:43,0.297
2310,2019-03-23 00:25:43,0.307
2311,2019-03-23 00:25:45,0.283
2312,2019-03-23 00:25:45,0.310
2313,2019-03-23 00:25:46,0.305
2314,2019-03-23 00:25:46,0.292
2315,2019-03-23 00:25:46,0.296
2316,2019-03-23 00:25:47,0.293
2317,2019-03-23 00:25:47,0.340
2318,2019-03-23 00:25:48,0.299
2319,2019-03-23 00:25:48,0.212
2320,2019-03-23 00:25:48,0.302
2321,2019-03-23 00:25:49,0.299
2322,2019-03-23 00:25:49,0.304
2323,2019-03-23 00:25:50,0.296
2324,2019-03-23 00:25:52,0.295
2325,2019-03-23 00:25:52,0.299
2326,2019-03-23 00:25:53,0.301
2327,2019-03-23 00:25:53,0.282
2328,2019-03-23 00:25:53,0.298
2329,2019-03-23 00:25:53,0.298
2330,2019-03-23 00:25:53,0.298
2331,2019-03-23 00:25:54,0.302
2332,2019-03-23 00:25:54,0.292
2333,2019-03-23 00:25:55,0.213
2334,2019-03-23 00:25:56,0.293
2335,2019-03-23 00:25:57,0.212
2336,2019-03-23 00:25:57,0.295
2337,2019-03-23 00:25:57,0.302
2338,2019-03-23 00:25:58,0.301
2339,2019-03-23 00:25:59,0.299
2340,2019-03-23 00:25:59,0.288
2341,2019-03-23 00:25:59,0.280
2342,2019-03-23 00:25:59,0.217
2343,2019-03-23 00:26:00,0.296
2344,2019-03-23 00:26:00,0.292
2345,2019-03-23 00:26:01,0.278
2346,2019-03-23 00:26:02,0.210
2347,2019-03-23 00:26:04,0.290
2348,2019-03-23 00:26:04,0.293
2349,2019-03-23 00:26:05,0.286
2350,2019-03-23 00:26:05,0.290
2351,2019-03-23 00:26:07,0.285
2352,2019-03-23 00:26:07,0.302
2353,2019-03-23 00:26:08,0.295
2354,2019-03-23 00:26:08,0.289
2355,2019-03-23 00:26:09,0.212
2356,2019-03-23 00:26:09,0.286
2357,2019-03-23 00:26:09,0.299
2358,2019-03-23 00:26:10,0.291
2359,2019-03-23 00:26:11,0.291
2360,2019-03-23 00:26:11,0.278
2361,2019-03-23 00:26:12,0.308
2362,2019-03-23 00:26:12,0.296
2363,2019-03-23 00:26:13,0.291
2364,2019-03-23 00:26:13,0.297
2365,2019-03-23 00:26:14,0.295
2366,2019-03-23 00:26:14,0.301
2367,2019-03-23 00:26:16,0.298
2368,2019-03-23 00:26:16,0.287
2369,2019-03-23 00:26:17,0.284
2370,2019-03-23 00:26:17,0.295
2371,2019-03-23 00:26:18,0.215
2372,2019-03-23 00:26:18,0.294
2373,2019-03-23 00:26:19,0.236
2374,2019-03-23 00:26:19,0.285
2375,2019-03-23 00:26:20,0.280
2376,2019-03-23 00:26:21,0.289
2377,2019-03-23 00:26:21,0.294
2378,2019-03-23 00:26:22,0.212
2379,2019-03-23 00:26:22,0.214
2380,2019-03-23 00:26:22,0.300
2381,2019-03-23 00:26:22,0.297
2382,2019-03-23 00:26:24,0.302
2383,2019-03-23 00:26:24,0.307
2384,2019-03-23 00:26:25,0.295
2385,2019-03-23 00:26:26,0.213
2386,2019-03-23 00:26:26,0.283
2387,2019-03-23 00:26:27,0.289
2388,2019-03-23 00:26:27,0.294
2389,2019-03-23 00:26:31,0.299
2390,2019-03-23 00:26:31,0.297
2391,2019-03-23 00:26:31,0.306
2392,2019-03-23 00:26:32,0.291
2393,2019-03-23 00:26:32,0.296
2394,2019-03-23 00:26:32,0.297
2395,2019-03-23 00:26:32,0.292
2396,2019-03-23 00:26:33,0.293
2397,2019-03-23 00:26:33,0.281
2398,2019-03-23 00:26:33,0.302
2399,2019-03-23 00:26:33,0.308
2400,2019-03-23 00:26:35,0.291
2401,2019-03-23 00:26:35,0.307
2402,2019-03-23 00:26:35,0.294
2403,2019-03-23 00:26:36,0.303
2404,2019-03-23 00:26:36,0.285
2405,2019-03-23 00:26:36,0.288
2406,2019-03-23 00:26:37,0.296
2407,2019-03-23 00:26:38,0.290
2408,2019-03-23 00:26:39,0.316
2409,2019-03-23 00:26:40,0.292
2410,2019-03-23 00:26:41,0.297
2411,2019-03-23 00:26:42,0.291
2412,2019-03-23 00:26:42,0.292
2413,2019-03-23 00:26:43,0.289
2414,2019-03-23 00:26:43,0.302
2415,2019-03-23 00:26:43,0.338
2416,2019-03-23 00:26:44,0.291
2417,2019-03-23 00:26:45,0.282
2418,2019-03-23 00:26:46,0.295
2419,2019-03-23 00:26:46,0.293
2420,2019-03-23 00:29:20,0.292
2421,2019-03-23 00:29:20,0.299
2422,2019-03-23 00:29:21,0.292
2423,2019-03-23 00:29:21,0.297
2424,2019-03-23 00:29:21,0.293
2425,2019-03-23 00:29:21,0.310
2426,2019-03-23 00:29:21,0.298
2427,2019-03-23 00:29:21,0.283
2428,2019-03-23 00:29:21,0.309
2429,2019-03-23 00:29:22,0.298
2430,2019-03-23 00:29:22,0.322
2431,2019-03-23 00:29:22,0.285
2432,2019-03-23 00:29:22,0.287
2433,2019-03-23 00:29:22,0.302
2434,2019-03-23 00:29:22,0.293
2435,2019-03-23 00:29:22,0.298
2436,2019-03-23 00:29:23,0.290
2437,2019-03-23 00:29:23,0.300
2438,2019-03-23 00:29:23,0.341
2439,2019-03-23 00:29:23,0.292
2440,2019-03-23 00:29:23,0.314
2441,2019-03-23 00:29:24,0.297
2442,2019-03-23 00:29:24,0.283
2443,2019-03-23 00:29:24,0.291
2444,2019-03-23 00:29:24,0.290
2445,2019-03-23 00:29:24,0.298
2446,2019-03-23 00:29:24,0.300
2447,2019-03-23 00:29:25,0.284
2448,2019-03-23 00:29:25,0.287
2449,2019-03-23 00:29:25,0.289
2450,2019-03-23 00:29:25,0.308
2451,2019-03-23 00:29:25,0.296
2452,2019-03-23 00:29:25,0.298
2453,2019-03-23 00:29:26,0.274
2454,2019-03-23 00:29:26,0.291
2455,2019-03-23 00:29:26,0.296
2456,2019-03-23 00:29:26,0.287
2457,2019-03-23 00:29:26,0.289
2458,2019-03-23 00:29:26,0.280
2459,2019-03-23 00:29:27,0.297
2460,2019-03-23 00:29:27,0.270
2461,2019-03-23 00:29:27,0.320
2462,2019-03-23 00:29:27,0.307
2463,2019-03-23 00:29:27,0.280
2464,2019-03-23 00:29:27,0.290
2465,2019-03-23 00:29:28,0.300
2466,2019-03-23 00:29:28,0.295
2467,2019-03-23 00:29:28,0.291
2468,2019-03-23 00:29:28,0.321
2469,2019-03-23 00:29:29,0.284
2470,2019-03-23 00:29:30,0.286
2471,2019-03-23 00:29:30,0.291
2472,2019-03-23 00:29:30,0.288
2473,2019-03-23 00:29:31,0.301
2474,2019-03-23 00:29:31,0.296
2475,2019-03-23 00:29:31,0.213
2476,2019-03-23 00:29:31,0.297
2477,2019-03-23 00:29:32,0.297
2478,2019-03-23 00:29:32,0.230
2479,2019-03-23 00:29:32,0.290
2480,2019-03-23 00:29:33,0.288
2481,2019-03-23 00:29:33,0.290
2482,2019-03-23 00:29:33,0.305
2483,2019-03-23 00:29:33,0.299
2484,2019-03-23 00:29:33,0.292
2485,2019-03-23 00:29:33,0.284
2486,2019-03-23 00:29:33,0.203
2487,2019-03-23 00:29:33,0.213
2488,2019-03-23 00:29:34,0.303
2489,2019-03-23 00:29:34,0.282
2490,2019-03-23 00:29:34,0.287
2491,2019-03-23 00:29:34,0.425
2492,2019-03-23 00:29:34,0.294
2493,2019-03-23 00:29:35,0.213
2494,2019-03-23 00:29:35,0.296
2495,2019-03-23 00:29:35,0.285
2496,2019-03-23 00:29:36,0.290
2497,2019-03-23 00:29:36,0.299
2498,2019-03-23 00:29:36,0.293
2499,2019-03-23 00:29:37,0.311
2500,2019-03-23 00:29:37,0.297
2501,2019-03-23 00:29:37,0.294
2502,2019-03-23 00:29:38,0.291
2503,2019-03-23 00:29:38,0.278
2504,2019-03-23 00:29:38,0.293
2505,2019-03-23 00:29:38,0.288
2506,2019-03-23 00:29:38,0.294
2507,2019-03-23 00:29:39,0.291
2508,2019-03-23 00:29:39,0.293
2509,2019-03-23 00:29:39,0.292
2510,2019-03-23 00:29:40,0.336
2511,2019-03-23 00:29:41,0.284
2512,2019-03-23 00:29:41,0.280
2513,2019-03-23 00:29:41,0.283
2514,2019-03-23 00:29:41,0.293
2515,2019-03-23 00:29:41,0.212
2516,2019-03-23 00:29:42,0.293
2517,2019-03-23 00:29:42,0.300
2518,2019-03-23 00:29:43,0.278
2519,2019-03-23 00:29:43,0.277
2520,2019-03-23 00:29:43,0.293
2521,2019-03-23 00:29:43,0.300
2522,2019-03-23 00:29:44,0.280
2523,2019-03-23 00:29:44,0.214
2524,2019-03-23 00:29:44,0.306
2525,2019-03-23 00:29:45,0.287
2526,2019-03-23 00:29:45,0.296
2527,2019-03-23 00:29:45,0.295
2528,2019-03-23 00:29:45,0.301
2529,2019-03-23 00:29:45,0.286
2530,2019-03-23 00:29:46,0.287
2531,2019-03-23 00:29:47,0.334
2532,2019-03-23 00:29:47,0.300
2533,2019-03-23 00:29:47,0.288
2534,2019-03-23 00:29:48,0.281
2535,2019-03-23 00:29:48,0.301
2536,2019-03-23 00:29:48,0.300
2537,2019-03-23 00:29:49,0.292
2538,2019-03-23 00:29:49,0.296
2539,2019-03-23 00:29:49,0.281
2540,2019-03-23 00:29:49,0.279
2541,2019-03-23 00:29:49,0.300
2542,2019-03-23 00:29:49,0.280
2543,2019-03-23 00:29:49,0.283
2544,2019-03-23 00:29:51,0.306
2545,2019-03-23 00:29:51,0.305
2546,2019-03-23 00:29:51,0.300
2547,2019-03-23 00:29:52,0.280
2548,2019-03-23 00:29:52,0.301
2549,2019-03-23 00:29:53,0.302
2550,2019-03-23 00:29:54,0.303
2551,2019-03-23 00:29:54,0.297
2552,2019-03-23 00:29:55,0.381
2553,2019-03-23 00:29:57,0.283
2554,2019-03-23 00:29:58,0.270
2555,2019-03-23 00:29:58,0.292
2556,2019-03-23 00:29:59,0.290
2557,2019-03-23 00:29:59,0.295
2558,2019-03-23 00:29:59,0.301
2559,2019-03-23 00:30:00,0.301
2560,2019-03-23 00:30:00,0.292
2561,2019-03-23 00:30:01,0.289
2562,2019-03-23 00:30:01,0.300
2563,2019-03-23 00:30:01,0.296
2564,2019-03-23 00:30:02,0.281
2565,2019-03-23 00:30:02,0.286
2566,2019-03-23 00:30:02,0.297
2567,2019-03-23 00:30:03,0.294
2568,2019-03-23 00:30:03,0.291
2569,2019-03-23 00:30:05,0.282
2570,2019-03-23 00:30:05,0.305
2571,2019-03-23 00:30:05,0.270
2572,2019-03-23 00:30:06,0.305
2573,2019-03-23 00:30:07,0.286
2574,2019-03-23 00:30:07,0.288
2575,2019-03-23 00:30:08,0.298
2576,2019-03-23 00:30:08,0.300
2577,2019-03-23 00:30:08,0.296
2578,2019-03-23 00:30:08,0.294
2579,2019-03-23 00:30:09,0.287
2580,2019-03-23 00:30:09,0.299
2581,2019-03-23 00:30:10,0.212
2582,2019-03-23 00:30:10,0.299
2583,2019-03-23 00:30:12,0.295
2584,2019-03-23 00:30:12,0.212
2585,2019-03-23 00:30:13,0.293
2586,2019-03-23 00:30:13,0.441
2587,2019-03-23 00:30:13,0.292
2588,2019-03-23 00:30:14,0.278
2589,2019-03-23 00:30:14,0.298
2590,2019-03-23 00:30:15,0.287
2591,2019-03-23 00:30:15,0.294
2592,2019-03-23 00:30:15,0.292
2593,2019-03-23 00:30:15,0.289
2594,2019-03-23 00:30:16,0.285
2595,2019-03-23 00:30:17,0.319
2596,2019-03-23 00:30:18,0.289
2597,2019-03-23 00:30:18,0.297
2598,2019-03-23 00:30:18,0.286
2599,2019-03-23 00:30:19,0.310
2600,2019-03-23 00:30:20,0.294
2601,2019-03-23 00:30:21,0.286
2602,2019-03-23 00:30:21,0.293
2603,2019-03-23 00:30:22,0.292
2604,2019-03-23 00:30:22,0.213
2605,2019-03-23 00:30:23,0.279
2606,2019-03-23 00:30:23,0.301
2607,2019-03-23 00:30:23,0.288
2608,2019-03-23 00:30:24,0.295
2609,2019-03-23 00:30:24,0.276
2610,2019-03-23 00:30:26,0.306
2611,2019-03-23 00:30:26,0.292
2612,2019-03-23 00:30:27,0.296
2613,2019-03-23 00:30:28,0.292
2614,2019-03-23 00:30:28,0.284
2615,2019-03-23 00:30:28,0.303
2616,2019-03-23 00:30:28,0.288
2617,2019-03-23 00:30:29,0.299
2618,2019-03-23 00:30:29,0.279
2619,2019-03-23 00:30:29,0.304
2620,2019-03-23 00:30:29,0.295
2621,2019-03-23 00:30:30,0.300
2622,2019-03-23 00:30:31,0.292
2623,2019-03-23 00:30:31,0.290
2624,2019-03-23 00:30:31,0.279
2625,2019-03-23 00:30:31,0.293
2626,2019-03-23 00:30:31,0.297
2627,2019-03-23 00:30:32,0.293
2628,2019-03-23 00:30:33,0.213
2629,2019-03-23 00:30:33,0.299
2630,2019-03-23 00:30:34,0.297
2631,2019-03-23 00:30:34,0.301
2632,2019-03-23 00:30:34,0.297
2633,2019-03-23 00:30:36,0.299
2634,2019-03-23 00:30:36,0.279
2635,2019-03-23 00:30:38,0.305
2636,2019-03-23 00:30:39,0.293
2637,2019-03-23 00:30:40,0.278
2638,2019-03-23 00:30:40,0.298
2639,2019-03-23 00:30:41,0.296
2640,2019-03-23 00:30:42,0.291
2641,2019-03-23 00:30:42,0.295
2642,2019-03-23 00:30:43,0.291
2643,2019-03-23 00:30:43,0.293
2644,2019-03-23 00:30:46,0.297
2645,2019-03-23 00:30:46,0.215
2646,2019-03-23 00:30:46,0.306
2647,2019-03-23 00:30:47,0.289
2648,2019-03-23 00:30:47,0.293
2649,2019-03-23 00:30:48,0.291
2650,2019-03-23 00:30:49,0.285
2651,2019-03-23 00:30:49,0.288
2652,2019-03-23 00:30:49,0.290
2653,2019-03-23 00:30:49,0.297
2654,2019-03-23 00:30:51,0.296
2655,2019-03-23 00:30:52,0.288
2656,2019-03-23 00:30:52,0.297
2657,2019-03-23 00:30:52,0.285
2658,2019-03-23 00:30:53,0.293
2659,2019-03-23 00:30:54,0.285
2660,2019-03-23 00:30:54,0.298
2661,2019-03-23 00:30:54,0.291
2662,2019-03-23 00:30:55,0.291
2663,2019-03-23 00:30:56,0.287
2664,2019-03-23 00:30:56,0.293
2665,2019-03-23 00:30:57,0.303
2666,2019-03-23 00:30:57,0.212
2667,2019-03-23 00:30:58,0.297
2668,2019-03-23 00:30:58,0.299
2669,2019-03-23 00:30:58,0.285
2670,2019-03-23 00:30:58,0.296
2671,2019-03-23 00:30:59,0.299
2672,2019-03-23 00:30:59,0.282
2673,2019-03-23 00:30:59,0.294
2674,2019-03-23 00:31:00,0.281
2675,2019-03-23 00:31:02,0.305
2676,2019-03-23 00:31:04,0.303
2677,2019-03-23 00:31:04,0.280
2678,2019-03-23 00:31:04,0.296
2679,2019-03-23 00:31:06,0.296
2680,2019-03-23 00:31:06,0.288
2681,2019-03-23 00:31:07,0.323
2682,2019-03-23 00:31:07,0.301
2683,2019-03-23 00:31:08,0.291
2684,2019-03-23 00:31:08,0.300
2685,2019-03-23 00:31:09,0.293
2686,2019-03-23 00:31:09,0.294
2687,2019-03-23 00:31:09,0.292
2688,2019-03-23 00:31:10,0.336
2689,2019-03-23 00:31:10,0.283
2690,2019-03-23 00:31:11,0.286
2691,2019-03-23 00:31:11,0.296
2692,2019-03-23 00:31:12,0.292
2693,2019-03-23 00:31:12,0.287
2694,2019-03-23 00:31:13,0.305
2695,2019-03-23 00:31:13,0.293
2696,2019-03-23 00:31:14,0.289
2697,2019-03-23 00:31:14,0.284
2698,2019-03-23 00:31:15,0.285
2699,2019-03-23 00:31:15,0.298
2700,2019-03-23 00:31:17,0.320
2701,2019-03-23 00:31:17,0.296
2702,2019-03-23 00:31:18,0.351
2703,2019-03-23 00:31:18,0.303
2704,2019-03-23 00:31:19,0.287
2705,2019-03-23 00:31:19,0.212
2706,2019-03-23 00:31:19,0.298
2707,2019-03-23 00:31:20,0.295
2708,2019-03-23 00:31:22,0.294
2709,2019-03-23 00:31:22,0.312
2710,2019-03-23 00:31:23,0.297
2711,2019-03-23 00:31:23,0.284
2712,2019-03-23 00:31:24,0.295
2713,2019-03-23 00:31:25,0.297
2714,2019-03-23 00:31:25,0.296
2715,2019-03-23 00:31:26,0.307
2716,2019-03-23 00:31:27,0.281
2717,2019-03-23 00:31:29,0.293
2718,2019-03-23 00:31:30,0.287
2719,2019-03-23 00:31:30,0.301
2720,2019-03-23 00:31:31,0.291
2721,2019-03-23 00:31:31,0.302
2722,2019-03-23 00:31:31,0.290
2723,2019-03-23 00:31:32,0.282
2724,2019-03-23 00:31:32,0.310
2725,2019-03-23 00:31:33,0.292
2726,2019-03-23 00:31:33,0.295
2727,2019-03-23 00:31:34,0.212
2728,2019-03-23 00:31:35,0.318
2729,2019-03-23 00:31:36,0.289
2730,2019-03-23 00:31:37,0.295
2731,2019-03-23 00:31:37,0.296
2732,2019-03-23 00:31:38,0.302
2733,2019-03-23 00:31:38,0.301
2734,2019-03-23 00:31:39,0.284
2735,2019-03-23 00:31:40,0.299
2736,2019-03-23 00:31:40,0.286
2737,2019-03-23 00:31:41,0.287
2738,2019-03-23 00:31:41,0.297
2739,2019-03-23 00:31:42,0.291
2740,2019-03-23 00:31:42,0.294
2741,2019-03-23 00:31:42,0.213
2742,2019-03-23 00:31:43,0.303
2743,2019-03-23 00:31:43,0.294
2744,2019-03-23 00:31:43,0.288
2745,2019-03-23 00:31:44,0.289
2746,2019-03-23 00:31:45,0.283
2747,2019-03-23 00:31:46,0.285
2748,2019-03-23 00:31:46,0.292
2749,2019-03-23 00:31:46,0.295
2750,2019-03-23 00:31:47,0.293
2751,2019-03-23 00:31:47,0.298
2752,2019-03-23 00:31:48,0.298
2753,2019-03-23 00:31:48,0.307
2754,2019-03-23 00:31:48,0.289
2755,2019-03-23 00:31:49,0.288
2756,2019-03-23 00:31:49,0.288
2757,2019-03-23 00:31:49,0.301
2758,2019-03-23 00:31:49,0.284
2759,2019-03-23 00:31:49,0.293
2760,2019-03-23 00:31:49,0.307
2761,2019-03-23 00:31:50,0.297
2762,2019-03-23 00:31:50,0.288
2763,2019-03-23 00:31:50,0.288
2764,2019-03-23 00:31:51,0.300
2765,2019-03-23 00:31:51,0.299
2766,2019-03-23 00:31:52,0.301
2767,2019-03-23 00:31:52,0.288
2768,2019-03-23 00:31:52,0.291
2769,2019-03-23 00:31:53,0.211
2770,2019-03-23 00:31:53,0.306
2771,2019-03-23 00:31:53,0.298
2772,2019-03-23 00:31:53,0.298
2773,2019-03-23 00:31:53,0.301
2774,2019-03-23 00:31:54,0.290
2775,2019-03-23 00:31:54,0.297
2776,2019-03-23 00:31:54,0.287
2777,2019-03-23 00:31:55,0.291
2778,2019-03-23 00:31:56,0.291
2779,2019-03-23 00:31:57,0.284
2780,2019-03-23 00:31:58,0.297
2781,2019-03-23 00:31:58,0.292
2782,2019-03-23 00:31:58,0.299
2783,2019-03-23 00:31:59,0.403
2784,2019-03-23 00:31:59,0.290
2785,2019-03-23 00:31:59,0.288
2786,2019-03-23 00:32:00,0.293
2787,2019-03-23 00:32:00,0.300
2788,2019-03-23 00:32:00,0.345
2789,2019-03-23 00:32:02,0.316
2790,2019-03-23 00:32:02,0.288
2791,2019-03-23 00:32:02,0.287
2792,2019-03-23 00:32:02,0.303
2793,2019-03-23 00:32:02,0.264
2794,2019-03-23 00:32:04,0.282
2795,2019-03-23 00:32:04,0.289
2796,2019-03-23 00:32:05,0.293
2797,2019-03-23 00:32:05,0.323
2798,2019-03-23 00:32:06,0.290
2799,2019-03-23 00:32:06,0.294
2800,2019-03-23 00:32:06,0.287
2801,2019-03-23 00:32:07,0.299
2802,2019-03-23 00:32:08,0.310
2803,2019-03-23 00:32:08,0.306
2804,2019-03-23 00:32:09,0.298
2805,2019-03-23 00:32:09,0.286
2806,2019-03-23 00:32:10,0.303
2807,2019-03-23 00:32:10,0.302
2808,2019-03-23 00:32:11,0.294
2809,2019-03-23 00:32:11,0.290
2810,2019-03-23 00:32:11,0.302
2811,2019-03-23 00:32:12,0.300
2812,2019-03-23 00:32:13,0.286
2813,2019-03-23 00:32:13,0.290
2814,2019-03-23 00:32:13,0.302
2815,2019-03-23 00:32:14,0.292
2816,2019-03-23 00:32:14,0.293
2817,2019-03-23 00:32:15,0.304
2818,2019-03-23 00:32:16,0.293
2819,2019-03-23 00:32:17,0.299
2820,2019-03-23 00:32:17,0.293
2821,2019-03-23 00:32:17,0.293
2822,2019-03-23 00:32:18,0.295
2823,2019-03-23 00:32:18,0.310
2824,2019-03-23 00:32:18,0.309
2825,2019-03-23 00:32:20,0.304
2826,2019-03-23 00:32:20,0.297
2827,2019-03-23 00:32:21,0.299
2828,2019-03-23 00:32:21,0.299
2829,2019-03-23 00:32:23,0.293
2830,2019-03-23 00:32:23,0.293
2831,2019-03-23 00:32:27,0.294
2832,2019-03-23 00:32:27,0.293
2833,2019-03-23 00:32:27,0.212
2834,2019-03-23 00:32:27,0.294
2835,2019-03-23 00:32:27,0.290
2836,2019-03-23 00:32:28,0.299
2837,2019-03-23 00:32:28,0.295
2838,2019-03-23 00:32:29,0.282
2839,2019-03-23 00:32:30,0.309
2840,2019-03-23 00:32:30,0.290
2841,2019-03-23 00:32:32,0.295
2842,2019-03-23 00:32:32,0.316
2843,2019-03-23 00:32:33,0.302
2844,2019-03-23 00:32:34,0.304
2845,2019-03-23 00:32:34,0.294
2846,2019-03-23 00:32:35,0.297
2847,2019-03-23 00:32:36,0.347
2848,2019-03-23 00:32:36,0.301
2849,2019-03-23 00:32:37,0.294
2850,2019-03-23 00:32:37,0.287
2851,2019-03-23 00:32:37,0.293
2852,2019-03-23 00:32:38,0.307
2853,2019-03-23 00:32:38,0.275
2854,2019-03-23 00:32:38,0.303
2855,2019-03-23 00:32:39,0.290
2856,2019-03-23 00:32:41,0.292
2857,2019-03-23 00:32:41,0.305
2858,2019-03-23 00:32:41,0.295
2859,2019-03-23 00:32:42,0.213
2860,2019-03-23 00:32:43,0.304
2861,2019-03-23 00:32:43,0.294
2862,2019-03-23 00:32:44,0.296
2863,2019-03-23 00:32:44,0.294
2864,2019-03-23 00:32:45,0.281
2865,2019-03-23 00:32:45,0.213
2866,2019-03-23 00:32:45,0.312
2867,2019-03-23 00:32:45,0.280
2868,2019-03-23 00:32:46,0.295
2869,2019-03-23 00:32:46,0.212
2870,2019-03-23 00:32:47,0.213
2871,2019-03-23 00:32:47,0.297
2872,2019-03-23 00:32:47,0.295
2873,2019-03-23 00:32:48,0.303
2874,2019-03-23 00:32:48,0.294
2875,2019-03-23 00:32:48,0.213
2876,2019-03-23 00:32:49,0.275
2877,2019-03-23 00:32:49,0.213
2878,2019-03-23 00:32:49,0.289
2879,2019-03-23 00:32:50,0.306
2880,2019-03-23 00:32:50,0.297
2881,2019-03-23 00:32:50,0.284
2882,2019-03-23 00:32:51,0.307
2883,2019-03-23 00:32:51,0.294
2884,2019-03-23 00:32:51,0.296
2885,2019-03-23 00:32:52,0.294
2886,2019-03-23 00:32:52,0.289
2887,2019-03-23 00:32:53,0.301
2888,2019-03-23 00:32:53,0.213
2889,2019-03-23 00:32:53,0.295
2890,2019-03-23 00:32:54,0.287
2891,2019-03-23 00:32:57,0.293
2892,2019-03-23 00:32:57,0.292
2893,2019-03-23 00:32:58,0.288
2894,2019-03-23 00:32:59,0.307
2895,2019-03-23 00:33:00,0.300
2896,2019-03-23 00:33:00,0.297
2897,2019-03-23 00:33:00,0.299
2898,2019-03-23 00:33:01,0.287
2899,2019-03-23 00:33:01,0.285
2900,2019-03-23 00:33:01,0.283
2901,2019-03-23 00:33:02,0.296
2902,2019-03-23 00:33:02,0.296
2903,2019-03-23 00:33:03,0.292
2904,2019-03-23 00:33:03,0.300
2905,2019-03-23 00:33:04,0.295
2906,2019-03-23 00:33:04,0.288
2907,2019-03-23 00:33:04,0.281
2908,2019-03-23 00:33:07,0.291
2909,2019-03-23 00:33:07,0.303
2910,2019-03-23 00:33:08,0.299
2911,2019-03-23 00:33:09,0.289
2912,2019-03-23 00:33:09,0.292
2913,2019-03-23 00:33:10,0.301
2914,2019-03-23 00:33:10,0.294
2915,2019-03-23 00:33:10,0.294
2916,2019-03-23 00:33:11,0.285
2917,2019-03-23 00:33:12,0.300
2918,2019-03-23 00:33:12,0.292
2919,2019-03-23 00:33:12,0.284
2920,2019-03-23 00:33:12,0.293
2921,2019-03-23 00:33:14,0.294
2922,2019-03-23 00:33:14,0.299
2923,2019-03-23 00:33:14,0.299
2924,2019-03-23 00:33:15,0.288
2925,2019-03-23 00:33:15,0.295
2926,2019-03-23 00:33:16,0.300
2927,2019-03-23 00:33:17,0.303
2928,2019-03-23 00:33:17,0.287
2929,2019-03-23 00:33:17,0.287
2930,2019-03-23 00:33:18,0.288
2931,2019-03-23 00:33:18,0.296
2932,2019-03-23 00:33:18,0.294
2933,2019-03-23 00:33:19,0.299
2934,2019-03-23 00:33:20,0.300
2935,2019-03-23 00:33:20,0.291
2936,2019-03-23 00:33:21,0.302
2937,2019-03-23 00:33:21,0.294
2938,2019-03-23 00:33:22,0.311
2939,2019-03-23 00:33:22,0.293
2940,2019-03-23 00:33:22,0.305
2941,2019-03-23 00:33:23,0.302
2942,2019-03-23 00:33:23,0.275
2943,2019-03-23 00:33:23,0.293
2944,2019-03-23 00:33:24,0.281
2945,2019-03-23 00:33:24,0.292
2946,2019-03-23 00:33:25,0.290
2947,2019-03-23 00:33:25,0.296
2948,2019-03-23 00:33:26,0.291
2949,2019-03-23 00:33:26,0.295
2950,2019-03-23 00:33:27,0.297
2951,2019-03-23 00:33:27,0.300
2952,2019-03-23 00:33:29,0.302
2953,2019-03-23 00:33:29,0.314
2954,2019-03-23 00:33:30,0.298
2955,2019-03-23 00:33:31,0.300
2956,2019-03-23 00:33:32,0.298
2957,2019-03-23 00:33:33,0.292
2958,2019-03-23 00:33:34,0.299
2959,2019-03-23 00:33:34,0.288
2960,2019-03-23 00:33:35,0.295
2961,2019-03-23 00:33:35,0.400
2962,2019-03-23 00:33:35,0.290
2963,2019-03-23 00:33:36,0.284
2964,2019-03-23 00:33:36,0.290
2965,2019-03-23 00:33:36,0.298
2966,2019-03-23 00:33:36,0.294
2967,2019-03-23 00:33:37,0.294
2968,2019-03-23 00:33:37,0.293
2969,2019-03-23 00:33:38,0.290
2970,2019-03-23 00:33:38,0.281
2971,2019-03-23 00:33:39,0.290
2972,2019-03-23 00:33:39,0.283
2973,2019-03-23 00:33:40,0.294
2974,2019-03-23 00:33:41,0.293
2975,2019-03-23 00:33:42,0.290
2976,2019-03-23 00:33:45,0.289
2977,2019-03-23 00:33:45,0.293
2978,2019-03-23 00:33:46,0.296
2979,2019-03-23 00:33:46,0.310
2980,2019-03-23 00:33:46,0.212
2981,2019-03-23 00:33:47,0.287
2982,2019-03-23 00:33:47,0.298
2983,2019-03-23 00:33:48,0.304
2984,2019-03-23 00:33:48,0.299
2985,2019-03-23 00:33:49,0.278
2986,2019-03-23 00:33:49,0.290
2987,2019-03-23 00:33:51,0.297
2988,2019-03-23 00:33:51,0.309
2989,2019-03-23 00:33:52,0.299
2990,2019-03-23 00:33:52,0.289
2991,2019-03-23 00:33:52,0.212
2992,2019-03-23 00:33:52,0.295
2993,2019-03-23 00:33:53,0.293
2994,2019-03-23 00:33:53,0.298
2995,2019-03-23 00:33:53,0.287
2996,2019-03-23 00:33:54,0.295
2997,2019-03-23 00:33:54,0.295
2998,2019-03-23 00:33:55,0.296
2999,2019-03-23 00:33:56,0.298
3000,2019-03-23 00:33:57,0.312
3001,2019-03-23 00:33:57,0.296
3002,2019-03-23 00:33:57,0.296
3003,2019-03-23 00:33:58,0.295
3004,2019-03-23 00:33:59,0.301
3005,2019-03-23 00:33:59,0.214
3006,2019-03-23 00:33:59,0.292
3007,2019-03-23 00:33:59,0.291
3008,2019-03-23 00:34:00,0.299
3009,2019-03-23 00:34:00,0.294
3010,2019-03-23 00:34:01,0.293
3011,2019-03-23 00:34:01,0.298
3012,2019-03-23 00:34:02,0.296
3013,2019-03-23 00:34:02,0.310
3014,2019-03-23 00:34:02,0.298
3015,2019-03-23 00:34:03,0.295
3016,2019-03-23 00:34:04,0.282
3017,2019-03-23 00:34:06,0.213
3018,2019-03-23 00:34:06,0.293
3019,2019-03-23 00:34:07,0.212
3020,2019-03-23 00:34:07,0.292
3021,2019-03-23 00:34:07,0.285
3022,2019-03-23 00:34:07,0.302
3023,2019-03-23 00:34:08,0.300
3024,2019-03-23 00:34:09,0.287
3025,2019-03-23 00:34:09,0.300
3026,2019-03-23 00:34:11,0.295
3027,2019-03-23 00:34:11,0.285
3028,2019-03-23 00:34:12,0.293
3029,2019-03-23 00:34:12,0.348
3030,2019-03-23 00:34:13,0.300
3031,2019-03-23 00:34:14,0.290
3032,2019-03-23 00:34:14,0.294
3033,2019-03-23 00:34:14,0.295
3034,2019-03-23 00:34:15,0.212
3035,2019-03-23 00:34:15,0.295
3036,2019-03-23 00:34:17,0.301
3037,2019-03-23 00:34:17,0.296
3038,2019-03-23 00:34:17,0.303
3039,2019-03-23 00:34:19,0.298
3040,2019-03-23 00:34:19,0.305
3041,2019-03-23 00:34:20,0.290
3042,2019-03-23 00:34:21,0.302
3043,2019-03-23 00:34:22,0.297
3044,2019-03-23 00:34:22,0.304
3045,2019-03-23 00:34:23,0.296
3046,2019-03-23 00:34:23,0.289
3047,2019-03-23 00:34:24,0.290
3048,2019-03-23 00:34:24,0.304
3049,2019-03-23 00:34:24,0.305
3050,2019-03-23 00:34:25,0.297
3051,2019-03-23 00:34:26,0.289
3052,2019-03-23 00:34:27,0.301
3053,2019-03-23 00:34:27,0.287
3054,2019-03-23 00:34:27,0.291
3055,2019-03-23 00:34:29,0.288
3056,2019-03-23 00:34:30,0.293
3057,2019-03-23 00:34:31,0.281
3058,2019-03-23 00:34:31,0.293
3059,2019-03-23 00:34:32,0.296
3060,2019-03-23 00:34:32,0.292
3061,2019-03-23 00:34:32,0.285
3062,2019-03-23 00:34:32,0.297
3063,2019-03-23 00:34:32,0.285
3064,2019-03-23 00:34:33,0.295
3065,2019-03-23 00:34:33,0.289
3066,2019-03-23 00:34:34,0.286
3067,2019-03-23 00:34:34,0.295
3068,2019-03-23 00:34:34,0.293
3069,2019-03-23 00:34:35,0.290
3070,2019-03-23 00:34:35,0.305
3071,2019-03-23 00:34:36,0.297
3072,2019-03-23 00:34:36,0.300
3073,2019-03-23 00:34:37,0.305
3074,2019-03-23 00:34:37,0.212
3075,2019-03-23 00:34:37,0.295
3076,2019-03-23 00:34:38,0.285
3077,2019-03-23 00:34:38,0.287
3078,2019-03-23 00:34:39,0.288
3079,2019-03-23 00:34:39,0.292
3080,2019-03-23 00:34:40,0.293
3081,2019-03-23 00:34:40,0.319
3082,2019-03-23 00:34:40,0.298
3083,2019-03-23 00:34:41,0.214
3084,2019-03-23 00:34:42,0.294
3085,2019-03-23 00:34:43,0.296
3086,2019-03-23 00:34:43,0.294
3087,2019-03-23 00:34:44,0.292
3088,2019-03-23 00:34:45,0.285
3089,2019-03-23 00:34:45,0.289
3090,2019-03-23 00:34:46,0.295
3091,2019-03-23 00:34:47,0.203
3092,2019-03-23 00:34:47,0.295
3093,2019-03-23 00:34:48,0.299
3094,2019-03-23 00:34:48,0.300
3095,2019-03-23 00:34:48,0.299
3096,2019-03-23 00:34:49,0.282
3097,2019-03-23 00:34:49,0.291
3098,2019-03-23 00:34:49,0.275
3099,2019-03-23 00:34:49,0.277
3100,2019-03-23 00:34:49,0.208
3101,2019-03-23 00:34:49,0.281
3102,2019-03-23 00:34:49,0.286
3103,2019-03-23 00:34:49,0.292
3104,2019-03-23 00:34:52,0.310
3105,2019-03-23 00:34:52,0.293
3106,2019-03-23 00:34:54,0.292
3107,2019-03-23 00:34:54,0.281
3108,2019-03-23 00:34:56,0.290
3109,2019-03-23 00:34:57,0.295
3110,2019-03-23 00:34:58,0.291
3111,2019-03-23 00:34:58,0.313
3112,2019-03-23 00:34:59,0.212
3113,2019-03-23 00:34:59,0.290
3114,2019-03-23 00:35:00,0.308
3115,2019-03-23 00:35:00,0.289
3116,2019-03-23 00:35:01,0.272
3117,2019-03-23 00:35:02,0.292
3118,2019-03-23 00:35:02,0.299
3119,2019-03-23 00:35:04,0.287
3120,2019-03-23 00:35:04,0.283
3121,2019-03-23 00:35:04,0.294
3122,2019-03-23 00:35:05,0.287
3123,2019-03-23 00:35:05,0.286
3124,2019-03-23 00:35:06,0.292
3125,2019-03-23 00:35:06,0.301
3126,2019-03-23 00:35:07,0.213
3127,2019-03-23 00:35:07,0.291
3128,2019-03-23 00:35:07,0.298
3129,2019-03-23 00:35:08,0.299
3130,2019-03-23 00:35:09,0.305
3131,2019-03-23 00:35:11,0.293
3132,2019-03-23 00:35:11,0.295
3133,2019-03-23 00:35:11,0.298
3134,2019-03-23 00:35:12,0.304
3135,2019-03-23 00:35:12,0.296
3136,2019-03-23 00:35:12,0.290
3137,2019-03-23 00:35:13,0.287
3138,2019-03-23 00:35:14,0.298
3139,2019-03-23 00:35:14,0.294
3140,2019-03-23 00:35:15,0.289
3141,2019-03-23 00:35:16,0.292
3142,2019-03-23 00:35:16,0.310
3143,2019-03-23 00:35:16,0.288
3144,2019-03-23 00:35:17,0.301
3145,2019-03-23 00:35:17,0.296
3146,2019-03-23 00:35:18,0.300
3147,2019-03-23 00:35:19,0.304
3148,2019-03-23 00:35:20,0.303
3149,2019-03-23 00:35:21,0.308
3150,2019-03-23 00:35:21,0.296
3151,2019-03-23 00:35:22,0.284
3152,2019-03-23 00:35:22,0.289
3153,2019-03-23 00:35:23,0.297
3154,2019-03-23 00:35:23,0.303
3155,2019-03-23 00:35:24,0.291
3156,2019-03-23 00:35:24,0.291
3157,2019-03-23 00:35:25,0.291
3158,2019-03-23 00:35:25,0.288
3159,2019-03-23 00:35:25,0.294
3160,2019-03-23 00:35:26,0.293
3161,2019-03-23 00:35:26,0.293
3162,2019-03-23 00:35:26,0.277
3163,2019-03-23 00:35:27,0.288
3164,2019-03-23 00:35:27,0.285
3165,2019-03-23 00:35:28,0.216
3166,2019-03-23 00:35:28,0.301
3167,2019-03-23 00:35:30,0.288
3168,2019-03-23 00:35:30,0.288
3169,2019-03-23 00:35:32,0.301
3170,2019-03-23 00:35:33,0.311
3171,2019-03-23 00:35:33,0.290
3172,2019-03-23 00:35:34,0.287
3173,2019-03-23 00:35:34,0.290
3174,2019-03-23 00:35:34,0.297
3175,2019-03-23 00:35:35,0.290
3176,2019-03-23 00:35:35,0.293
3177,2019-03-23 00:35:35,0.307
3178,2019-03-23 00:35:36,0.299
3179,2019-03-23 00:35:36,0.306
3180,2019-03-23 00:35:37,0.288
3181,2019-03-23 00:35:38,0.298
3182,2019-03-23 00:35:39,0.286
3183,2019-03-23 00:35:40,0.281
3184,2019-03-23 00:35:40,0.214
3185,2019-03-23 00:35:40,0.291
3186,2019-03-23 00:35:41,0.296
3187,2019-03-23 00:35:41,0.295
3188,2019-03-23 00:35:41,0.298
3189,2019-03-23 00:35:42,0.295
3190,2019-03-23 00:35:42,0.295
3191,2019-03-23 00:35:43,0.294
3192,2019-03-23 00:35:43,0.289
3193,2019-03-23 00:35:44,0.283
3194,2019-03-23 00:35:45,0.292
3195,2019-03-23 00:35:45,0.287
3196,2019-03-23 00:35:46,0.290
3197,2019-03-23 00:35:47,0.291
3198,2019-03-23 00:35:48,0.297
3199,2019-03-23 00:35:48,0.299
3200,2019-03-23 00:35:48,0.297
3201,2019-03-23 00:35:49,0.297
3202,2019-03-23 00:35:49,0.296
3203,2019-03-23 00:35:50,0.296
3204,2019-03-23 00:35:50,0.299
3205,2019-03-23 00:35:51,0.296
3206,2019-03-23 00:35:51,0.292
3207,2019-03-23 00:35:51,0.295
3208,2019-03-23 00:35:52,0.289
3209,2019-03-23 00:35:52,0.290
3210,2019-03-23 00:35:52,0.293
3211,2019-03-23 00:35:52,0.294
3212,2019-03-23 00:35:54,0.291
3213,2019-03-23 00:35:54,0.295
3214,2019-03-23 00:35:54,0.285
3215,2019-03-23 00:35:55,0.290
3216,2019-03-23 00:35:56,0.293
3217,2019-03-23 00:35:56,0.286
3218,2019-03-23 00:35:57,0.281
3219,2019-03-23 00:35:57,0.308
3220,2019-03-23 00:35:57,0.284
3221,2019-03-23 00:36:00,0.303
3222,2019-03-23 00:36:01,0.289
3223,2019-03-23 00:36:02,0.301
3224,2019-03-23 00:36:02,0.299
3225,2019-03-23 00:36:03,0.213
3226,2019-03-23 00:36:04,0.285
3227,2019-03-23 00:36:04,0.294
3228,2019-03-23 00:36:05,0.268
3229,2019-03-23 00:36:05,0.298
3230,2019-03-23 00:36:05,0.297
3231,2019-03-23 00:36:07,0.296
3232,2019-03-23 00:38:39,0.287
3233,2019-03-23 00:38:39,0.294
3234,2019-03-23 00:38:39,0.294
3235,2019-03-23 00:38:39,0.290
3236,2019-03-23 00:38:39,0.290
3237,2019-03-23 00:38:40,0.282
3238,2019-03-23 00:38:40,0.293
3239,2019-03-23 00:38:40,0.279
3240,2019-03-23 00:38:40,0.293
3241,2019-03-23 00:38:41,0.291
3242,2019-03-23 00:38:41,0.283
3243,2019-03-23 00:38:41,0.303
3244,2019-03-23 00:38:41,0.294
3245,2019-03-23 00:38:41,0.286
3246,2019-03-23 00:38:41,0.292
3247,2019-03-23 00:38:42,0.309
3248,2019-03-23 00:38:42,0.280
3249,2019-03-23 00:38:42,0.293
3250,2019-03-23 00:38:42,0.285
3251,2019-03-23 00:38:42,0.288
3252,2019-03-23 00:38:42,0.304
3253,2019-03-23 00:38:43,0.297
3254,2019-03-23 00:38:43,0.281
3255,2019-03-23 00:38:43,0.305
3256,2019-03-23 00:38:43,0.289
3257,2019-03-23 00:38:43,0.295
3258,2019-03-23 00:38:44,0.289
3259,2019-03-23 00:38:44,0.305
3260,2019-03-23 00:38:44,0.303
3261,2019-03-23 00:38:44,0.288
3262,2019-03-23 00:38:44,0.288
3263,2019-03-23 00:38:44,0.285
3264,2019-03-23 00:38:44,0.296
3265,2019-03-23 00:38:45,0.299
3266,2019-03-23 00:38:45,0.287
3267,2019-03-23 00:38:45,0.292
3268,2019-03-23 00:38:45,0.282
3269,2019-03-23 00:38:45,0.300
3270,2019-03-23 00:38:46,0.292
3271,2019-03-23 00:38:46,0.307
3272,2019-03-23 00:38:47,0.283
3273,2019-03-23 00:38:47,0.212
3274,2019-03-23 00:38:47,0.289
3275,2019-03-23 00:38:47,0.302
3276,2019-03-23 00:38:47,0.293
3277,2019-03-23 00:38:47,0.302
3278,2019-03-23 00:38:47,0.293
3279,2019-03-23 00:38:48,0.289
3280,2019-03-23 00:38:48,0.298
3281,2019-03-23 00:38:48,0.300
3282,2019-03-23 00:38:48,0.290
3283,2019-03-23 00:38:48,0.213
3284,2019-03-23 00:38:49,0.297
3285,2019-03-23 00:38:49,0.294
3286,2019-03-23 00:38:49,0.292
3287,2019-03-23 00:38:49,0.282
3288,2019-03-23 00:38:49,0.296
3289,2019-03-23 00:38:49,0.288
3290,2019-03-23 00:38:49,0.294
3291,2019-03-23 00:38:49,0.290
3292,2019-03-23 00:38:51,0.302
3293,2019-03-23 00:38:51,0.287
3294,2019-03-23 00:38:51,0.287
3295,2019-03-23 00:38:51,0.302
3296,2019-03-23 00:38:51,0.278
3297,2019-03-23 00:38:52,0.302
3298,2019-03-23 00:38:52,0.296
3299,2019-03-23 00:38:52,0.301
3300,2019-03-23 00:38:52,0.306
3301,2019-03-23 00:38:52,0.299
3302,2019-03-23 00:38:53,0.284
3303,2019-03-23 00:38:53,0.283
3304,2019-03-23 00:38:53,0.276
3305,2019-03-23 00:38:54,0.288
3306,2019-03-23 00:38:54,0.288
3307,2019-03-23 00:38:54,0.286
3308,2019-03-23 00:38:54,0.213
3309,2019-03-23 00:38:55,0.288
3310,2019-03-23 00:38:55,0.291
3311,2019-03-23 00:38:55,0.300
3312,2019-03-23 00:38:56,0.311
3313,2019-03-23 00:38:56,0.293
3314,2019-03-23 00:38:57,0.289
3315,2019-03-23 00:38:57,0.290
3316,2019-03-23 00:38:57,0.299
3317,2019-03-23 00:38:57,0.299
3318,2019-03-23 00:38:57,0.304
3319,2019-03-23 00:38:58,0.301
3320,2019-03-23 00:38:58,0.282
3321,2019-03-23 00:38:58,0.287
3322,2019-03-23 00:39:00,0.290
3323,2019-03-23 00:39:00,0.293
3324,2019-03-23 00:39:00,0.299
3325,2019-03-23 00:39:01,0.287
3326,2019-03-23 00:39:01,0.282
3327,2019-03-23 00:39:01,0.307
3328,2019-03-23 00:39:02,0.304
3329,2019-03-23 00:39:02,0.291
3330,2019-03-23 00:39:02,0.305
3331,2019-03-23 00:39:02,0.304
3332,2019-03-23 00:39:03,0.303
3333,2019-03-23 00:39:03,0.284
3334,2019-03-23 00:39:04,0.290
3335,2019-03-23 00:39:04,0.296
3336,2019-03-23 00:39:04,0.287
3337,2019-03-23 00:39:04,0.293
3338,2019-03-23 00:39:05,0.303
3339,2019-03-23 00:39:05,0.286
3340,2019-03-23 00:39:06,0.315
3341,2019-03-23 00:39:07,0.289
3342,2019-03-23 00:39:07,0.298
3343,2019-03-23 00:39:07,0.290
3344,2019-03-23 00:39:07,0.291
3345,2019-03-23 00:39:08,0.299
3346,2019-03-23 00:39:08,0.299
3347,2019-03-23 00:39:08,0.294
3348,2019-03-23 00:39:08,0.298
3349,2019-03-23 00:39:09,0.299
3350,2019-03-23 00:39:09,0.298
3351,2019-03-23 00:39:09,0.292
3352,2019-03-23 00:39:10,0.286
3353,2019-03-23 00:39:10,0.288
3354,2019-03-23 00:39:10,0.212
3355,2019-03-23 00:39:11,0.293
3356,2019-03-23 00:39:12,0.211
3357,2019-03-23 00:39:13,0.296
3358,2019-03-23 00:39:13,0.289
3359,2019-03-23 00:39:14,0.289
3360,2019-03-23 00:39:14,0.289
3361,2019-03-23 00:39:14,0.319
3362,2019-03-23 00:39:15,0.301
3363,2019-03-23 00:39:15,0.291
3364,2019-03-23 00:39:15,0.290
3365,2019-03-23 00:39:17,0.293
3366,2019-03-23 00:39:17,0.327
3367,2019-03-23 00:39:19,0.302
3368,2019-03-23 00:39:20,0.297
3369,2019-03-23 00:39:20,0.308
3370,2019-03-23 00:39:21,0.296
3371,2019-03-23 00:39:22,0.291
3372,2019-03-23 00:39:22,0.289
3373,2019-03-23 00:39:22,0.313
3374,2019-03-23 00:39:22,0.301
3375,2019-03-23 00:39:23,0.293
3376,2019-03-23 00:39:23,0.306
3377,2019-03-23 00:39:23,0.212
3378,2019-03-23 00:39:24,0.284
3379,2019-03-23 00:39:25,0.306
3380,2019-03-23 00:39:26,0.303
3381,2019-03-23 00:39:26,0.300
3382,2019-03-23 00:39:28,0.300
3383,2019-03-23 00:39:28,0.296
3384,2019-03-23 00:39:29,0.212
3385,2019-03-23 00:39:29,0.211
3386,2019-03-23 00:39:29,0.289
3387,2019-03-23 00:39:29,0.297
3388,2019-03-23 00:39:29,0.289
3389,2019-03-23 00:39:30,0.295
3390,2019-03-23 00:39:31,0.293
3391,2019-03-23 00:39:31,0.289
3392,2019-03-23 00:39:32,0.292
3393,2019-03-23 00:39:32,0.212
3394,2019-03-23 00:39:32,0.323
3395,2019-03-23 00:39:33,0.293
3396,2019-03-23 00:39:33,0.216
3397,2019-03-23 00:39:34,0.284
3398,2019-03-23 00:39:34,0.371
3399,2019-03-23 00:39:35,0.283
3400,2019-03-23 00:39:36,0.214
3401,2019-03-23 00:39:38,0.294
3402,2019-03-23 00:39:39,0.306
3403,2019-03-23 00:39:40,0.295
3404,2019-03-23 00:39:41,0.299
3405,2019-03-23 00:39:43,0.284
3406,2019-03-23 00:39:43,0.300
3407,2019-03-23 00:39:44,0.297
3408,2019-03-23 00:39:44,0.288
3409,2019-03-23 00:39:46,0.217
3410,2019-03-23 00:39:46,0.312
3411,2019-03-23 00:39:46,0.305
3412,2019-03-23 00:39:46,0.311
3413,2019-03-23 00:39:47,0.296
3414,2019-03-23 00:39:47,0.296
3415,2019-03-23 00:39:48,0.300
3416,2019-03-23 00:39:48,0.294
3417,2019-03-23 00:39:49,0.306
3418,2019-03-23 00:39:49,0.287
3419,2019-03-23 00:39:51,0.290
3420,2019-03-23 00:39:51,0.296
3421,2019-03-23 00:39:52,0.292
3422,2019-03-23 00:39:52,0.284
3423,2019-03-23 00:39:53,0.305
3424,2019-03-23 00:39:54,0.294
3425,2019-03-23 00:39:54,0.301
3426,2019-03-23 00:39:55,0.298
3427,2019-03-23 00:39:56,0.297
3428,2019-03-23 00:39:57,0.284
3429,2019-03-23 00:39:57,0.307
3430,2019-03-23 00:39:58,0.288
3431,2019-03-23 00:39:58,0.278
3432,2019-03-23 00:39:58,0.292
3433,2019-03-23 00:39:59,0.301
3434,2019-03-23 00:39:59,0.294
3435,2019-03-23 00:40:00,0.299
3436,2019-03-23 00:40:00,0.295
3437,2019-03-23 00:40:01,0.289
3438,2019-03-23 00:40:04,0.292
3439,2019-03-23 00:40:04,0.289
3440,2019-03-23 00:40:04,0.297
3441,2019-03-23 00:40:05,0.292
3442,2019-03-23 00:40:05,0.212
3443,2019-03-23 00:40:06,0.291
3444,2019-03-23 00:40:06,0.295
3445,2019-03-23 00:40:06,0.302
3446,2019-03-23 00:40:07,0.291
3447,2019-03-23 00:40:08,0.287
3448,2019-03-23 00:40:10,0.295
3449,2019-03-23 00:40:11,0.294
3450,2019-03-23 00:40:11,0.293
3451,2019-03-23 00:40:12,0.299
3452,2019-03-23 00:40:12,0.287
3453,2019-03-23 00:40:13,0.300
3454,2019-03-23 00:40:13,0.302
3455,2019-03-23 00:40:14,0.286
3456,2019-03-23 00:40:14,0.302
3457,2019-03-23 00:40:14,0.287
3458,2019-03-23 00:40:14,0.296
3459,2019-03-23 00:40:15,0.295
3460,2019-03-23 00:40:15,0.292
3461,2019-03-23 00:40:15,0.283
3462,2019-03-23 00:40:15,0.289
3463,2019-03-23 00:40:16,0.303
3464,2019-03-23 00:40:17,0.212
3465,2019-03-23 00:40:17,0.284
3466,2019-03-23 00:40:17,0.301
3467,2019-03-23 00:40:18,0.295
3468,2019-03-23 00:40:18,0.285
3469,2019-03-23 00:40:18,0.287
3470,2019-03-23 00:40:19,0.295
3471,2019-03-23 00:40:19,0.298
3472,2019-03-23 00:40:19,0.215
3473,2019-03-23 00:40:20,0.213
3474,2019-03-23 00:40:20,0.291
3475,2019-03-23 00:40:20,0.289
3476,2019-03-23 00:40:21,0.297
3477,2019-03-23 00:40:21,0.288
3478,2019-03-23 00:40:21,0.294
3479,2019-03-23 00:40:22,0.281
3480,2019-03-23 00:40:23,0.312
3481,2019-03-23 00:40:23,0.293
3482,2019-03-23 00:40:24,0.302
3483,2019-03-23 00:40:25,0.293
3484,2019-03-23 00:40:25,0.294
3485,2019-03-23 00:40:26,0.289
3486,2019-03-23 00:40:27,0.305
3487,2019-03-23 00:40:27,0.288
3488,2019-03-23 00:40:28,0.298
3489,2019-03-23 00:40:28,0.292
3490,2019-03-23 00:40:28,0.297
3491,2019-03-23 00:40:28,0.291
3492,2019-03-23 00:40:29,0.291
3493,2019-03-23 00:40:29,0.293
3494,2019-03-23 00:40:30,0.292
3495,2019-03-23 00:40:30,0.287
3496,2019-03-23 00:40:30,0.282
3497,2019-03-23 00:40:32,0.302
3498,2019-03-23 00:40:32,0.296
3499,2019-03-23 00:40:32,0.289
3500,2019-03-23 00:40:32,0.289
3501,2019-03-23 00:40:33,0.288
3502,2019-03-23 00:40:33,0.308
3503,2019-03-23 00:40:33,0.294
3504,2019-03-23 00:40:34,0.302
3505,2019-03-23 00:40:34,0.284
3506,2019-03-23 00:40:34,0.285
3507,2019-03-23 00:40:35,0.282
3508,2019-03-23 00:40:35,0.290
3509,2019-03-23 00:40:35,0.288
3510,2019-03-23 00:40:36,0.287
3511,2019-03-23 00:40:36,0.291
3512,2019-03-23 00:40:37,0.299
3513,2019-03-23 00:40:37,0.288
3514,2019-03-23 00:40:38,0.299
3515,2019-03-23 00:40:38,0.292
3516,2019-03-23 00:40:38,0.280
3517,2019-03-23 00:40:38,0.302
3518,2019-03-23 00:40:40,0.303
3519,2019-03-23 00:40:40,0.278
3520,2019-03-23 00:40:42,0.299
3521,2019-03-23 00:40:43,0.292
3522,2019-03-23 00:40:44,0.296
3523,2019-03-23 00:40:45,0.295
3524,2019-03-23 00:40:45,0.295
3525,2019-03-23 00:40:46,0.286
3526,2019-03-23 00:40:47,0.283
3527,2019-03-23 00:40:50,0.302
3528,2019-03-23 00:40:50,0.313
3529,2019-03-23 00:40:50,0.292
3530,2019-03-23 00:40:51,0.287
3531,2019-03-23 00:40:52,0.302
3532,2019-03-23 00:40:52,0.288
3533,2019-03-23 00:40:53,0.290
3534,2019-03-23 00:40:53,0.300
3535,2019-03-23 00:40:53,0.289
3536,2019-03-23 00:40:53,0.291
3537,2019-03-23 00:40:54,0.298
3538,2019-03-23 00:40:54,0.294
3539,2019-03-23 00:40:54,0.302
3540,2019-03-23 00:40:55,0.272
3541,2019-03-23 00:40:55,0.287
3542,2019-03-23 00:40:56,0.304
3543,2019-03-23 00:40:56,0.302
3544,2019-03-23 00:40:57,0.290
3545,2019-03-23 00:40:57,0.289
3546,2019-03-23 00:40:58,0.300
3547,2019-03-23 00:40:58,0.292
3548,2019-03-23 00:40:58,0.296
3549,2019-03-23 00:40:58,0.285
3550,2019-03-23 00:40:59,0.290
3551,2019-03-23 00:40:59,0.293
3552,2019-03-23 00:40:59,0.295
3553,2019-03-23 00:41:00,0.293
3554,2019-03-23 00:41:00,0.226
3555,2019-03-23 00:41:00,0.297
3556,2019-03-23 00:41:01,0.293
3557,2019-03-23 00:41:02,0.287
3558,2019-03-23 00:41:03,0.296
3559,2019-03-23 00:41:03,0.303
3560,2019-03-23 00:41:03,0.294
3561,2019-03-23 00:41:03,0.297
3562,2019-03-23 00:41:04,0.297
3563,2019-03-23 00:41:05,0.300
3564,2019-03-23 00:41:05,0.293
3565,2019-03-23 00:41:07,0.293
3566,2019-03-23 00:41:08,0.285
3567,2019-03-23 00:41:08,0.300
3568,2019-03-23 00:41:08,0.310
3569,2019-03-23 00:41:09,0.213
3570,2019-03-23 00:41:09,0.291
3571,2019-03-23 00:41:10,0.306
3572,2019-03-23 00:41:11,0.295
3573,2019-03-23 00:41:13,0.213
3574,2019-03-23 00:41:13,0.291
3575,2019-03-23 00:41:13,0.301
3576,2019-03-23 00:41:14,0.297
3577,2019-03-23 00:41:14,0.292
3578,2019-03-23 00:41:14,0.294
3579,2019-03-23 00:41:15,0.298
3580,2019-03-23 00:41:15,0.284
3581,2019-03-23 00:41:15,0.293
3582,2019-03-23 00:41:16,0.308
3583,2019-03-23 00:41:16,0.297
3584,2019-03-23 00:41:17,0.304
3585,2019-03-23 00:41:17,0.284
3586,2019-03-23 00:41:17,0.297
3587,2019-03-23 00:41:18,0.297
3588,2019-03-23 00:41:18,0.303
3589,2019-03-23 00:41:18,0.291
3590,2019-03-23 00:41:19,0.300
3591,2019-03-23 00:41:19,0.297
3592,2019-03-23 00:41:19,0.276
3593,2019-03-23 00:41:20,0.305
3594,2019-03-23 00:41:20,0.300
3595,2019-03-23 00:41:21,0.301
3596,2019-03-23 00:41:22,0.303
3597,2019-03-23 00:41:23,0.212
3598,2019-03-23 00:41:24,0.308
3599,2019-03-23 00:41:25,0.296
3600,2019-03-23 00:41:25,0.300
3601,2019-03-23 00:41:25,0.297
3602,2019-03-23 00:41:25,0.310
3603,2019-03-23 00:41:25,0.293
3604,2019-03-23 00:41:27,0.281
3605,2019-03-23 00:41:27,0.306
3606,2019-03-23 00:41:28,0.295
3607,2019-03-23 00:41:29,0.298
3608,2019-03-23 00:41:29,0.302
3609,2019-03-23 00:41:29,0.302
3610,2019-03-23 00:41:30,0.308
3611,2019-03-23 00:41:30,0.296
3612,2019-03-23 00:41:30,0.300
3613,2019-03-23 00:41:32,0.304
3614,2019-03-23 00:41:32,0.295
3615,2019-03-23 00:41:33,0.300
3616,2019-03-23 00:41:34,0.295
3617,2019-03-23 00:41:34,0.295
3618,2019-03-23 00:41:36,0.294
3619,2019-03-23 00:41:36,0.296
3620,2019-03-23 00:41:37,0.299
3621,2019-03-23 00:41:38,0.284
3622,2019-03-23 00:41:38,0.299
3623,2019-03-23 00:41:39,0.292
3624,2019-03-23 00:41:39,0.291
3625,2019-03-23 00:41:39,0.296
3626,2019-03-23 00:41:40,0.295
3627,2019-03-23 00:41:41,0.283
3628,2019-03-23 00:41:41,0.299
3629,2019-03-23 00:41:43,0.207
3630,2019-03-23 00:41:43,0.283
3631,2019-03-23 00:41:45,0.217
3632,2019-03-23 00:41:45,0.288
3633,2019-03-23 00:41:46,0.285
3634,2019-03-23 00:41:46,0.284
3635,2019-03-23 00:41:47,0.213
3636,2019-03-23 00:41:47,0.305
3637,2019-03-23 00:41:48,0.298
3638,2019-03-23 00:41:48,0.213
3639,2019-03-23 00:41:48,0.302
3640,2019-03-23 00:41:50,0.287
3641,2019-03-23 00:41:50,0.284
3642,2019-03-23 00:41:51,0.279
3643,2019-03-23 00:41:52,0.279
3644,2019-03-23 00:41:52,0.293
3645,2019-03-23 00:41:52,0.278
3646,2019-03-23 00:41:53,0.297
3647,2019-03-23 00:41:53,0.288
3648,2019-03-23 00:41:53,0.296
3649,2019-03-23 00:41:54,0.318
3650,2019-03-23 00:41:54,0.310
3651,2019-03-23 00:41:55,0.302
3652,2019-03-23 00:41:55,0.286
3653,2019-03-23 00:41:55,0.293
3654,2019-03-23 00:41:56,0.298
3655,2019-03-23 00:41:56,0.214
3656,2019-03-23 00:41:56,0.296
3657,2019-03-23 00:41:56,0.296
3658,2019-03-23 00:41:56,0.276
3659,2019-03-23 00:41:57,0.286
3660,2019-03-23 00:41:57,0.293
3661,2019-03-23 00:41:58,0.296
3662,2019-03-23 00:41:58,0.295
3663,2019-03-23 00:41:58,0.290
3664,2019-03-23 00:41:58,0.292
3665,2019-03-23 00:41:58,0.286
3666,2019-03-23 00:41:58,0.283
3667,2019-03-23 00:41:59,0.302
3668,2019-03-23 00:42:00,0.281
3669,2019-03-23 00:42:00,0.299
3670,2019-03-23 00:42:01,0.288
3671,2019-03-23 00:42:01,0.299
3672,2019-03-23 00:42:01,0.311
3673,2019-03-23 00:42:02,0.290
3674,2019-03-23 00:42:02,0.299
3675,2019-03-23 00:42:03,0.288
3676,2019-03-23 00:42:03,0.286
3677,2019-03-23 00:42:03,0.286
3678,2019-03-23 00:42:04,0.295
3679,2019-03-23 00:42:06,0.281
3680,2019-03-23 00:42:07,0.299
3681,2019-03-23 00:42:08,0.278
3682,2019-03-23 00:42:09,0.284
3683,2019-03-23 00:42:09,0.292
3684,2019-03-23 00:42:09,0.215
3685,2019-03-23 00:42:09,0.299
3686,2019-03-23 00:42:10,0.310
3687,2019-03-23 00:42:11,0.296
3688,2019-03-23 00:42:12,0.298
3689,2019-03-23 00:42:12,0.297
3690,2019-03-23 00:42:12,0.291
3691,2019-03-23 00:42:13,0.298
3692,2019-03-23 00:42:13,0.277
3693,2019-03-23 00:42:14,0.292
3694,2019-03-23 00:42:15,0.302
3695,2019-03-23 00:42:15,0.223
3696,2019-03-23 00:42:15,0.286
3697,2019-03-23 00:42:15,0.294
3698,2019-03-23 00:42:16,0.283
3699,2019-03-23 00:42:16,0.292
3700,2019-03-23 00:42:17,0.215
3701,2019-03-23 00:42:17,0.288
3702,2019-03-23 00:42:18,0.302
3703,2019-03-23 00:42:19,0.297
3704,2019-03-23 00:42:19,0.291
3705,2019-03-23 00:42:19,0.300
3706,2019-03-23 00:42:19,0.287
3707,2019-03-23 00:42:20,0.295
3708,2019-03-23 00:42:20,0.298
3709,2019-03-23 00:42:22,0.296
3710,2019-03-23 00:42:22,0.317
3711,2019-03-23 00:42:24,0.288
3712,2019-03-23 00:42:24,0.294
3713,2019-03-23 00:42:24,0.299
3714,2019-03-23 00:42:25,0.369
3715,2019-03-23 00:42:25,0.298
3716,2019-03-23 00:42:25,0.298
3717,2019-03-23 00:42:25,0.213
3718,2019-03-23 00:42:27,0.299
3719,2019-03-23 00:42:28,0.292
3720,2019-03-23 00:42:29,0.296
3721,2019-03-23 00:42:29,0.292
3722,2019-03-23 00:42:30,0.281
3723,2019-03-23 00:42:30,0.281
3724,2019-03-23 00:42:31,0.292
3725,2019-03-23 00:42:31,0.303
3726,2019-03-23 00:42:32,0.289
3727,2019-03-23 00:42:32,0.284
3728,2019-03-23 00:42:32,0.290
3729,2019-03-23 00:42:33,0.283
3730,2019-03-23 00:42:35,0.302
3731,2019-03-23 00:42:35,0.295
3732,2019-03-23 00:42:35,0.286
3733,2019-03-23 00:42:35,0.296
3734,2019-03-23 00:42:36,0.296
3735,2019-03-23 00:42:36,0.294
3736,2019-03-23 00:42:36,0.283
3737,2019-03-23 00:42:38,0.291
3738,2019-03-23 00:42:38,0.297
3739,2019-03-23 00:42:39,0.307
3740,2019-03-23 00:42:40,0.294
3741,2019-03-23 00:42:40,0.294
3742,2019-03-23 00:42:41,0.309
3743,2019-03-23 00:42:41,0.308
3744,2019-03-23 00:42:42,0.309
3745,2019-03-23 00:42:43,0.282
3746,2019-03-23 00:42:43,0.291
3747,2019-03-23 00:42:44,0.287
3748,2019-03-23 00:42:45,0.214
3749,2019-03-23 00:42:45,0.292
3750,2019-03-23 00:42:45,0.295
3751,2019-03-23 00:42:45,0.294
3752,2019-03-23 00:42:46,0.293
3753,2019-03-23 00:42:46,0.287
3754,2019-03-23 00:42:46,0.294
3755,2019-03-23 00:42:46,0.285
3756,2019-03-23 00:42:47,0.290
3757,2019-03-23 00:42:47,0.294
3758,2019-03-23 00:42:48,0.290
3759,2019-03-23 00:42:48,0.283
3760,2019-03-23 00:42:49,0.295
3761,2019-03-23 00:42:49,0.308
3762,2019-03-23 00:42:50,0.289
3763,2019-03-23 00:42:50,0.293
3764,2019-03-23 00:42:50,0.300
3765,2019-03-23 00:42:51,0.308
3766,2019-03-23 00:42:51,0.299
3767,2019-03-23 00:42:51,0.214
3768,2019-03-23 00:42:52,0.304
3769,2019-03-23 00:42:52,0.310
3770,2019-03-23 00:42:53,0.302
3771,2019-03-23 00:42:53,0.306
3772,2019-03-23 00:42:54,0.297
3773,2019-03-23 00:42:55,0.295
3774,2019-03-23 00:42:55,0.302
3775,2019-03-23 00:42:56,0.306
3776,2019-03-23 00:42:56,0.292
3777,2019-03-23 00:42:56,0.294
3778,2019-03-23 00:42:57,0.283
3779,2019-03-23 00:42:57,0.303
3780,2019-03-23 00:42:58,0.299
3781,2019-03-23 00:42:59,0.308
3782,2019-03-23 00:42:59,0.302
3783,2019-03-23 00:42:59,0.305
3784,2019-03-23 00:43:02,0.315
3785,2019-03-23 00:43:02,0.308
3786,2019-03-23 00:43:02,0.300
3787,2019-03-23 00:43:03,0.303
3788,2019-03-23 00:43:03,0.303
3789,2019-03-23 00:43:04,0.313
3790,2019-03-23 00:43:04,0.296
3791,2019-03-23 00:43:05,0.303
3792,2019-03-23 00:43:06,0.287
3793,2019-03-23 00:43:06,0.308
3794,2019-03-23 00:43:06,0.299
3795,2019-03-23 00:43:06,0.291
3796,2019-03-23 00:43:07,0.212
3797,2019-03-23 00:43:08,0.302
3798,2019-03-23 00:43:08,0.297
3799,2019-03-23 00:43:08,0.299
3800,2019-03-23 00:43:08,0.299
3801,2019-03-23 00:43:09,0.284
3802,2019-03-23 00:43:09,0.301
3803,2019-03-23 00:43:10,0.306
3804,2019-03-23 00:43:10,0.307
3805,2019-03-23 00:43:11,0.301
3806,2019-03-23 00:43:11,0.298
3807,2019-03-23 00:43:11,0.308
3808,2019-03-23 00:43:12,0.291
3809,2019-03-23 00:43:13,0.314
3810,2019-03-23 00:43:13,0.299
3811,2019-03-23 00:43:13,0.306
3812,2019-03-23 00:43:14,0.290
3813,2019-03-23 00:43:14,0.303
3814,2019-03-23 00:43:14,0.310
3815,2019-03-23 00:43:15,0.317
3816,2019-03-23 00:43:15,0.299
3817,2019-03-23 00:43:16,0.302
3818,2019-03-23 00:43:16,0.306
3819,2019-03-23 00:43:16,0.300
3820,2019-03-23 00:43:17,0.301
3821,2019-03-23 00:43:17,0.303
3822,2019-03-23 00:43:18,0.308
3823,2019-03-23 00:43:18,0.308
3824,2019-03-23 00:43:20,0.305
3825,2019-03-23 00:43:21,0.305
3826,2019-03-23 00:43:21,0.304
3827,2019-03-23 00:43:21,0.304
3828,2019-03-23 00:43:21,0.307
3829,2019-03-23 00:43:21,0.304
3830,2019-03-23 00:43:21,0.297
3831,2019-03-23 00:43:23,0.299
3832,2019-03-23 00:43:23,0.301
3833,2019-03-23 00:43:23,0.213
3834,2019-03-23 00:43:23,0.295
3835,2019-03-23 00:43:24,0.290
3836,2019-03-23 00:43:25,0.302
3837,2019-03-23 00:43:25,0.289
3838,2019-03-23 00:43:26,0.288
3839,2019-03-23 00:43:27,0.291
3840,2019-03-23 00:43:28,0.295
3841,2019-03-23 00:43:28,0.292
3842,2019-03-23 00:43:29,0.303
3843,2019-03-23 00:43:30,0.284
3844,2019-03-23 00:43:31,0.286
3845,2019-03-23 00:43:31,0.286
3846,2019-03-23 00:43:32,0.287
3847,2019-03-23 00:43:32,0.288
3848,2019-03-23 00:43:32,0.291
3849,2019-03-23 00:43:33,0.291
3850,2019-03-23 00:43:33,0.295
3851,2019-03-23 00:43:33,0.297
3852,2019-03-23 00:43:34,0.300
3853,2019-03-23 00:43:34,0.307
3854,2019-03-23 00:43:35,0.297
3855,2019-03-23 00:43:35,0.288
3856,2019-03-23 00:43:35,0.291
3857,2019-03-23 00:43:37,0.302
3858,2019-03-23 00:43:37,0.286
3859,2019-03-23 00:43:37,0.293
3860,2019-03-23 00:43:38,0.298
3861,2019-03-23 00:43:38,0.293
3862,2019-03-23 00:43:38,0.296
3863,2019-03-23 00:43:39,0.294
3864,2019-03-23 00:43:40,0.315
3865,2019-03-23 00:43:40,0.302
3866,2019-03-23 00:43:40,0.299
3867,2019-03-23 00:43:41,0.290
3868,2019-03-23 00:43:41,0.287
3869,2019-03-23 00:43:42,0.304
3870,2019-03-23 00:43:42,0.295
3871,2019-03-23 00:43:43,0.292
3872,2019-03-23 00:43:44,0.297
3873,2019-03-23 00:43:44,0.294
3874,2019-03-23 00:43:45,0.298
3875,2019-03-23 00:43:45,0.295
3876,2019-03-23 00:43:45,0.298
3877,2019-03-23 00:43:46,0.298
3878,2019-03-23 00:43:47,0.295
3879,2019-03-23 00:43:48,0.288
3880,2019-03-23 00:43:48,0.303
3881,2019-03-23 00:43:49,0.302
3882,2019-03-23 00:43:49,0.296
3883,2019-03-23 00:43:49,0.313
3884,2019-03-23 00:43:49,0.291
3885,2019-03-23 00:43:49,0.290
3886,2019-03-23 00:43:50,0.298
3887,2019-03-23 00:43:50,0.213
3888,2019-03-23 00:43:50,0.214
3889,2019-03-23 00:43:51,0.309
3890,2019-03-23 00:43:52,0.296
3891,2019-03-23 00:43:53,0.287
3892,2019-03-23 00:43:53,0.300
3893,2019-03-23 00:43:54,0.298
3894,2019-03-23 00:43:54,0.293
3895,2019-03-23 00:43:54,0.290
3896,2019-03-23 00:43:55,0.295
3897,2019-03-23 00:43:55,0.291
3898,2019-03-23 00:43:55,0.284
3899,2019-03-23 00:43:55,0.296
3900,2019-03-23 00:43:56,0.292
3901,2019-03-23 00:43:57,0.284
3902,2019-03-23 00:43:58,0.297
3903,2019-03-23 00:43:58,0.291
3904,2019-03-23 00:43:58,0.303
3905,2019-03-23 00:44:00,0.296
3906,2019-03-23 00:44:00,0.287
3907,2019-03-23 00:44:02,0.295
3908,2019-03-23 00:44:02,0.293
3909,2019-03-23 00:44:02,0.214
3910,2019-03-23 00:44:03,0.299
3911,2019-03-23 00:44:03,0.299
3912,2019-03-23 00:44:04,0.290
3913,2019-03-23 00:44:04,0.293
3914,2019-03-23 00:44:04,0.298
3915,2019-03-23 00:44:05,0.294
3916,2019-03-23 00:44:05,0.214
3917,2019-03-23 00:44:06,0.297
3918,2019-03-23 00:44:06,0.292
3919,2019-03-23 00:44:07,0.294
3920,2019-03-23 00:44:08,0.211
3921,2019-03-23 00:44:08,0.277
3922,2019-03-23 00:44:08,0.296
3923,2019-03-23 00:44:08,0.284
3924,2019-03-23 00:44:09,0.293
3925,2019-03-23 00:44:09,0.282
3926,2019-03-23 00:44:09,0.292
3927,2019-03-23 00:44:09,0.290
3928,2019-03-23 00:44:10,0.299
3929,2019-03-23 00:44:10,0.283
3930,2019-03-23 00:44:10,0.285
3931,2019-03-23 00:44:12,0.297
3932,2019-03-23 00:44:12,0.294
3933,2019-03-23 00:44:13,0.313
3934,2019-03-23 00:44:15,0.293
3935,2019-03-23 00:44:16,0.298
3936,2019-03-23 00:44:17,0.278
3937,2019-03-23 00:44:17,0.288
3938,2019-03-23 00:44:18,0.281
3939,2019-03-23 00:44:18,0.284
3940,2019-03-23 00:44:20,0.286
3941,2019-03-23 00:44:20,0.293
3942,2019-03-23 00:44:21,0.290
3943,2019-03-23 00:44:22,0.295
3944,2019-03-23 00:44:23,0.214
3945,2019-03-23 00:44:24,0.299
3946,2019-03-23 00:44:25,0.302
3947,2019-03-23 00:44:26,0.295
3948,2019-03-23 00:44:27,0.300
3949,2019-03-23 00:44:27,0.284
3950,2019-03-23 00:44:28,0.301
3951,2019-03-23 00:44:29,0.291
3952,2019-03-23 00:44:29,0.289
3953,2019-03-23 00:44:29,0.289
3954,2019-03-23 00:44:30,0.292
3955,2019-03-23 00:44:31,0.291
3956,2019-03-23 00:44:31,0.291
3957,2019-03-23 00:44:31,0.281
3958,2019-03-23 00:44:32,0.300
3959,2019-03-23 00:44:32,0.295
3960,2019-03-23 00:44:32,0.330
3961,2019-03-23 00:44:32,0.292
3962,2019-03-23 00:44:33,0.291
3963,2019-03-23 00:44:34,0.301
3964,2019-03-23 00:44:34,0.289
3965,2019-03-23 00:44:34,0.294
3966,2019-03-23 00:44:35,0.297
3967,2019-03-23 00:44:35,0.294
3968,2019-03-23 00:44:36,0.295
3969,2019-03-23 00:44:36,0.286
3970,2019-03-23 00:44:37,0.276
3971,2019-03-23 00:44:38,0.301
3972,2019-03-23 00:44:40,0.309
3973,2019-03-23 00:44:41,0.293
3974,2019-03-23 00:44:42,0.289
3975,2019-03-23 00:44:42,0.320
3976,2019-03-23 00:44:42,0.300
3977,2019-03-23 00:44:44,0.214
3978,2019-03-23 00:44:44,0.294
3979,2019-03-23 00:44:45,0.285
3980,2019-03-23 00:44:46,0.300
3981,2019-03-23 00:44:46,0.292
3982,2019-03-23 00:44:46,0.297
3983,2019-03-23 00:44:47,0.213
3984,2019-03-23 00:44:47,0.302
3985,2019-03-23 00:44:47,0.288
3986,2019-03-23 00:44:48,0.291
3987,2019-03-23 00:44:48,0.293
3988,2019-03-23 00:44:49,0.297
3989,2019-03-23 00:44:49,0.296
3990,2019-03-23 00:44:49,0.279
3991,2019-03-23 00:44:50,0.283
3992,2019-03-23 00:44:51,0.301
3993,2019-03-23 00:44:51,0.298
3994,2019-03-23 00:44:52,0.287
3995,2019-03-23 00:44:52,0.296
3996,2019-03-23 00:44:52,0.291
3997,2019-03-23 00:44:53,0.305
3998,2019-03-23 00:44:53,0.305
3999,2019-03-23 00:44:53,0.296
4000,2019-03-23 00:44:54,0.298
4001,2019-03-23 00:44:54,0.301
4002,2019-03-23 00:44:55,0.302
4003,2019-03-23 00:44:56,0.295
4004,2019-03-23 00:44:56,0.311
4005,2019-03-23 00:44:57,0.330
4006,2019-03-23 00:44:57,0.213
4007,2019-03-23 00:44:58,0.289
4008,2019-03-23 00:44:59,0.286
4009,2019-03-23 00:44:59,0.288
4010,2019-03-23 00:44:59,0.295
4011,2019-03-23 00:44:59,0.297
4012,2019-03-23 00:45:00,0.296
4013,2019-03-23 00:45:01,0.300
4014,2019-03-23 00:45:01,0.303
4015,2019-03-23 00:45:02,0.303
4016,2019-03-23 00:45:02,0.297
4017,2019-03-23 00:45:02,0.209
4018,2019-03-23 00:45:03,0.295
4019,2019-03-23 00:45:04,0.292
4020,2019-03-23 00:45:04,0.287
4021,2019-03-23 00:45:04,0.291
4022,2019-03-23 00:45:04,0.300
4023,2019-03-23 00:45:04,0.288
4024,2019-03-23 00:45:06,0.214
4025,2019-03-23 00:45:06,0.310
4026,2019-03-23 00:45:06,0.291
4027,2019-03-23 00:45:07,0.312
4028,2019-03-23 00:45:07,0.299
4029,2019-03-23 00:45:08,0.213
4030,2019-03-23 00:45:08,0.285
4031,2019-03-23 00:45:09,0.295
4032,2019-03-23 00:45:09,0.291
4033,2019-03-23 00:45:10,0.299
4034,2019-03-23 00:45:10,0.293
4035,2019-03-23 00:45:11,0.295
4036,2019-03-23 00:45:11,0.299
4037,2019-03-23 00:45:12,0.294
4038,2019-03-23 00:45:12,0.296
4039,2019-03-23 00:45:14,0.281
4040,2019-03-23 00:45:14,0.297
4041,2019-03-23 00:45:15,0.288
4042,2019-03-23 00:45:15,0.285
4043,2019-03-23 00:45:15,0.295
4044,2019-03-23 00:45:15,0.288
4045,2019-03-23 00:45:16,0.293
4046,2019-03-23 00:45:16,0.286
4047,2019-03-23 00:45:16,0.216
4048,2019-03-23 00:45:17,0.293
4049,2019-03-23 00:45:17,0.289
4050,2019-03-23 00:45:18,0.291
4051,2019-03-23 00:45:18,0.281
4052,2019-03-23 00:45:19,0.301
4053,2019-03-23 00:45:19,0.302
4054,2019-03-23 00:45:20,0.300
4055,2019-03-23 00:45:21,0.213
4056,2019-03-23 00:45:21,0.355
4057,2019-03-23 00:45:22,0.302
4058,2019-03-23 00:47:43,0.296
4059,2019-03-23 00:47:43,0.284
4060,2019-03-23 00:47:44,0.295
4061,2019-03-23 00:47:44,0.214
4062,2019-03-23 00:47:44,0.286
4063,2019-03-23 00:47:44,0.288
4064,2019-03-23 00:47:45,0.301
4065,2019-03-23 00:47:45,0.296
4066,2019-03-23 00:47:45,0.288
4067,2019-03-23 00:47:45,0.294
4068,2019-03-23 00:47:45,0.298
4069,2019-03-23 00:47:45,0.287
4070,2019-03-23 00:47:46,0.296
4071,2019-03-23 00:47:46,0.298
4072,2019-03-23 00:47:46,0.304
4073,2019-03-23 00:47:46,0.282
4074,2019-03-23 00:47:46,0.291
4075,2019-03-23 00:47:46,0.212
4076,2019-03-23 00:47:46,0.300
4077,2019-03-23 00:47:47,0.291
4078,2019-03-23 00:47:47,0.287
4079,2019-03-23 00:47:47,0.286
4080,2019-03-23 00:47:47,0.282
4081,2019-03-23 00:47:47,0.295
4082,2019-03-23 00:47:47,0.290
4083,2019-03-23 00:47:47,0.213
4084,2019-03-23 00:47:48,0.306
4085,2019-03-23 00:47:48,0.287
4086,2019-03-23 00:47:48,0.278
4087,2019-03-23 00:47:48,0.284
4088,2019-03-23 00:47:48,0.284
4089,2019-03-23 00:47:48,0.293
4090,2019-03-23 00:47:49,0.278
4091,2019-03-23 00:47:49,0.278
4092,2019-03-23 00:47:49,0.289
4093,2019-03-23 00:47:49,0.288
4094,2019-03-23 00:47:49,0.274
4095,2019-03-23 00:47:49,0.283
4096,2019-03-23 00:47:49,0.290
4097,2019-03-23 00:47:49,0.283
4098,2019-03-23 00:47:49,0.282
4099,2019-03-23 00:47:49,0.289
4100,2019-03-23 00:47:50,0.292
4101,2019-03-23 00:47:50,0.296
4102,2019-03-23 00:47:50,0.294
4103,2019-03-23 00:47:51,0.297
4104,2019-03-23 00:47:51,0.290
4105,2019-03-23 00:47:51,0.284
4106,2019-03-23 00:47:51,0.305
4107,2019-03-23 00:47:51,0.288
4108,2019-03-23 00:47:52,0.282
4109,2019-03-23 00:47:52,0.291
4110,2019-03-23 00:47:52,0.290
4111,2019-03-23 00:47:52,0.289
4112,2019-03-23 00:47:52,0.285
4113,2019-03-23 00:47:53,0.305
4114,2019-03-23 00:47:53,0.305
4115,2019-03-23 00:47:53,0.286
4116,2019-03-23 00:47:53,0.281
4117,2019-03-23 00:47:54,0.301
4118,2019-03-23 00:47:54,0.295
4119,2019-03-23 00:47:54,0.297
4120,2019-03-23 00:47:54,0.291
4121,2019-03-23 00:47:55,0.290
4122,2019-03-23 00:47:55,0.289
4123,2019-03-23 00:47:55,0.303
4124,2019-03-23 00:47:56,0.289
4125,2019-03-23 00:47:56,0.307
4126,2019-03-23 00:47:56,0.213
4127,2019-03-23 00:47:56,0.280
4128,2019-03-23 00:47:56,0.301
4129,2019-03-23 00:47:57,0.276
4130,2019-03-23 00:47:57,0.296
4131,2019-03-23 00:47:57,0.282
4132,2019-03-23 00:47:57,0.295
4133,2019-03-23 00:47:57,0.286
4134,2019-03-23 00:47:57,0.301
4135,2019-03-23 00:47:58,0.293
4136,2019-03-23 00:47:58,0.291
4137,2019-03-23 00:47:58,0.297
4138,2019-03-23 00:47:58,0.301
4139,2019-03-23 00:47:58,0.284
4140,2019-03-23 00:47:59,0.289
4141,2019-03-23 00:47:59,0.294
4142,2019-03-23 00:47:59,0.287
4143,2019-03-23 00:47:59,0.294
4144,2019-03-23 00:48:00,0.283
4145,2019-03-23 00:48:00,0.362
4146,2019-03-23 00:48:01,0.323
4147,2019-03-23 00:48:01,0.297
4148,2019-03-23 00:48:01,0.291
4149,2019-03-23 00:48:02,0.296
4150,2019-03-23 00:48:02,0.298
4151,2019-03-23 00:48:02,0.287
4152,2019-03-23 00:48:03,0.297
4153,2019-03-23 00:48:03,0.293
4154,2019-03-23 00:48:03,0.293
4155,2019-03-23 00:48:03,0.292
4156,2019-03-23 00:48:03,0.302
4157,2019-03-23 00:48:04,0.282
4158,2019-03-23 00:48:04,0.290
4159,2019-03-23 00:48:04,0.286
4160,2019-03-23 00:48:05,0.288
4161,2019-03-23 00:48:05,0.294
4162,2019-03-23 00:48:05,0.288
4163,2019-03-23 00:48:06,0.293
4164,2019-03-23 00:48:06,0.296
4165,2019-03-23 00:48:06,0.278
4166,2019-03-23 00:48:06,0.298
4167,2019-03-23 00:48:06,0.291
4168,2019-03-23 00:48:06,0.292
4169,2019-03-23 00:48:07,0.307
4170,2019-03-23 00:48:07,0.213
4171,2019-03-23 00:48:07,0.297
4172,2019-03-23 00:48:07,0.298
4173,2019-03-23 00:48:08,0.279
4174,2019-03-23 00:48:08,0.212
4175,2019-03-23 00:48:09,0.216
4176,2019-03-23 00:48:09,0.291
4177,2019-03-23 00:48:11,0.303
4178,2019-03-23 00:48:11,0.293
4179,2019-03-23 00:48:12,0.287
4180,2019-03-23 00:48:12,0.296
4181,2019-03-23 00:48:12,0.292
4182,2019-03-23 00:48:13,0.360
4183,2019-03-23 00:48:13,0.290
4184,2019-03-23 00:48:14,0.577
4185,2019-03-23 00:48:14,0.295
4186,2019-03-23 00:48:14,0.293
4187,2019-03-23 00:48:14,0.298
4188,2019-03-23 00:48:15,0.280
4189,2019-03-23 00:48:15,0.302
4190,2019-03-23 00:48:15,0.301
4191,2019-03-23 00:48:16,0.287
4192,2019-03-23 00:48:16,0.288
4193,2019-03-23 00:48:17,0.289
4194,2019-03-23 00:48:17,0.295
4195,2019-03-23 00:48:18,0.294
4196,2019-03-23 00:48:18,0.290
4197,2019-03-23 00:48:18,0.296
4198,2019-03-23 00:48:19,0.342
4199,2019-03-23 00:48:19,0.281
4200,2019-03-23 00:48:19,0.367
4201,2019-03-23 00:48:20,0.306
4202,2019-03-23 00:48:20,0.303
4203,2019-03-23 00:48:22,0.317
4204,2019-03-23 00:48:22,0.286
4205,2019-03-23 00:48:23,0.294
4206,2019-03-23 00:48:23,0.281
4207,2019-03-23 00:48:23,0.299
4208,2019-03-23 00:48:24,0.293
4209,2019-03-23 00:48:24,0.207
4210,2019-03-23 00:48:24,0.295
4211,2019-03-23 00:48:25,0.307
4212,2019-03-23 00:48:26,0.294
4213,2019-03-23 00:48:26,0.293
4214,2019-03-23 00:48:27,0.317
4215,2019-03-23 00:48:29,0.284
4216,2019-03-23 00:48:29,0.287
4217,2019-03-23 00:48:29,0.290
4218,2019-03-23 00:48:29,0.298
4219,2019-03-23 00:48:29,0.277
4220,2019-03-23 00:48:31,0.298
4221,2019-03-23 00:48:31,0.296
4222,2019-03-23 00:48:32,0.309
4223,2019-03-23 00:48:32,0.295
4224,2019-03-23 00:48:33,0.295
4225,2019-03-23 00:48:33,0.303
4226,2019-03-23 00:48:34,0.296
4227,2019-03-23 00:48:34,0.296
4228,2019-03-23 00:48:35,0.281
4229,2019-03-23 00:48:35,0.284
4230,2019-03-23 00:48:36,0.287
4231,2019-03-23 00:48:36,0.276
4232,2019-03-23 00:48:37,0.306
4233,2019-03-23 00:48:37,0.300
4234,2019-03-23 00:48:38,0.295
4235,2019-03-23 00:48:38,0.212
4236,2019-03-23 00:48:39,0.289
4237,2019-03-23 00:48:39,0.310
4238,2019-03-23 00:48:39,0.305
4239,2019-03-23 00:48:40,0.292
4240,2019-03-23 00:48:41,0.309
4241,2019-03-23 00:48:42,0.286
4242,2019-03-23 00:48:42,0.299
4243,2019-03-23 00:48:44,0.301
4244,2019-03-23 00:48:44,0.342
4245,2019-03-23 00:48:45,0.307
4246,2019-03-23 00:48:45,0.300
4247,2019-03-23 00:48:45,0.295
4248,2019-03-23 00:48:46,0.291
4249,2019-03-23 00:48:46,0.307
4250,2019-03-23 00:48:46,0.304
4251,2019-03-23 00:48:47,0.308
4252,2019-03-23 00:48:47,0.290
4253,2019-03-23 00:48:48,0.300
4254,2019-03-23 00:48:48,0.298
4255,2019-03-23 00:48:48,0.279
4256,2019-03-23 00:48:49,0.289
4257,2019-03-23 00:48:50,0.281
4258,2019-03-23 00:48:50,0.323
4259,2019-03-23 00:48:51,0.287
4260,2019-03-23 00:48:51,0.292
4261,2019-03-23 00:48:54,0.287
4262,2019-03-23 00:48:55,0.285
4263,2019-03-23 00:48:55,0.213
4264,2019-03-23 00:48:56,0.307
4265,2019-03-23 00:48:56,0.307
4266,2019-03-23 00:48:57,0.311
4267,2019-03-23 00:48:57,0.300
4268,2019-03-23 00:48:57,0.296
4269,2019-03-23 00:48:58,0.296
4270,2019-03-23 00:48:59,0.304
4271,2019-03-23 00:48:59,0.300
4272,2019-03-23 00:49:00,0.288
4273,2019-03-23 00:49:00,0.290
4274,2019-03-23 00:49:00,0.297
4275,2019-03-23 00:49:00,0.302
4276,2019-03-23 00:49:02,0.300
4277,2019-03-23 00:49:02,0.313
4278,2019-03-23 00:49:02,0.282
4279,2019-03-23 00:49:03,0.307
4280,2019-03-23 00:49:04,0.300
4281,2019-03-23 00:49:04,0.277
4282,2019-03-23 00:49:05,0.291
4283,2019-03-23 00:49:05,0.294
4284,2019-03-23 00:49:05,0.292
4285,2019-03-23 00:49:05,0.292
4286,2019-03-23 00:49:06,0.305
4287,2019-03-23 00:49:07,0.213
4288,2019-03-23 00:49:08,0.290
4289,2019-03-23 00:49:09,0.291
4290,2019-03-23 00:49:09,0.292
4291,2019-03-23 00:49:09,0.302
4292,2019-03-23 00:49:10,0.305
4293,2019-03-23 00:49:10,0.291
4294,2019-03-23 00:49:10,0.301
4295,2019-03-23 00:49:10,0.286
4296,2019-03-23 00:49:10,0.293
4297,2019-03-23 00:49:11,0.281
4298,2019-03-23 00:49:12,0.287
4299,2019-03-23 00:49:13,0.299
4300,2019-03-23 00:49:14,0.292
4301,2019-03-23 00:49:15,0.289
4302,2019-03-23 00:49:17,0.294
4303,2019-03-23 00:49:17,0.298
4304,2019-03-23 00:49:17,0.311
4305,2019-03-23 00:49:18,0.307
4306,2019-03-23 00:49:18,0.295
4307,2019-03-23 00:49:19,0.290
4308,2019-03-23 00:49:19,0.294
4309,2019-03-23 00:49:22,0.298
4310,2019-03-23 00:49:22,0.296
4311,2019-03-23 00:49:22,0.293
4312,2019-03-23 00:49:23,0.293
4313,2019-03-23 00:49:23,0.283
4314,2019-03-23 00:49:24,0.212
4315,2019-03-23 00:49:24,0.302
4316,2019-03-23 00:49:25,0.314
4317,2019-03-23 00:49:26,0.286
4318,2019-03-23 00:49:27,0.295
4319,2019-03-23 00:49:27,0.299
4320,2019-03-23 00:49:28,0.302
4321,2019-03-23 00:49:28,0.291
4322,2019-03-23 00:49:29,0.295
4323,2019-03-23 00:49:29,0.299
4324,2019-03-23 00:49:29,0.303
4325,2019-03-23 00:49:30,0.301
4326,2019-03-23 00:49:31,0.304
4327,2019-03-23 00:49:31,0.294
4328,2019-03-23 00:49:32,0.303
4329,2019-03-23 00:49:33,0.288
4330,2019-03-23 00:49:34,0.293
4331,2019-03-23 00:49:35,0.286
4332,2019-03-23 00:49:35,0.292
4333,2019-03-23 00:49:36,0.292
4334,2019-03-23 00:49:37,0.303
4335,2019-03-23 00:49:37,0.292
4336,2019-03-23 00:49:38,0.295
4337,2019-03-23 00:49:38,0.281
4338,2019-03-23 00:49:38,0.301
4339,2019-03-23 00:49:39,0.292
4340,2019-03-23 00:49:39,0.282
4341,2019-03-23 00:49:39,0.297
4342,2019-03-23 00:49:39,0.299
4343,2019-03-23 00:49:40,0.282
4344,2019-03-23 00:49:40,0.303
4345,2019-03-23 00:49:40,0.284
4346,2019-03-23 00:49:41,0.289
4347,2019-03-23 00:49:41,0.282
4348,2019-03-23 00:49:42,0.296
4349,2019-03-23 00:49:42,0.296
4350,2019-03-23 00:49:43,0.295
4351,2019-03-23 00:49:43,0.299
4352,2019-03-23 00:49:43,0.289
4353,2019-03-23 00:49:44,0.313
4354,2019-03-23 00:49:45,0.298
4355,2019-03-23 00:49:45,0.293
4356,2019-03-23 00:49:45,0.291
4357,2019-03-23 00:49:47,0.291
4358,2019-03-23 00:49:47,0.285
4359,2019-03-23 00:49:48,0.298
4360,2019-03-23 00:49:48,0.320
4361,2019-03-23 00:49:49,0.344
4362,2019-03-23 00:49:49,0.294
4363,2019-03-23 00:49:49,0.296
4364,2019-03-23 00:49:50,0.291
4365,2019-03-23 00:49:51,0.296
4366,2019-03-23 00:49:51,0.290
4367,2019-03-23 00:49:51,0.280
4368,2019-03-23 00:49:51,0.308
4369,2019-03-23 00:49:52,0.294
4370,2019-03-23 00:49:55,0.213
4371,2019-03-23 00:49:55,0.292
4372,2019-03-23 00:49:56,0.299
4373,2019-03-23 00:49:56,0.298
4374,2019-03-23 00:49:57,0.212
4375,2019-03-23 00:49:58,0.295
4376,2019-03-23 00:49:59,0.298
4377,2019-03-23 00:49:59,0.303
4378,2019-03-23 00:50:00,0.285
4379,2019-03-23 00:50:00,0.295
4380,2019-03-23 00:50:00,0.286
4381,2019-03-23 00:50:01,0.300
4382,2019-03-23 00:50:01,0.290
4383,2019-03-23 00:50:02,0.283
4384,2019-03-23 00:50:02,0.290
4385,2019-03-23 00:50:02,0.290
4386,2019-03-23 00:50:03,0.213
4387,2019-03-23 00:50:03,0.288
4388,2019-03-23 00:50:03,0.298
4389,2019-03-23 00:50:03,0.298
4390,2019-03-23 00:50:04,0.287
4391,2019-03-23 00:50:04,0.274
4392,2019-03-23 00:50:04,0.287
4393,2019-03-23 00:50:04,0.298
4394,2019-03-23 00:50:05,0.297
4395,2019-03-23 00:50:05,0.290
4396,2019-03-23 00:50:05,0.304
4397,2019-03-23 00:50:06,0.212
4398,2019-03-23 00:50:06,0.292
4399,2019-03-23 00:50:06,0.285
4400,2019-03-23 00:50:07,0.302
4401,2019-03-23 00:50:08,0.305
4402,2019-03-23 00:50:08,0.332
4403,2019-03-23 00:50:09,0.297
4404,2019-03-23 00:50:09,0.295
4405,2019-03-23 00:50:09,0.291
4406,2019-03-23 00:50:11,0.284
4407,2019-03-23 00:50:11,0.295
4408,2019-03-23 00:50:11,0.401
4409,2019-03-23 00:50:11,0.305
4410,2019-03-23 00:50:12,0.283
4411,2019-03-23 00:50:13,0.295
4412,2019-03-23 00:50:13,0.277
4413,2019-03-23 00:50:13,0.290
4414,2019-03-23 00:50:13,0.293
4415,2019-03-23 00:50:14,0.291
4416,2019-03-23 00:50:14,0.292
4417,2019-03-23 00:50:15,0.295
4418,2019-03-23 00:50:17,0.297
4419,2019-03-23 00:50:17,0.294
4420,2019-03-23 00:50:18,0.292
4421,2019-03-23 00:50:18,0.315
4422,2019-03-23 00:50:19,0.280
4423,2019-03-23 00:50:19,0.298
4424,2019-03-23 00:50:19,0.294
4425,2019-03-23 00:50:19,0.292
4426,2019-03-23 00:50:20,0.307
4427,2019-03-23 00:50:20,0.298
4428,2019-03-23 00:50:20,0.283
4429,2019-03-23 00:50:20,0.282
4430,2019-03-23 00:50:22,0.295
4431,2019-03-23 00:50:22,0.278
4432,2019-03-23 00:50:22,0.292
4433,2019-03-23 00:50:23,0.297
4434,2019-03-23 00:50:23,0.309
4435,2019-03-23 00:50:24,0.279
4436,2019-03-23 00:50:24,0.301
4437,2019-03-23 00:50:24,0.285
4438,2019-03-23 00:50:24,0.295
4439,2019-03-23 00:50:24,0.300
4440,2019-03-23 00:50:25,0.294
4441,2019-03-23 00:50:27,0.281
4442,2019-03-23 00:50:27,0.296
4443,2019-03-23 00:50:28,0.299
4444,2019-03-23 00:50:29,0.213
4445,2019-03-23 00:50:30,0.299
4446,2019-03-23 00:50:31,0.288
4447,2019-03-23 00:50:31,0.276
4448,2019-03-23 00:50:32,0.284
4449,2019-03-23 00:50:32,0.290
4450,2019-03-23 00:50:33,0.287
4451,2019-03-23 00:50:34,0.290
4452,2019-03-23 00:50:35,0.292
4453,2019-03-23 00:50:35,0.310
4454,2019-03-23 00:50:38,0.290
4455,2019-03-23 00:50:38,0.293
4456,2019-03-23 00:50:38,0.285
4457,2019-03-23 00:50:38,0.283
4458,2019-03-23 00:50:39,0.293
4459,2019-03-23 00:50:40,0.291
4460,2019-03-23 00:50:41,0.298
4461,2019-03-23 00:50:42,0.305
4462,2019-03-23 00:50:42,0.291
4463,2019-03-23 00:50:42,0.287
4464,2019-03-23 00:50:42,0.290
4465,2019-03-23 00:50:43,0.298
4466,2019-03-23 00:50:43,0.294
4467,2019-03-23 00:50:43,0.297
4468,2019-03-23 00:50:44,0.291
4469,2019-03-23 00:50:44,0.311
4470,2019-03-23 00:50:45,0.291
4471,2019-03-23 00:50:45,0.290
4472,2019-03-23 00:50:45,0.284
4473,2019-03-23 00:50:45,0.284
4474,2019-03-23 00:50:46,0.297
4475,2019-03-23 00:50:46,0.300
4476,2019-03-23 00:50:47,0.288
4477,2019-03-23 00:50:48,0.284
4478,2019-03-23 00:50:48,0.298
4479,2019-03-23 00:50:49,0.297
4480,2019-03-23 00:50:50,0.303
4481,2019-03-23 00:50:50,0.285
4482,2019-03-23 00:50:50,0.213
4483,2019-03-23 00:50:51,0.311
4484,2019-03-23 00:50:52,0.283
4485,2019-03-23 00:50:53,0.289
4486,2019-03-23 00:50:53,0.292
4487,2019-03-23 00:50:54,0.300
4488,2019-03-23 00:50:55,0.285
4489,2019-03-23 00:50:55,0.283
4490,2019-03-23 00:50:55,0.297
4491,2019-03-23 00:50:55,0.213
4492,2019-03-23 00:50:56,0.306
4493,2019-03-23 00:50:57,0.299
4494,2019-03-23 00:50:58,0.296
4495,2019-03-23 00:50:59,0.300
4496,2019-03-23 00:50:59,0.287
4497,2019-03-23 00:50:59,0.296
4498,2019-03-23 00:51:00,0.292
4499,2019-03-23 00:51:00,0.296
4500,2019-03-23 00:51:00,0.301
4501,2019-03-23 00:51:00,0.298
4502,2019-03-23 00:51:00,0.284
4503,2019-03-23 00:51:01,0.292
4504,2019-03-23 00:51:02,0.303
4505,2019-03-23 00:51:02,0.291
4506,2019-03-23 00:51:03,0.293
4507,2019-03-23 00:51:03,0.294
4508,2019-03-23 00:51:03,0.305
4509,2019-03-23 00:51:04,0.291
4510,2019-03-23 00:51:05,0.299
4511,2019-03-23 00:51:05,0.298
4512,2019-03-23 00:51:05,0.289
4513,2019-03-23 00:51:07,0.296
4514,2019-03-23 00:51:07,0.301
4515,2019-03-23 00:51:07,0.291
4516,2019-03-23 00:51:07,0.298
4517,2019-03-23 00:51:08,0.287
4518,2019-03-23 00:51:08,0.277
4519,2019-03-23 00:51:08,0.294
4520,2019-03-23 00:51:09,0.305
4521,2019-03-23 00:51:09,0.282
4522,2019-03-23 00:51:10,0.309
4523,2019-03-23 00:51:10,0.297
4524,2019-03-23 00:51:11,0.314
4525,2019-03-23 00:51:12,0.295
4526,2019-03-23 00:51:12,0.294
4527,2019-03-23 00:51:12,0.309
4528,2019-03-23 00:51:12,0.286
4529,2019-03-23 00:51:13,0.288
4530,2019-03-23 00:51:13,0.285
4531,2019-03-23 00:51:14,0.297
4532,2019-03-23 00:51:15,0.280
4533,2019-03-23 00:51:15,0.294
4534,2019-03-23 00:51:15,0.293
4535,2019-03-23 00:51:16,0.294
4536,2019-03-23 00:51:17,0.292
4537,2019-03-23 00:51:17,0.288
4538,2019-03-23 00:51:17,0.285
4539,2019-03-23 00:51:18,0.295
4540,2019-03-23 00:51:19,0.287
4541,2019-03-23 00:51:19,0.300
4542,2019-03-23 00:51:20,0.297
4543,2019-03-23 00:51:22,0.293
4544,2019-03-23 00:51:22,0.292
4545,2019-03-23 00:51:22,0.298
4546,2019-03-23 00:51:23,0.293
4547,2019-03-23 00:51:23,0.291
4548,2019-03-23 00:51:23,0.285
4549,2019-03-23 00:51:24,0.292
4550,2019-03-23 00:51:24,0.318
4551,2019-03-23 00:51:24,0.299
4552,2019-03-23 00:51:25,0.291
4553,2019-03-23 00:51:25,0.286
4554,2019-03-23 00:51:28,0.286
4555,2019-03-23 00:51:28,0.289
4556,2019-03-23 00:51:29,0.291
4557,2019-03-23 00:51:29,0.304
4558,2019-03-23 00:51:30,0.286
4559,2019-03-23 00:51:31,0.298
4560,2019-03-23 00:51:32,0.295
4561,2019-03-23 00:51:32,0.287
4562,2019-03-23 00:51:32,0.295
4563,2019-03-23 00:51:33,0.287
4564,2019-03-23 00:51:33,0.300
4565,2019-03-23 00:51:33,0.291
4566,2019-03-23 00:51:34,0.291
4567,2019-03-23 00:51:34,0.284
4568,2019-03-23 00:51:34,0.295
4569,2019-03-23 00:51:34,0.297
4570,2019-03-23 00:51:34,0.301
4571,2019-03-23 00:51:35,0.212
4572,2019-03-23 00:51:36,0.294
4573,2019-03-23 00:51:37,0.299
4574,2019-03-23 00:51:38,0.298
4575,2019-03-23 00:51:38,0.295
4576,2019-03-23 00:51:38,0.302
4577,2019-03-23 00:51:39,0.292
4578,2019-03-23 00:51:39,0.283
4579,2019-03-23 00:51:39,0.281
4580,2019-03-23 00:51:41,0.290
4581,2019-03-23 00:51:41,0.298
4582,2019-03-23 00:51:42,0.294
4583,2019-03-23 00:51:42,0.291
4584,2019-03-23 00:51:42,0.291
4585,2019-03-23 00:51:43,0.300
4586,2019-03-23 00:51:44,0.287
4587,2019-03-23 00:51:44,0.286
4588,2019-03-23 00:51:45,0.279
4589,2019-03-23 00:51:45,0.301
4590,2019-03-23 00:51:45,0.296
4591,2019-03-23 00:51:46,0.299
4592,2019-03-23 00:51:46,0.283
4593,2019-03-23 00:51:46,0.287
4594,2019-03-23 00:51:47,0.290
4595,2019-03-23 00:51:47,0.299
4596,2019-03-23 00:51:47,0.292
4597,2019-03-23 00:51:49,0.292
4598,2019-03-23 00:51:49,0.299
4599,2019-03-23 00:51:49,0.281
4600,2019-03-23 00:51:50,0.290
4601,2019-03-23 00:51:51,0.296
4602,2019-03-23 00:51:51,0.279
4603,2019-03-23 00:51:52,0.291
4604,2019-03-23 00:51:52,0.288
4605,2019-03-23 00:51:53,0.301
4606,2019-03-23 00:51:53,0.284
4607,2019-03-23 00:51:54,0.299
4608,2019-03-23 00:51:54,0.292
4609,2019-03-23 00:51:56,0.284
4610,2019-03-23 00:51:56,0.320
4611,2019-03-23 00:51:57,0.284
4612,2019-03-23 00:51:57,0.286
4613,2019-03-23 00:51:57,0.285
4614,2019-03-23 00:51:58,0.298
4615,2019-03-23 00:51:58,0.285
4616,2019-03-23 00:51:59,0.297
4617,2019-03-23 00:51:59,0.303
4618,2019-03-23 00:51:59,0.298
4619,2019-03-23 00:51:59,0.292
4620,2019-03-23 00:52:00,0.212
4621,2019-03-23 00:52:00,0.285
4622,2019-03-23 00:52:01,0.296
4623,2019-03-23 00:52:01,0.299
4624,2019-03-23 00:52:01,0.310
4625,2019-03-23 00:52:02,0.284
4626,2019-03-23 00:52:02,0.282
4627,2019-03-23 00:52:03,0.289
4628,2019-03-23 00:52:03,0.284
4629,2019-03-23 00:52:03,0.291
4630,2019-03-23 00:52:04,0.291
4631,2019-03-23 00:52:05,0.299
4632,2019-03-23 00:52:06,0.288
4633,2019-03-23 00:52:06,0.284
4634,2019-03-23 00:52:07,0.200
4635,2019-03-23 00:52:07,0.288
4636,2019-03-23 00:52:08,0.288
4637,2019-03-23 00:52:09,0.284
4638,2019-03-23 00:52:09,0.284
4639,2019-03-23 00:52:10,0.290
4640,2019-03-23 00:52:10,0.294
4641,2019-03-23 00:52:11,0.290
4642,2019-03-23 00:52:11,0.287
4643,2019-03-23 00:52:11,0.290
4644,2019-03-23 00:52:13,0.295
4645,2019-03-23 00:52:14,0.306
4646,2019-03-23 00:52:14,0.302
4647,2019-03-23 00:52:14,0.291
4648,2019-03-23 00:52:14,0.286
4649,2019-03-23 00:52:14,0.291
4650,2019-03-23 00:52:15,0.212
4651,2019-03-23 00:52:16,0.299
4652,2019-03-23 00:52:16,0.292
4653,2019-03-23 00:52:18,0.301
4654,2019-03-23 00:52:19,0.301
4655,2019-03-23 00:52:20,0.302
4656,2019-03-23 00:52:21,0.298
4657,2019-03-23 00:52:22,0.296
4658,2019-03-23 00:52:23,0.294
4659,2019-03-23 00:52:23,0.299
4660,2019-03-23 00:52:25,0.299
4661,2019-03-23 00:52:25,0.308
4662,2019-03-23 00:52:26,0.373
4663,2019-03-23 00:52:26,0.292
4664,2019-03-23 00:52:26,0.296
4665,2019-03-23 00:52:27,0.308
4666,2019-03-23 00:52:27,0.294
4667,2019-03-23 00:52:27,0.306
4668,2019-03-23 00:52:28,0.292
4669,2019-03-23 00:52:28,0.297
4670,2019-03-23 00:52:29,0.287
4671,2019-03-23 00:52:30,0.293
4672,2019-03-23 00:52:31,0.301
4673,2019-03-23 00:52:32,0.298
4674,2019-03-23 00:52:32,0.298
4675,2019-03-23 00:52:34,0.300
4676,2019-03-23 00:52:34,0.291
4677,2019-03-23 00:52:35,0.293
4678,2019-03-23 00:52:36,0.289
4679,2019-03-23 00:52:36,0.309
4680,2019-03-23 00:52:36,0.318
4681,2019-03-23 00:52:37,0.295
4682,2019-03-23 00:52:38,0.287
4683,2019-03-23 00:52:39,0.277
4684,2019-03-23 00:52:40,0.302
4685,2019-03-23 00:52:41,0.289
4686,2019-03-23 00:52:42,0.298
4687,2019-03-23 00:52:43,0.291
4688,2019-03-23 00:52:44,0.265
4689,2019-03-23 00:52:46,0.212
4690,2019-03-23 00:52:46,0.293
4691,2019-03-23 00:52:46,0.300
4692,2019-03-23 00:52:47,0.295
4693,2019-03-23 00:52:47,0.287
4694,2019-03-23 00:52:48,0.279
4695,2019-03-23 00:52:48,0.331
4696,2019-03-23 00:52:48,0.217
4697,2019-03-23 00:52:48,0.300
4698,2019-03-23 00:52:49,0.301
4699,2019-03-23 00:52:49,0.288
4700,2019-03-23 00:52:51,0.299
4701,2019-03-23 00:52:51,0.297
4702,2019-03-23 00:52:51,0.296
4703,2019-03-23 00:52:52,0.296
4704,2019-03-23 00:52:54,0.296
4705,2019-03-23 00:52:54,0.213
4706,2019-03-23 00:52:54,0.297
4707,2019-03-23 00:52:54,0.292
4708,2019-03-23 00:52:54,0.300
4709,2019-03-23 00:52:55,0.306
4710,2019-03-23 00:52:56,0.288
4711,2019-03-23 00:52:57,0.298
4712,2019-03-23 00:52:57,0.297
4713,2019-03-23 00:52:59,0.288
4714,2019-03-23 00:52:59,0.292
4715,2019-03-23 00:52:59,0.281
4716,2019-03-23 00:53:00,0.304
4717,2019-03-23 00:53:01,0.319
4718,2019-03-23 00:53:01,0.304
4719,2019-03-23 00:53:02,0.288
4720,2019-03-23 00:53:03,0.290
4721,2019-03-23 00:53:03,0.295
4722,2019-03-23 00:53:03,0.295
4723,2019-03-23 00:53:04,0.294
4724,2019-03-23 00:53:04,0.301
4725,2019-03-23 00:53:04,0.299
4726,2019-03-23 00:53:04,0.273
4727,2019-03-23 00:53:04,0.294
4728,2019-03-23 00:53:04,0.281
4729,2019-03-23 00:53:05,0.291
4730,2019-03-23 00:53:05,0.289
4731,2019-03-23 00:53:05,0.295
4732,2019-03-23 00:53:06,0.304
4733,2019-03-23 00:53:07,0.212
4734,2019-03-23 00:53:07,0.282
4735,2019-03-23 00:53:07,0.211
4736,2019-03-23 00:53:09,0.291
4737,2019-03-23 00:53:09,0.290
4738,2019-03-23 00:53:09,0.293
4739,2019-03-23 00:53:10,0.293
4740,2019-03-23 00:53:10,0.284
4741,2019-03-23 00:53:11,0.207
4742,2019-03-23 00:53:11,0.291
4743,2019-03-23 00:53:12,0.292
4744,2019-03-23 00:53:13,0.285
4745,2019-03-23 00:53:13,0.288
4746,2019-03-23 00:53:14,0.356
4747,2019-03-23 00:53:14,0.291
4748,2019-03-23 00:53:15,0.294
4749,2019-03-23 00:53:15,0.282
4750,2019-03-23 00:53:15,0.212
4751,2019-03-23 00:53:15,0.295
4752,2019-03-23 00:53:16,0.287
4753,2019-03-23 00:53:16,0.280
4754,2019-03-23 00:53:17,0.292
4755,2019-03-23 00:53:18,0.291
4756,2019-03-23 00:53:18,0.294
4757,2019-03-23 00:53:18,0.297
4758,2019-03-23 00:53:19,0.299
4759,2019-03-23 00:53:19,0.297
4760,2019-03-23 00:53:21,0.290
4761,2019-03-23 00:53:21,0.291
4762,2019-03-23 00:53:22,0.293
4763,2019-03-23 00:53:22,0.284
4764,2019-03-23 00:53:23,0.289
4765,2019-03-23 00:53:23,0.288
4766,2019-03-23 00:53:25,0.294
4767,2019-03-23 00:53:25,0.301
4768,2019-03-23 00:53:25,0.288
4769,2019-03-23 00:53:25,0.280
4770,2019-03-23 00:53:26,0.297
4771,2019-03-23 00:53:26,0.290
4772,2019-03-23 00:53:27,0.294
4773,2019-03-23 00:53:28,0.289
4774,2019-03-23 00:53:29,0.297
4775,2019-03-23 00:53:29,0.291
4776,2019-03-23 00:53:29,0.291
4777,2019-03-23 00:53:30,0.290
4778,2019-03-23 00:53:30,0.294
4779,2019-03-23 00:53:31,0.296
4780,2019-03-23 00:53:32,0.296
4781,2019-03-23 00:53:34,0.296
4782,2019-03-23 00:53:34,0.301
4783,2019-03-23 00:53:35,0.283
4784,2019-03-23 00:53:36,0.296
4785,2019-03-23 00:53:36,0.287
4786,2019-03-23 00:53:37,0.300
4787,2019-03-23 00:53:37,0.294
4788,2019-03-23 00:53:37,0.291
4789,2019-03-23 00:53:38,0.300
4790,2019-03-23 00:53:38,0.290
4791,2019-03-23 00:53:39,0.290
4792,2019-03-23 00:53:39,0.291
4793,2019-03-23 00:53:39,0.305
4794,2019-03-23 00:53:40,0.285
4795,2019-03-23 00:53:40,0.301
4796,2019-03-23 00:53:40,0.294
4797,2019-03-23 00:53:40,0.290
4798,2019-03-23 00:53:41,0.288
4799,2019-03-23 00:53:41,0.299
4800,2019-03-23 00:53:41,0.305
4801,2019-03-23 00:53:42,0.296
4802,2019-03-23 00:53:42,0.291
4803,2019-03-23 00:53:44,0.293
4804,2019-03-23 00:53:45,0.301
4805,2019-03-23 00:53:46,0.297
4806,2019-03-23 00:53:47,0.287
4807,2019-03-23 00:53:48,0.290
4808,2019-03-23 00:53:49,0.214
4809,2019-03-23 00:53:49,0.291
4810,2019-03-23 00:53:50,0.287
4811,2019-03-23 00:53:51,0.292
4812,2019-03-23 00:53:51,0.298
4813,2019-03-23 00:53:52,0.285
4814,2019-03-23 00:53:53,0.299
4815,2019-03-23 00:53:53,0.288
4816,2019-03-23 00:53:54,0.296
4817,2019-03-23 00:53:56,0.298
4818,2019-03-23 00:53:57,0.285
4819,2019-03-23 00:53:57,0.303
4820,2019-03-23 00:53:58,0.305
4821,2019-03-23 00:53:59,0.298
4822,2019-03-23 00:54:00,0.297
4823,2019-03-23 00:54:00,0.299
4824,2019-03-23 00:54:00,0.291
4825,2019-03-23 00:54:01,0.282
4826,2019-03-23 00:54:02,0.300
4827,2019-03-23 00:54:02,0.289
4828,2019-03-23 00:54:04,0.298
4829,2019-03-23 00:54:05,0.299
4830,2019-03-23 00:54:05,0.299
4831,2019-03-23 00:54:06,0.299
4832,2019-03-23 00:54:07,0.285
4833,2019-03-23 00:54:08,0.287
4834,2019-03-23 00:54:08,0.299
4835,2019-03-23 00:54:09,0.304
4836,2019-03-23 00:54:09,0.289
4837,2019-03-23 00:54:10,0.276
4838,2019-03-23 00:54:10,0.284
4839,2019-03-23 00:54:11,0.295
4840,2019-03-23 00:54:11,0.297
4841,2019-03-23 00:54:11,0.293
4842,2019-03-23 00:54:12,0.304
4843,2019-03-23 00:54:12,0.309
4844,2019-03-23 00:54:13,0.213
4845,2019-03-23 00:54:15,0.309
4846,2019-03-23 00:54:15,0.296
4847,2019-03-23 00:54:15,0.303
4848,2019-03-23 00:54:17,0.291
4849,2019-03-23 00:54:17,0.288
4850,2019-03-23 00:54:17,0.294
4851,2019-03-23 00:54:18,0.294
4852,2019-03-23 00:54:19,0.301
4853,2019-03-23 00:54:19,0.293
4854,2019-03-23 00:54:20,0.312
4855,2019-03-23 00:54:20,0.296
4856,2019-03-23 00:54:20,0.286
4857,2019-03-23 00:54:20,0.293
4858,2019-03-23 00:54:21,0.286
4859,2019-03-23 00:54:21,0.301
4860,2019-03-23 00:54:22,0.295
4861,2019-03-23 00:54:22,0.286
4862,2019-03-23 00:54:22,0.292
4863,2019-03-23 00:54:23,0.294
4864,2019-03-23 00:54:23,0.301
4865,2019-03-23 00:54:24,0.285
4866,2019-03-23 00:54:24,0.296
4867,2019-03-23 00:54:24,0.305
4868,2019-03-23 00:54:25,0.297
4869,2019-03-23 00:54:26,0.281
4870,2019-03-23 00:54:26,0.288
4871,2019-03-23 00:54:27,0.297
4872,2019-03-23 00:54:28,0.286
4873,2019-03-23 00:54:28,0.291
4874,2019-03-23 00:54:29,0.289
4875,2019-03-23 00:54:29,0.214
4876,2019-03-23 00:54:29,0.374
4877,2019-03-23 00:54:30,0.291
4878,2019-03-23 00:56:52,0.198
4879,2019-03-23 00:56:52,0.287
4880,2019-03-23 00:56:52,0.297
4881,2019-03-23 00:56:52,0.305
4882,2019-03-23 00:56:52,0.284
4883,2019-03-23 00:56:52,0.292
4884,2019-03-23 00:56:52,0.288
4885,2019-03-23 00:56:53,0.300
4886,2019-03-23 00:56:53,0.291
4887,2019-03-23 00:56:53,0.301
4888,2019-03-23 00:56:53,0.295
4889,2019-03-23 00:56:53,0.212
4890,2019-03-23 00:56:53,0.297
4891,2019-03-23 00:56:54,0.283
4892,2019-03-23 00:56:54,0.297
4893,2019-03-23 00:56:54,0.297
4894,2019-03-23 00:56:54,0.371
4895,2019-03-23 00:56:54,0.204
4896,2019-03-23 00:56:55,0.296
4897,2019-03-23 00:56:55,0.337
4898,2019-03-23 00:56:55,0.280
4899,2019-03-23 00:56:55,0.368
4900,2019-03-23 00:56:55,0.292
4901,2019-03-23 00:56:55,0.289
4902,2019-03-23 00:56:56,0.283
4903,2019-03-23 00:56:56,0.373
4904,2019-03-23 00:56:56,0.276
4905,2019-03-23 00:56:56,0.288
4906,2019-03-23 00:56:56,0.282
4907,2019-03-23 00:56:56,0.302
4908,2019-03-23 00:56:57,0.436
4909,2019-03-23 00:56:57,0.286
4910,2019-03-23 00:56:57,0.291
4911,2019-03-23 00:56:58,0.290
4912,2019-03-23 00:56:58,0.287
4913,2019-03-23 00:56:58,0.287
4914,2019-03-23 00:56:58,0.285
4915,2019-03-23 00:56:58,0.192
4916,2019-03-23 00:56:58,0.292
4917,2019-03-23 00:56:59,0.290
4918,2019-03-23 00:56:59,0.312
4919,2019-03-23 00:56:59,0.347
4920,2019-03-23 00:56:59,0.296
4921,2019-03-23 00:56:59,0.258
4922,2019-03-23 00:57:00,0.294
4923,2019-03-23 00:57:00,0.298
4924,2019-03-23 00:57:00,0.283
4925,2019-03-23 00:57:01,0.290
4926,2019-03-23 00:57:01,0.299
4927,2019-03-23 00:57:01,0.340
4928,2019-03-23 00:57:01,0.309
4929,2019-03-23 00:57:02,0.296
4930,2019-03-23 00:57:02,0.287
4931,2019-03-23 00:57:02,0.294
4932,2019-03-23 00:57:02,0.301
4933,2019-03-23 00:57:03,0.289
4934,2019-03-23 00:57:03,0.302
4935,2019-03-23 00:57:04,0.297
4936,2019-03-23 00:57:04,0.198
4937,2019-03-23 00:57:04,0.288
4938,2019-03-23 00:57:04,0.279
4939,2019-03-23 00:57:04,0.298
4940,2019-03-23 00:57:04,0.304
4941,2019-03-23 00:57:05,0.289
4942,2019-03-23 00:57:05,0.283
4943,2019-03-23 00:57:05,0.295
4944,2019-03-23 00:57:06,0.305
4945,2019-03-23 00:57:06,0.296
4946,2019-03-23 00:57:06,0.297
4947,2019-03-23 00:57:06,0.292
4948,2019-03-23 00:57:06,0.295
4949,2019-03-23 00:57:07,0.305
4950,2019-03-23 00:57:07,0.282
4951,2019-03-23 00:57:07,0.301
4952,2019-03-23 00:57:07,0.297
4953,2019-03-23 00:57:08,0.295
4954,2019-03-23 00:57:08,0.291
4955,2019-03-23 00:57:08,0.283
4956,2019-03-23 00:57:09,0.308
4957,2019-03-23 00:57:09,0.305
4958,2019-03-23 00:57:09,0.287
4959,2019-03-23 00:57:09,0.292
4960,2019-03-23 00:57:09,0.286
4961,2019-03-23 00:57:10,0.296
4962,2019-03-23 00:57:10,0.286
4963,2019-03-23 00:57:10,0.281
4964,2019-03-23 00:57:10,0.293
4965,2019-03-23 00:57:10,0.293
4966,2019-03-23 00:57:11,0.285
4967,2019-03-23 00:57:11,0.350
4968,2019-03-23 00:57:11,0.214
4969,2019-03-23 00:57:11,0.289
4970,2019-03-23 00:57:12,0.291
4971,2019-03-23 00:57:13,0.281
4972,2019-03-23 00:57:13,0.280
4973,2019-03-23 00:57:13,0.286
4974,2019-03-23 00:57:14,0.291
4975,2019-03-23 00:57:14,0.304
4976,2019-03-23 00:57:14,0.280
4977,2019-03-23 00:57:14,0.301
4978,2019-03-23 00:57:15,0.304
4979,2019-03-23 00:57:15,0.203
4980,2019-03-23 00:57:16,0.295
4981,2019-03-23 00:57:16,0.282
4982,2019-03-23 00:57:16,0.297
4983,2019-03-23 00:57:17,0.272
4984,2019-03-23 00:57:17,0.285
4985,2019-03-23 00:57:17,0.285
4986,2019-03-23 00:57:18,0.292
4987,2019-03-23 00:57:18,0.296
4988,2019-03-23 00:57:18,0.308
4989,2019-03-23 00:57:18,0.314
4990,2019-03-23 00:57:19,0.362
4991,2019-03-23 00:57:19,0.287
4992,2019-03-23 00:57:20,0.282
4993,2019-03-23 00:57:20,0.296
4994,2019-03-23 00:57:21,0.289
4995,2019-03-23 00:57:21,0.297
4996,2019-03-23 00:57:22,0.286
4997,2019-03-23 00:57:23,0.306
4998,2019-03-23 00:57:23,0.300
4999,2019-03-23 00:57:24,0.294
5000,2019-03-23 00:57:24,0.303
5001,2019-03-23 00:57:24,0.292
5002,2019-03-23 00:57:24,0.293
5003,2019-03-23 00:57:25,0.306
5004,2019-03-23 00:57:26,0.280
5005,2019-03-23 00:57:26,0.298
5006,2019-03-23 00:57:27,0.286
5007,2019-03-23 00:57:27,0.305
5008,2019-03-23 00:57:27,0.283
5009,2019-03-23 00:57:28,0.293
5010,2019-03-23 00:57:28,0.286
5011,2019-03-23 00:57:29,0.299
5012,2019-03-23 00:57:29,0.288
5013,2019-03-23 00:57:31,0.295
5014,2019-03-23 00:57:32,0.297
5015,2019-03-23 00:57:33,0.321
5016,2019-03-23 00:57:34,0.293
5017,2019-03-23 00:57:35,0.296
5018,2019-03-23 00:57:36,0.302
5019,2019-03-23 00:57:37,0.297
5020,2019-03-23 00:57:37,0.284
5021,2019-03-23 00:57:37,0.284
5022,2019-03-23 00:57:38,0.300
5023,2019-03-23 00:57:38,0.299
5024,2019-03-23 00:57:38,0.298
5025,2019-03-23 00:57:39,0.303
5026,2019-03-23 00:57:39,0.308
5027,2019-03-23 00:57:41,0.296
5028,2019-03-23 00:57:41,0.303
5029,2019-03-23 00:57:41,0.213
5030,2019-03-23 00:57:42,0.299
5031,2019-03-23 00:57:43,0.296
5032,2019-03-23 00:57:43,0.298
5033,2019-03-23 00:57:44,0.301
5034,2019-03-23 00:57:44,0.298
5035,2019-03-23 00:57:45,0.303
5036,2019-03-23 00:57:46,0.286
5037,2019-03-23 00:57:46,0.294
5038,2019-03-23 00:57:46,0.301
5039,2019-03-23 00:57:46,0.212
5040,2019-03-23 00:57:48,0.298
5041,2019-03-23 00:57:48,0.296
5042,2019-03-23 00:57:49,0.295
5043,2019-03-23 00:57:49,0.409
5044,2019-03-23 00:57:49,0.291
5045,2019-03-23 00:57:49,0.213
5046,2019-03-23 00:57:50,0.303
5047,2019-03-23 00:57:50,0.185
5048,2019-03-23 00:57:52,0.296
5049,2019-03-23 00:57:52,0.295
5050,2019-03-23 00:57:53,0.293
5051,2019-03-23 00:57:54,0.292
5052,2019-03-23 00:57:54,0.303
5053,2019-03-23 00:57:54,0.326
5054,2019-03-23 00:57:56,0.303
5055,2019-03-23 00:57:56,0.307
5056,2019-03-23 00:57:56,0.212
5057,2019-03-23 00:57:58,0.290
5058,2019-03-23 00:57:59,0.303
5059,2019-03-23 00:57:59,0.289
5060,2019-03-23 00:58:00,0.299
5061,2019-03-23 00:58:01,0.316
5062,2019-03-23 00:58:02,0.210
5063,2019-03-23 00:58:03,0.283
5064,2019-03-23 00:58:04,0.288
5065,2019-03-23 00:58:06,0.296
5066,2019-03-23 00:58:06,0.303
5067,2019-03-23 00:58:06,0.302
5068,2019-03-23 00:58:07,0.306
5069,2019-03-23 00:58:07,0.212
5070,2019-03-23 00:58:07,0.273
5071,2019-03-23 00:58:10,0.297
5072,2019-03-23 00:58:10,0.298
5073,2019-03-23 00:58:10,0.277
5074,2019-03-23 00:58:11,0.296
5075,2019-03-23 00:58:12,0.304
5076,2019-03-23 00:58:12,0.294
5077,2019-03-23 00:58:12,0.292
5078,2019-03-23 00:58:13,0.287
5079,2019-03-23 00:58:13,0.299
5080,2019-03-23 00:58:14,0.294
5081,2019-03-23 00:58:14,0.293
5082,2019-03-23 00:58:15,0.303
5083,2019-03-23 00:58:16,0.309
5084,2019-03-23 00:58:19,0.282
5085,2019-03-23 00:58:20,0.301
5086,2019-03-23 00:58:21,0.298
5087,2019-03-23 00:58:21,0.297
5088,2019-03-23 00:58:21,0.293
5089,2019-03-23 00:58:22,0.214
5090,2019-03-23 00:58:22,0.294
5091,2019-03-23 00:58:25,0.303
5092,2019-03-23 00:58:25,0.289
5093,2019-03-23 00:58:25,0.303
5094,2019-03-23 00:58:26,0.308
5095,2019-03-23 00:58:26,0.293
5096,2019-03-23 00:58:27,0.215
5097,2019-03-23 00:58:27,0.294
5098,2019-03-23 00:58:28,0.305
5099,2019-03-23 00:58:28,0.287
5100,2019-03-23 00:58:28,0.287
5101,2019-03-23 00:58:31,0.307
5102,2019-03-23 00:58:31,0.297
5103,2019-03-23 00:58:32,0.305
5104,2019-03-23 00:58:32,0.214
5105,2019-03-23 00:58:33,0.299
5106,2019-03-23 00:58:34,0.288
5107,2019-03-23 00:58:34,0.291
5108,2019-03-23 00:58:34,0.296
5109,2019-03-23 00:58:34,0.289
5110,2019-03-23 00:58:35,0.299
5111,2019-03-23 00:58:35,0.302
5112,2019-03-23 00:58:35,0.300
5113,2019-03-23 00:58:36,0.313
5114,2019-03-23 00:58:36,0.293
5115,2019-03-23 00:58:37,0.212
5116,2019-03-23 00:58:38,0.302
5117,2019-03-23 00:58:39,0.295
5118,2019-03-23 00:58:39,0.294
5119,2019-03-23 00:58:40,0.294
5120,2019-03-23 00:58:40,0.313
5121,2019-03-23 00:58:40,0.305
5122,2019-03-23 00:58:41,0.311
5123,2019-03-23 00:58:43,0.214
5124,2019-03-23 00:58:43,0.213
5125,2019-03-23 00:58:43,0.309
5126,2019-03-23 00:58:44,0.298
5127,2019-03-23 00:58:44,0.299
5128,2019-03-23 00:58:44,0.306
5129,2019-03-23 00:58:45,0.303
5130,2019-03-23 00:58:45,0.303
5131,2019-03-23 00:58:46,0.312
5132,2019-03-23 00:58:46,0.291
5133,2019-03-23 00:58:47,0.299
5134,2019-03-23 00:58:47,0.303
5135,2019-03-23 00:58:47,0.294
5136,2019-03-23 00:58:47,0.301
5137,2019-03-23 00:58:48,0.304
5138,2019-03-23 00:58:48,0.319
5139,2019-03-23 00:58:49,0.280
5140,2019-03-23 00:58:49,0.323
5141,2019-03-23 00:58:51,0.303
5142,2019-03-23 00:58:51,0.316
5143,2019-03-23 00:58:53,0.313
5144,2019-03-23 00:58:53,0.295
5145,2019-03-23 00:58:53,0.313
5146,2019-03-23 00:58:54,0.295
5147,2019-03-23 00:58:54,0.293
5148,2019-03-23 00:58:54,0.325
5149,2019-03-23 00:58:56,0.317
5150,2019-03-23 00:58:56,0.306
5151,2019-03-23 00:58:56,0.313
5152,2019-03-23 00:58:57,0.312
5153,2019-03-23 00:58:58,0.215
5154,2019-03-23 00:58:59,0.299
5155,2019-03-23 00:59:00,0.202
5156,2019-03-23 00:59:01,0.304
5157,2019-03-23 00:59:02,0.326
5158,2019-03-23 00:59:02,0.316
5159,2019-03-23 00:59:02,0.320
5160,2019-03-23 00:59:03,0.298
5161,2019-03-23 00:59:03,0.309
5162,2019-03-23 00:59:03,0.299
5163,2019-03-23 00:59:04,0.306
5164,2019-03-23 00:59:04,0.309
5165,2019-03-23 00:59:04,0.298
5166,2019-03-23 00:59:04,0.213
5167,2019-03-23 00:59:05,0.295
5168,2019-03-23 00:59:05,0.301
5169,2019-03-23 00:59:05,0.292
5170,2019-03-23 00:59:06,0.318
5171,2019-03-23 00:59:07,0.308
5172,2019-03-23 00:59:07,0.309
5173,2019-03-23 00:59:08,0.293
5174,2019-03-23 00:59:09,0.302
5175,2019-03-23 00:59:09,0.306
5176,2019-03-23 00:59:09,0.302
5177,2019-03-23 00:59:10,0.313
5178,2019-03-23 00:59:10,0.303
5179,2019-03-23 00:59:11,0.304
5180,2019-03-23 00:59:11,0.297
5181,2019-03-23 00:59:12,0.301
5182,2019-03-23 00:59:12,0.303
5183,2019-03-23 00:59:13,0.309
5184,2019-03-23 00:59:14,0.305
5185,2019-03-23 00:59:14,0.304
5186,2019-03-23 00:59:14,0.314
5187,2019-03-23 00:59:15,0.307
5188,2019-03-23 00:59:16,0.299
5189,2019-03-23 00:59:17,0.302
5190,2019-03-23 00:59:17,0.309
5191,2019-03-23 00:59:18,0.307
5192,2019-03-23 00:59:18,0.303
5193,2019-03-23 00:59:18,0.317
5194,2019-03-23 00:59:19,0.289
5195,2019-03-23 00:59:19,0.306
5196,2019-03-23 00:59:20,0.302
5197,2019-03-23 00:59:20,0.289
5198,2019-03-23 00:59:20,0.303
5199,2019-03-23 00:59:21,0.315
5200,2019-03-23 00:59:21,0.290
5201,2019-03-23 00:59:22,0.307
5202,2019-03-23 00:59:22,0.296
5203,2019-03-23 00:59:22,0.315
5204,2019-03-23 00:59:22,0.299
5205,2019-03-23 00:59:23,0.308
5206,2019-03-23 00:59:23,0.360
5207,2019-03-23 00:59:23,0.312
5208,2019-03-23 00:59:24,0.302
5209,2019-03-23 00:59:24,0.295
5210,2019-03-23 00:59:25,0.292
5211,2019-03-23 00:59:27,0.296
5212,2019-03-23 00:59:27,0.283
5213,2019-03-23 00:59:28,0.293
5214,2019-03-23 00:59:30,0.300
5215,2019-03-23 00:59:31,0.294
5216,2019-03-23 00:59:32,0.309
5217,2019-03-23 00:59:33,0.288
5218,2019-03-23 00:59:33,0.289
5219,2019-03-23 00:59:35,0.287
5220,2019-03-23 00:59:36,0.298
5221,2019-03-23 00:59:36,0.288
5222,2019-03-23 00:59:36,0.307
5223,2019-03-23 00:59:36,0.284
5224,2019-03-23 00:59:37,0.291
5225,2019-03-23 00:59:37,0.289
5226,2019-03-23 00:59:38,0.301
5227,2019-03-23 00:59:40,0.308
5228,2019-03-23 00:59:41,0.312
5229,2019-03-23 00:59:42,0.293
5230,2019-03-23 00:59:42,0.293
5231,2019-03-23 00:59:43,0.286
5232,2019-03-23 00:59:44,0.287
5233,2019-03-23 00:59:44,0.298
5234,2019-03-23 00:59:44,0.290
5235,2019-03-23 00:59:45,0.314
5236,2019-03-23 00:59:45,0.299
5237,2019-03-23 00:59:46,0.292
5238,2019-03-23 00:59:47,0.298
5239,2019-03-23 00:59:48,0.299
5240,2019-03-23 00:59:48,0.211
5241,2019-03-23 00:59:49,0.289
5242,2019-03-23 00:59:49,0.306
5243,2019-03-23 00:59:49,0.294
5244,2019-03-23 00:59:51,0.298
5245,2019-03-23 00:59:52,0.298
5246,2019-03-23 00:59:53,0.327
5247,2019-03-23 00:59:53,0.299
5248,2019-03-23 00:59:54,0.303
5249,2019-03-23 00:59:54,0.304
5250,2019-03-23 00:59:54,0.287
5251,2019-03-23 00:59:54,0.291
5252,2019-03-23 00:59:54,0.300
5253,2019-03-23 00:59:54,0.292
5254,2019-03-23 00:59:55,0.293
5255,2019-03-23 00:59:55,0.284
5256,2019-03-23 00:59:55,0.291
5257,2019-03-23 00:59:56,0.293
5258,2019-03-23 00:59:56,0.279
5259,2019-03-23 00:59:56,0.310
5260,2019-03-23 00:59:56,0.302
5261,2019-03-23 00:59:57,0.314
5262,2019-03-23 00:59:57,0.294
5263,2019-03-23 00:59:58,0.285
5264,2019-03-23 00:59:58,0.294
5265,2019-03-23 00:59:59,0.297
5266,2019-03-23 01:00:00,0.293
5267,2019-03-23 01:00:01,0.293
5268,2019-03-23 01:00:02,0.303
5269,2019-03-23 01:00:02,0.273
5270,2019-03-23 01:00:02,0.296
5271,2019-03-23 01:00:03,0.299
5272,2019-03-23 01:00:04,0.287
5273,2019-03-23 01:00:05,0.296
5274,2019-03-23 01:00:06,0.284
5275,2019-03-23 01:00:06,0.277
5276,2019-03-23 01:00:07,0.294
5277,2019-03-23 01:00:08,0.299
5278,2019-03-23 01:00:08,0.212
5279,2019-03-23 01:00:08,0.356
5280,2019-03-23 01:00:10,0.292
5281,2019-03-23 01:00:11,0.294
5282,2019-03-23 01:00:11,0.297
5283,2019-03-23 01:00:11,0.286
5284,2019-03-23 01:00:12,0.283
5285,2019-03-23 01:00:12,0.297
5286,2019-03-23 01:00:12,0.307
5287,2019-03-23 01:00:12,0.295
5288,2019-03-23 01:00:13,0.290
5289,2019-03-23 01:00:13,0.390
5290,2019-03-23 01:00:14,0.290
5291,2019-03-23 01:00:14,0.299
5292,2019-03-23 01:00:15,0.296
5293,2019-03-23 01:00:15,0.290
5294,2019-03-23 01:00:15,0.212
5295,2019-03-23 01:00:16,0.289
5296,2019-03-23 01:00:16,0.295
5297,2019-03-23 01:00:16,0.301
5298,2019-03-23 01:00:17,0.287
5299,2019-03-23 01:00:18,0.296
5300,2019-03-23 01:00:18,0.290
5301,2019-03-23 01:00:19,0.289
5302,2019-03-23 01:00:20,0.284
5303,2019-03-23 01:00:20,0.207
5304,2019-03-23 01:00:20,0.289
5305,2019-03-23 01:00:21,0.295
5306,2019-03-23 01:00:21,0.287
5307,2019-03-23 01:00:21,0.298
5308,2019-03-23 01:00:22,0.293
5309,2019-03-23 01:00:22,0.288
5310,2019-03-23 01:00:22,0.285
5311,2019-03-23 01:00:22,0.285
5312,2019-03-23 01:00:23,0.285
5313,2019-03-23 01:00:25,0.325
5314,2019-03-23 01:00:26,0.292
5315,2019-03-23 01:00:26,0.304
5316,2019-03-23 01:00:26,0.295
5317,2019-03-23 01:00:28,0.287
5318,2019-03-23 01:00:29,0.297
5319,2019-03-23 01:00:29,0.286
5320,2019-03-23 01:00:30,0.275
5321,2019-03-23 01:00:30,0.283
5322,2019-03-23 01:00:30,0.212
5323,2019-03-23 01:00:31,0.294
5324,2019-03-23 01:00:31,0.295
5325,2019-03-23 01:00:33,0.291
5326,2019-03-23 01:00:33,0.306
5327,2019-03-23 01:00:33,0.292
5328,2019-03-23 01:00:34,0.296
5329,2019-03-23 01:00:35,0.291
5330,2019-03-23 01:00:36,0.295
5331,2019-03-23 01:00:37,0.304
5332,2019-03-23 01:00:37,0.295
5333,2019-03-23 01:00:37,0.289
5334,2019-03-23 01:00:37,0.288
5335,2019-03-23 01:00:37,0.290
5336,2019-03-23 01:00:38,0.302
5337,2019-03-23 01:00:38,0.284
5338,2019-03-23 01:00:38,0.287
5339,2019-03-23 01:00:38,0.311
5340,2019-03-23 01:00:38,0.289
5341,2019-03-23 01:00:39,0.320
5342,2019-03-23 01:00:40,0.284
5343,2019-03-23 01:00:42,0.279
5344,2019-03-23 01:00:42,0.284
5345,2019-03-23 01:00:42,0.285
5346,2019-03-23 01:00:43,0.289
5347,2019-03-23 01:00:43,0.290
5348,2019-03-23 01:00:43,0.294
5349,2019-03-23 01:00:43,0.302
5350,2019-03-23 01:00:43,0.288
5351,2019-03-23 01:00:44,0.295
5352,2019-03-23 01:00:44,0.290
5353,2019-03-23 01:00:45,0.292
5354,2019-03-23 01:00:45,0.297
5355,2019-03-23 01:00:46,0.301
5356,2019-03-23 01:00:47,0.309
5357,2019-03-23 01:00:48,0.309
5358,2019-03-23 01:00:49,0.317
5359,2019-03-23 01:00:50,0.307
5360,2019-03-23 01:00:51,0.299
5361,2019-03-23 01:00:52,0.307
5362,2019-03-23 01:00:52,0.307
5363,2019-03-23 01:00:53,0.310
5364,2019-03-23 01:00:53,0.317
5365,2019-03-23 01:00:53,0.295
5366,2019-03-23 01:00:53,0.295
5367,2019-03-23 01:00:53,0.314
5368,2019-03-23 01:00:53,0.286
5369,2019-03-23 01:00:55,0.315
5370,2019-03-23 01:00:55,0.300
5371,2019-03-23 01:00:55,0.295
5372,2019-03-23 01:00:56,0.301
5373,2019-03-23 01:00:57,0.305
5374,2019-03-23 01:00:57,0.303
5375,2019-03-23 01:00:57,0.299
5376,2019-03-23 01:00:58,0.301
5377,2019-03-23 01:00:58,0.310
5378,2019-03-23 01:00:58,0.306
5379,2019-03-23 01:00:58,0.213
5380,2019-03-23 01:00:59,0.310
5381,2019-03-23 01:01:00,0.293
5382,2019-03-23 01:01:00,0.310
5383,2019-03-23 01:01:00,0.317
5384,2019-03-23 01:01:01,0.300
5385,2019-03-23 01:01:02,0.311
5386,2019-03-23 01:01:02,0.212
5387,2019-03-23 01:01:03,0.212
5388,2019-03-23 01:01:03,0.310
5389,2019-03-23 01:01:03,0.287
5390,2019-03-23 01:01:03,0.285
5391,2019-03-23 01:01:04,0.299
5392,2019-03-23 01:01:04,0.300
5393,2019-03-23 01:01:05,0.307
5394,2019-03-23 01:01:05,0.305
5395,2019-03-23 01:01:07,0.310
5396,2019-03-23 01:01:08,0.348
5397,2019-03-23 01:01:09,0.307
5398,2019-03-23 01:01:09,0.308
5399,2019-03-23 01:01:10,0.307
5400,2019-03-23 01:01:11,0.293
5401,2019-03-23 01:01:11,0.299
5402,2019-03-23 01:01:11,0.304
5403,2019-03-23 01:01:12,0.296
5404,2019-03-23 01:01:13,0.303
5405,2019-03-23 01:01:14,0.296
5406,2019-03-23 01:01:15,0.298
5407,2019-03-23 01:01:15,0.316
5408,2019-03-23 01:01:16,0.315
5409,2019-03-23 01:01:16,0.307
5410,2019-03-23 01:01:17,0.212
5411,2019-03-23 01:01:19,0.324
5412,2019-03-23 01:01:19,0.304
5413,2019-03-23 01:01:20,0.310
5414,2019-03-23 01:01:21,0.344
5415,2019-03-23 01:01:21,0.305
5416,2019-03-23 01:01:22,0.302
5417,2019-03-23 01:01:23,0.306
5418,2019-03-23 01:01:23,0.300
5419,2019-03-23 01:01:23,0.310
5420,2019-03-23 01:01:23,0.307
5421,2019-03-23 01:01:25,0.306
5422,2019-03-23 01:01:25,0.308
5423,2019-03-23 01:01:27,0.292
5424,2019-03-23 01:01:27,0.305
5425,2019-03-23 01:01:28,0.308
5426,2019-03-23 01:01:28,0.297
5427,2019-03-23 01:01:29,0.310
5428,2019-03-23 01:01:29,0.273
5429,2019-03-23 01:01:29,0.304
5430,2019-03-23 01:01:30,0.294
5431,2019-03-23 01:01:31,0.309
5432,2019-03-23 01:01:31,0.322
5433,2019-03-23 01:01:32,0.306
5434,2019-03-23 01:01:32,0.297
5435,2019-03-23 01:01:33,0.289
5436,2019-03-23 01:01:33,0.299
5437,2019-03-23 01:01:34,0.305
5438,2019-03-23 01:01:34,0.288
5439,2019-03-23 01:01:35,0.295
5440,2019-03-23 01:01:36,0.304
5441,2019-03-23 01:01:37,0.291
5442,2019-03-23 01:01:37,0.288
5443,2019-03-23 01:01:37,0.303
5444,2019-03-23 01:01:38,0.295
5445,2019-03-23 01:01:38,0.301
5446,2019-03-23 01:01:39,0.292
5447,2019-03-23 01:01:41,0.296
5448,2019-03-23 01:01:42,0.289
5449,2019-03-23 01:01:42,0.286
5450,2019-03-23 01:01:42,0.294
5451,2019-03-23 01:01:43,0.290
5452,2019-03-23 01:01:43,0.296
5453,2019-03-23 01:01:44,0.289
5454,2019-03-23 01:01:44,0.300
5455,2019-03-23 01:01:44,0.296
5456,2019-03-23 01:01:45,0.295
5457,2019-03-23 01:01:46,0.301
5458,2019-03-23 01:01:47,0.307
5459,2019-03-23 01:01:47,0.302
5460,2019-03-23 01:01:48,0.307
5461,2019-03-23 01:01:48,0.294
5462,2019-03-23 01:01:49,0.288
5463,2019-03-23 01:01:49,0.299
5464,2019-03-23 01:01:49,0.305
5465,2019-03-23 01:01:51,0.297
5466,2019-03-23 01:01:52,0.373
5467,2019-03-23 01:01:52,0.292
5468,2019-03-23 01:01:53,0.293
5469,2019-03-23 01:01:54,0.213
5470,2019-03-23 01:01:54,0.301
5471,2019-03-23 01:01:54,0.288
5472,2019-03-23 01:01:55,0.286
5473,2019-03-23 01:01:56,0.292
5474,2019-03-23 01:01:56,0.297
5475,2019-03-23 01:01:57,0.289
5476,2019-03-23 01:01:57,0.301
5477,2019-03-23 01:01:57,0.297
5478,2019-03-23 01:01:59,0.328
5479,2019-03-23 01:01:59,0.345
5480,2019-03-23 01:01:59,0.285
5481,2019-03-23 01:01:59,0.282
5482,2019-03-23 01:02:01,0.288
5483,2019-03-23 01:02:02,0.302
5484,2019-03-23 01:02:02,0.299
5485,2019-03-23 01:02:02,0.357
5486,2019-03-23 01:02:03,0.282
5487,2019-03-23 01:02:03,0.290
5488,2019-03-23 01:02:05,0.304
5489,2019-03-23 01:02:06,0.301
5490,2019-03-23 01:02:06,0.297
5491,2019-03-23 01:02:07,0.303
5492,2019-03-23 01:02:07,0.287
5493,2019-03-23 01:02:07,0.299
5494,2019-03-23 01:02:08,0.291
5495,2019-03-23 01:02:08,0.307
5496,2019-03-23 01:02:08,0.297
5497,2019-03-23 01:02:09,0.295
5498,2019-03-23 01:02:09,0.285
5499,2019-03-23 01:02:09,0.391
5500,2019-03-23 01:02:09,0.297
5501,2019-03-23 01:02:09,0.290
5502,2019-03-23 01:02:09,0.293
5503,2019-03-23 01:02:11,0.288
5504,2019-03-23 01:02:11,0.284
5505,2019-03-23 01:02:13,0.294
5506,2019-03-23 01:02:13,0.295
5507,2019-03-23 01:02:14,0.294
5508,2019-03-23 01:02:14,0.284
5509,2019-03-23 01:02:15,0.294
5510,2019-03-23 01:02:15,0.287
5511,2019-03-23 01:02:16,0.287
5512,2019-03-23 01:02:17,0.289
5513,2019-03-23 01:02:17,0.289
5514,2019-03-23 01:02:19,0.294
5515,2019-03-23 01:02:19,0.295
5516,2019-03-23 01:02:19,0.289
5517,2019-03-23 01:02:20,0.288
5518,2019-03-23 01:02:21,0.292
5519,2019-03-23 01:02:21,0.306
5520,2019-03-23 01:02:22,0.294
5521,2019-03-23 01:02:23,0.293
5522,2019-03-23 01:02:23,0.294
5523,2019-03-23 01:02:24,0.300
5524,2019-03-23 01:02:25,0.287
5525,2019-03-23 01:02:25,0.284
5526,2019-03-23 01:02:25,0.290
5527,2019-03-23 01:02:25,0.288
5528,2019-03-23 01:02:26,0.301
5529,2019-03-23 01:02:26,0.299
5530,2019-03-23 01:02:26,0.299
5531,2019-03-23 01:02:27,0.306
5532,2019-03-23 01:02:27,0.288
5533,2019-03-23 01:02:27,0.294
5534,2019-03-23 01:02:28,0.300
5535,2019-03-23 01:02:28,0.290
5536,2019-03-23 01:02:28,0.309
5537,2019-03-23 01:02:29,0.301
5538,2019-03-23 01:02:30,0.306
5539,2019-03-23 01:02:30,0.287
5540,2019-03-23 01:02:33,0.289
5541,2019-03-23 01:02:33,0.294
5542,2019-03-23 01:02:33,0.287
5543,2019-03-23 01:02:33,0.297
5544,2019-03-23 01:02:34,0.282
5545,2019-03-23 01:02:34,0.294
5546,2019-03-23 01:02:34,0.295
5547,2019-03-23 01:02:34,0.292
5548,2019-03-23 01:02:36,0.291
5549,2019-03-23 01:02:37,0.283
5550,2019-03-23 01:02:37,0.212
5551,2019-03-23 01:02:38,0.286
5552,2019-03-23 01:02:39,0.286
5553,2019-03-23 01:02:39,0.294
5554,2019-03-23 01:02:39,0.213
5555,2019-03-23 01:02:40,0.310
5556,2019-03-23 01:02:40,0.300
5557,2019-03-23 01:02:41,0.297
5558,2019-03-23 01:02:42,0.278
5559,2019-03-23 01:02:42,0.213
5560,2019-03-23 01:02:43,0.292
5561,2019-03-23 01:02:43,0.302
5562,2019-03-23 01:02:44,0.291
5563,2019-03-23 01:02:44,0.294
5564,2019-03-23 01:02:45,0.299
5565,2019-03-23 01:02:45,0.294
5566,2019-03-23 01:02:45,0.290
5567,2019-03-23 01:02:46,0.311
5568,2019-03-23 01:02:46,0.212
5569,2019-03-23 01:02:46,0.304
5570,2019-03-23 01:02:47,0.288
5571,2019-03-23 01:02:47,0.298
5572,2019-03-23 01:02:47,0.295
5573,2019-03-23 01:02:47,0.296
5574,2019-03-23 01:02:48,0.289
5575,2019-03-23 01:02:49,0.297
5576,2019-03-23 01:02:49,0.299
5577,2019-03-23 01:02:50,0.301
5578,2019-03-23 01:02:50,0.297
5579,2019-03-23 01:02:50,0.309
5580,2019-03-23 01:02:50,0.274
5581,2019-03-23 01:02:50,0.297
5582,2019-03-23 01:02:51,0.310
5583,2019-03-23 01:02:52,0.301
5584,2019-03-23 01:02:53,0.288
5585,2019-03-23 01:02:53,0.300
5586,2019-03-23 01:02:54,0.284
5587,2019-03-23 01:02:54,0.311
5588,2019-03-23 01:02:54,0.289
5589,2019-03-23 01:02:55,0.282
5590,2019-03-23 01:02:57,0.293
5591,2019-03-23 01:02:58,0.299
5592,2019-03-23 01:02:59,0.304
5593,2019-03-23 01:02:59,0.307
5594,2019-03-23 01:03:00,0.278
5595,2019-03-23 01:03:00,0.292
5596,2019-03-23 01:03:00,0.293
5597,2019-03-23 01:03:01,0.291
5598,2019-03-23 01:03:01,0.292
5599,2019-03-23 01:03:01,0.296
5600,2019-03-23 01:03:02,0.311
5601,2019-03-23 01:03:02,0.273
5602,2019-03-23 01:03:02,0.300
5603,2019-03-23 01:03:02,0.277
5604,2019-03-23 01:03:02,0.296
5605,2019-03-23 01:03:04,0.294
5606,2019-03-23 01:03:05,0.287
5607,2019-03-23 01:03:05,0.310
5608,2019-03-23 01:03:05,0.298
5609,2019-03-23 01:03:06,0.300
5610,2019-03-23 01:03:06,0.278
5611,2019-03-23 01:03:07,0.366
5612,2019-03-23 01:03:07,0.322
5613,2019-03-23 01:03:08,0.348
5614,2019-03-23 01:03:08,0.278
5615,2019-03-23 01:03:09,0.309
5616,2019-03-23 01:03:10,0.303
5617,2019-03-23 01:03:10,0.292
5618,2019-03-23 01:03:10,0.291
5619,2019-03-23 01:03:10,0.399
5620,2019-03-23 01:03:10,0.290
5621,2019-03-23 01:03:10,0.299
5622,2019-03-23 01:03:12,0.287
5623,2019-03-23 01:03:12,0.284
5624,2019-03-23 01:03:13,0.296
5625,2019-03-23 01:03:13,0.290
5626,2019-03-23 01:03:13,0.290
5627,2019-03-23 01:03:14,0.291
5628,2019-03-23 01:03:15,0.287
5629,2019-03-23 01:03:15,0.298
5630,2019-03-23 01:03:16,0.339
5631,2019-03-23 01:03:16,0.289
5632,2019-03-23 01:03:18,0.301
5633,2019-03-23 01:03:19,0.311
5634,2019-03-23 01:03:20,0.298
5635,2019-03-23 01:03:20,0.293
5636,2019-03-23 01:03:21,0.298
5637,2019-03-23 01:03:22,0.298
5638,2019-03-23 01:03:23,0.290
5639,2019-03-23 01:03:23,0.280
5640,2019-03-23 01:03:24,0.287
5641,2019-03-23 01:03:24,0.295
5642,2019-03-23 01:03:28,0.296
5643,2019-03-23 01:03:28,0.307
5644,2019-03-23 01:03:28,0.309
5645,2019-03-23 01:03:28,0.300
5646,2019-03-23 01:03:29,0.292
5647,2019-03-23 01:03:29,0.300
5648,2019-03-23 01:03:30,0.303
5649,2019-03-23 01:03:30,0.281
5650,2019-03-23 01:03:30,0.287
5651,2019-03-23 01:03:31,0.289
5652,2019-03-23 01:03:31,0.279
5653,2019-03-23 01:03:32,0.309
5654,2019-03-23 01:03:33,0.295
5655,2019-03-23 01:03:33,0.289
5656,2019-03-23 01:03:33,0.285
5657,2019-03-23 01:03:34,0.300
5658,2019-03-23 01:03:35,0.300
5659,2019-03-23 01:03:36,0.293
5660,2019-03-23 01:03:36,0.303
5661,2019-03-23 01:05:27,0.306
5662,2019-03-23 01:05:27,0.293
5663,2019-03-23 01:05:28,0.302
5664,2019-03-23 01:05:28,0.290
5665,2019-03-23 01:05:28,0.319
5666,2019-03-23 01:05:29,0.301
5667,2019-03-23 01:05:29,0.312
5668,2019-03-23 01:05:29,0.293
5669,2019-03-23 01:05:29,0.291
5670,2019-03-23 01:05:29,0.318
5671,2019-03-23 01:05:30,0.302
5672,2019-03-23 01:05:30,0.301
5673,2019-03-23 01:05:30,0.301
5674,2019-03-23 01:05:30,0.303
5675,2019-03-23 01:05:30,0.302
5676,2019-03-23 01:05:30,0.292
5677,2019-03-23 01:05:30,0.297
5678,2019-03-23 01:05:31,0.296
5679,2019-03-23 01:05:31,0.212
5680,2019-03-23 01:05:31,0.299
5681,2019-03-23 01:05:31,0.295
5682,2019-03-23 01:05:31,0.303
5683,2019-03-23 01:05:31,0.312
5684,2019-03-23 01:05:31,0.305
5685,2019-03-23 01:05:31,0.301
5686,2019-03-23 01:05:31,0.301
5687,2019-03-23 01:05:32,0.290
5688,2019-03-23 01:05:32,0.311
5689,2019-03-23 01:05:32,0.291
5690,2019-03-23 01:05:32,0.292
5691,2019-03-23 01:05:32,0.287
5692,2019-03-23 01:05:33,0.296
5693,2019-03-23 01:05:33,0.292
5694,2019-03-23 01:05:34,0.293
5695,2019-03-23 01:05:34,0.299
5696,2019-03-23 01:05:34,0.212
5697,2019-03-23 01:05:34,0.308
5698,2019-03-23 01:05:35,0.301
5699,2019-03-23 01:05:35,0.288
5700,2019-03-23 01:05:35,0.294
5701,2019-03-23 01:05:35,0.314
5702,2019-03-23 01:05:36,0.308
5703,2019-03-23 01:05:36,0.289
5704,2019-03-23 01:05:37,0.297
5705,2019-03-23 01:05:37,0.305
5706,2019-03-23 01:05:37,0.286
5707,2019-03-23 01:05:37,0.288
5708,2019-03-23 01:05:37,0.293
5709,2019-03-23 01:05:38,0.300
5710,2019-03-23 01:05:38,0.295
5711,2019-03-23 01:05:38,0.297
5712,2019-03-23 01:05:38,0.313
5713,2019-03-23 01:05:38,0.298
5714,2019-03-23 01:05:39,0.297
5715,2019-03-23 01:05:39,0.307
5716,2019-03-23 01:05:39,0.310
5717,2019-03-23 01:05:39,0.305
5718,2019-03-23 01:05:39,0.315
5719,2019-03-23 01:05:40,0.313
5720,2019-03-23 01:05:40,0.307
5721,2019-03-23 01:05:41,0.304
5722,2019-03-23 01:05:41,0.291
5723,2019-03-23 01:05:41,0.297
5724,2019-03-23 01:05:41,0.297
5725,2019-03-23 01:05:41,0.299
5726,2019-03-23 01:05:41,0.308
5727,2019-03-23 01:05:41,0.288
5728,2019-03-23 01:05:41,0.296
5729,2019-03-23 01:05:42,0.324
5730,2019-03-23 01:05:42,0.301
5731,2019-03-23 01:05:43,0.312
5732,2019-03-23 01:05:43,0.294
5733,2019-03-23 01:05:44,0.309
5734,2019-03-23 01:05:44,0.286
5735,2019-03-23 01:05:45,0.292
5736,2019-03-23 01:05:45,0.297
5737,2019-03-23 01:05:45,0.283
5738,2019-03-23 01:05:47,0.303
5739,2019-03-23 01:05:47,0.289
5740,2019-03-23 01:05:47,0.299
5741,2019-03-23 01:05:48,0.299
5742,2019-03-23 01:05:48,0.290
5743,2019-03-23 01:05:48,0.296
5744,2019-03-23 01:05:48,0.274
5745,2019-03-23 01:05:49,0.297
5746,2019-03-23 01:05:49,0.298
5747,2019-03-23 01:05:49,0.299
5748,2019-03-23 01:05:49,0.302
5749,2019-03-23 01:05:49,0.370
5750,2019-03-23 01:05:51,0.306
5751,2019-03-23 01:05:51,0.306
5752,2019-03-23 01:05:51,0.308
5753,2019-03-23 01:05:52,0.293
5754,2019-03-23 01:05:52,0.341
5755,2019-03-23 01:05:52,0.286
5756,2019-03-23 01:05:53,0.292
5757,2019-03-23 01:05:53,0.308
5758,2019-03-23 01:05:53,0.310
5759,2019-03-23 01:05:54,0.301
5760,2019-03-23 01:05:54,0.213
5761,2019-03-23 01:05:55,0.291
5762,2019-03-23 01:05:55,0.306
5763,2019-03-23 01:05:56,0.304
5764,2019-03-23 01:05:56,0.305
5765,2019-03-23 01:05:56,0.301
5766,2019-03-23 01:05:56,0.303
5767,2019-03-23 01:05:57,0.296
5768,2019-03-23 01:05:57,0.297
5769,2019-03-23 01:05:57,0.304
5770,2019-03-23 01:05:58,0.312
5771,2019-03-23 01:05:58,0.296
5772,2019-03-23 01:05:59,0.306
5773,2019-03-23 01:06:00,0.310
5774,2019-03-23 01:06:01,0.323
5775,2019-03-23 01:06:01,0.300
5776,2019-03-23 01:06:02,0.289
5777,2019-03-23 01:06:03,0.304
5778,2019-03-23 01:06:03,0.363
5779,2019-03-23 01:06:04,0.303
5780,2019-03-23 01:06:04,0.299
5781,2019-03-23 01:06:04,0.303
5782,2019-03-23 01:06:04,0.308
5783,2019-03-23 01:06:05,0.389
5784,2019-03-23 01:06:05,0.310
5785,2019-03-23 01:06:05,0.317
5786,2019-03-23 01:06:06,0.300
5787,2019-03-23 01:06:07,0.351
5788,2019-03-23 01:06:07,0.314
5789,2019-03-23 01:06:08,0.350
5790,2019-03-23 01:06:09,0.299
5791,2019-03-23 01:06:09,0.300
5792,2019-03-23 01:06:09,0.289
5793,2019-03-23 01:06:10,0.303
5794,2019-03-23 01:06:10,0.336
5795,2019-03-23 01:06:10,0.319
5796,2019-03-23 01:06:11,0.213
5797,2019-03-23 01:06:11,0.304
5798,2019-03-23 01:06:11,0.302
5799,2019-03-23 01:06:12,0.307
5800,2019-03-23 01:06:12,0.293
5801,2019-03-23 01:06:12,0.321
5802,2019-03-23 01:06:14,0.314
5803,2019-03-23 01:06:15,0.298
5804,2019-03-23 01:06:15,0.306
5805,2019-03-23 01:06:16,0.296
5806,2019-03-23 01:06:17,0.315
5807,2019-03-23 01:06:17,0.299
5808,2019-03-23 01:06:18,0.313
5809,2019-03-23 01:06:20,0.299
5810,2019-03-23 01:06:20,0.297
5811,2019-03-23 01:06:21,0.283
5812,2019-03-23 01:06:21,0.289
5813,2019-03-23 01:06:21,0.288
5814,2019-03-23 01:06:21,0.372
5815,2019-03-23 01:06:22,0.300
5816,2019-03-23 01:06:22,0.300
5817,2019-03-23 01:06:23,0.286
5818,2019-03-23 01:06:23,0.288
5819,2019-03-23 01:06:23,0.297
5820,2019-03-23 01:06:25,0.213
5821,2019-03-23 01:06:25,0.291
5822,2019-03-23 01:06:25,0.293
5823,2019-03-23 01:06:25,0.294
5824,2019-03-23 01:06:28,0.291
5825,2019-03-23 01:06:29,0.297
5826,2019-03-23 01:06:29,0.371
5827,2019-03-23 01:06:31,0.293
5828,2019-03-23 01:06:31,0.296
5829,2019-03-23 01:06:32,0.287
5830,2019-03-23 01:06:33,0.287
5831,2019-03-23 01:06:33,0.302
5832,2019-03-23 01:06:34,0.299
5833,2019-03-23 01:06:34,0.302
5834,2019-03-23 01:06:35,0.307
5835,2019-03-23 01:06:35,0.298
5836,2019-03-23 01:06:35,0.297
5837,2019-03-23 01:06:37,0.300
5838,2019-03-23 01:06:37,0.295
5839,2019-03-23 01:06:37,0.289
5840,2019-03-23 01:06:38,0.281
5841,2019-03-23 01:06:39,0.297
5842,2019-03-23 01:06:39,0.296
5843,2019-03-23 01:06:42,0.299
5844,2019-03-23 01:06:42,0.290
5845,2019-03-23 01:06:43,0.287
5846,2019-03-23 01:06:44,0.305
5847,2019-03-23 01:06:44,0.319
5848,2019-03-23 01:06:47,0.363
5849,2019-03-23 01:06:47,0.293
5850,2019-03-23 01:06:47,0.299
5851,2019-03-23 01:06:48,0.292
5852,2019-03-23 01:06:48,0.283
5853,2019-03-23 01:06:48,0.288
5854,2019-03-23 01:06:50,0.291
5855,2019-03-23 01:06:50,0.293
5856,2019-03-23 01:06:50,0.283
5857,2019-03-23 01:06:52,0.315
5858,2019-03-23 01:06:52,0.298
5859,2019-03-23 01:06:52,0.290
5860,2019-03-23 01:06:52,0.297
5861,2019-03-23 01:06:53,0.285
5862,2019-03-23 01:06:53,0.295
5863,2019-03-23 01:06:53,0.216
5864,2019-03-23 01:06:54,0.299
5865,2019-03-23 01:06:54,0.297
5866,2019-03-23 01:06:55,0.293
5867,2019-03-23 01:06:55,0.285
5868,2019-03-23 01:06:55,0.292
5869,2019-03-23 01:06:55,0.286
5870,2019-03-23 01:06:55,0.284
5871,2019-03-23 01:06:55,0.336
5872,2019-03-23 01:06:57,0.299
5873,2019-03-23 01:06:58,0.299
5874,2019-03-23 01:06:59,0.294
5875,2019-03-23 01:07:00,0.301
5876,2019-03-23 01:07:00,0.295
5877,2019-03-23 01:07:00,0.291
5878,2019-03-23 01:07:00,0.286
5879,2019-03-23 01:07:01,0.213
5880,2019-03-23 01:07:02,0.290
5881,2019-03-23 01:07:02,0.304
5882,2019-03-23 01:07:03,0.298
5883,2019-03-23 01:07:03,0.296
5884,2019-03-23 01:07:04,0.307
5885,2019-03-23 01:07:05,0.300
5886,2019-03-23 01:07:05,0.212
5887,2019-03-23 01:07:06,0.293
5888,2019-03-23 01:07:06,0.298
5889,2019-03-23 01:07:07,0.287
5890,2019-03-23 01:07:07,0.288
5891,2019-03-23 01:07:07,0.296
5892,2019-03-23 01:07:08,0.294
5893,2019-03-23 01:07:09,0.303
5894,2019-03-23 01:07:09,0.299
5895,2019-03-23 01:07:09,0.303
5896,2019-03-23 01:07:11,0.286
5897,2019-03-23 01:07:12,0.285
5898,2019-03-23 01:07:12,0.285
5899,2019-03-23 01:07:13,0.295
5900,2019-03-23 01:07:13,0.295
5901,2019-03-23 01:07:13,0.301
5902,2019-03-23 01:07:13,0.294
5903,2019-03-23 01:07:14,0.291
5904,2019-03-23 01:07:15,0.303
5905,2019-03-23 01:07:16,0.296
5906,2019-03-23 01:07:16,0.294
5907,2019-03-23 01:07:17,0.281
5908,2019-03-23 01:07:17,0.294
5909,2019-03-23 01:07:18,0.286
5910,2019-03-23 01:07:19,0.296
5911,2019-03-23 01:07:19,0.288
5912,2019-03-23 01:07:19,0.288
5913,2019-03-23 01:07:19,0.293
5914,2019-03-23 01:07:20,0.305
5915,2019-03-23 01:07:21,0.308
5916,2019-03-23 01:07:21,0.285
5917,2019-03-23 01:07:21,0.291
5918,2019-03-23 01:07:21,0.298
5919,2019-03-23 01:07:22,0.298
5920,2019-03-23 01:07:22,0.314
5921,2019-03-23 01:07:23,0.288
5922,2019-03-23 01:07:23,0.291
5923,2019-03-23 01:07:24,0.287
5924,2019-03-23 01:07:24,0.314
5925,2019-03-23 01:07:25,0.290
5926,2019-03-23 01:07:26,0.293
5927,2019-03-23 01:07:26,0.298
5928,2019-03-23 01:07:26,0.215
5929,2019-03-23 01:07:27,0.293
5930,2019-03-23 01:07:27,0.292
5931,2019-03-23 01:07:27,0.294
5932,2019-03-23 01:07:27,0.298
5933,2019-03-23 01:07:27,0.307
5934,2019-03-23 01:07:30,0.310
5935,2019-03-23 01:07:31,0.292
5936,2019-03-23 01:07:31,0.290
5937,2019-03-23 01:07:32,0.298
5938,2019-03-23 01:07:32,0.296
5939,2019-03-23 01:07:32,0.275
5940,2019-03-23 01:07:33,0.295
5941,2019-03-23 01:07:34,0.214
5942,2019-03-23 01:07:34,0.302
5943,2019-03-23 01:07:35,0.292
5944,2019-03-23 01:07:35,0.300
5945,2019-03-23 01:07:35,0.282
5946,2019-03-23 01:07:37,0.302
5947,2019-03-23 01:07:37,0.283
5948,2019-03-23 01:07:37,0.301
5949,2019-03-23 01:07:38,0.297
5950,2019-03-23 01:07:39,0.292
5951,2019-03-23 01:07:39,0.301
5952,2019-03-23 01:07:39,0.287
5953,2019-03-23 01:07:40,0.213
5954,2019-03-23 01:07:40,0.292
5955,2019-03-23 01:07:42,0.301
5956,2019-03-23 01:07:43,0.283
5957,2019-03-23 01:07:43,0.329
5958,2019-03-23 01:07:43,0.295
5959,2019-03-23 01:07:44,0.279
5960,2019-03-23 01:07:44,0.276
5961,2019-03-23 01:07:45,0.280
5962,2019-03-23 01:07:45,0.312
5963,2019-03-23 01:07:47,0.309
5964,2019-03-23 01:07:47,0.305
5965,2019-03-23 01:07:47,0.297
5966,2019-03-23 01:07:48,0.291
5967,2019-03-23 01:07:48,0.291
5968,2019-03-23 01:07:48,0.297
5969,2019-03-23 01:07:49,0.408
5970,2019-03-23 01:07:49,0.281
5971,2019-03-23 01:07:49,0.297
5972,2019-03-23 01:07:51,0.309
5973,2019-03-23 01:07:53,0.301
5974,2019-03-23 01:07:53,0.292
5975,2019-03-23 01:07:54,0.300
5976,2019-03-23 01:07:54,0.284
5977,2019-03-23 01:07:54,0.293
5978,2019-03-23 01:07:54,0.294
5979,2019-03-23 01:07:55,0.299
5980,2019-03-23 01:07:55,0.283
5981,2019-03-23 01:07:55,0.214
5982,2019-03-23 01:07:56,0.295
5983,2019-03-23 01:07:56,0.295
5984,2019-03-23 01:07:57,0.290
5985,2019-03-23 01:07:58,0.291
5986,2019-03-23 01:07:59,0.284
5987,2019-03-23 01:07:59,0.296
5988,2019-03-23 01:07:59,0.299
5989,2019-03-23 01:08:01,0.292
5990,2019-03-23 01:08:02,0.296
5991,2019-03-23 01:08:02,0.283
5992,2019-03-23 01:08:02,0.302
5993,2019-03-23 01:08:02,0.293
5994,2019-03-23 01:08:03,0.298
5995,2019-03-23 01:08:03,0.309
5996,2019-03-23 01:08:04,0.301
5997,2019-03-23 01:08:04,0.358
5998,2019-03-23 01:08:04,0.298
5999,2019-03-23 01:08:05,0.291
6000,2019-03-23 01:08:05,0.290
6001,2019-03-23 01:08:05,0.289
6002,2019-03-23 01:08:05,0.303
6003,2019-03-23 01:08:05,0.301
6004,2019-03-23 01:08:06,0.283
6005,2019-03-23 01:08:06,0.290
6006,2019-03-23 01:08:07,0.296
6007,2019-03-23 01:08:07,0.284
6008,2019-03-23 01:08:08,0.213
6009,2019-03-23 01:08:08,0.309
6010,2019-03-23 01:08:09,0.288
6011,2019-03-23 01:08:10,0.292
6012,2019-03-23 01:08:10,0.292
6013,2019-03-23 01:08:10,0.213
6014,2019-03-23 01:08:11,0.293
6015,2019-03-23 01:08:11,0.302
6016,2019-03-23 01:08:12,0.294
6017,2019-03-23 01:08:12,0.291
6018,2019-03-23 01:08:13,0.294
6019,2019-03-23 01:08:13,0.290
6020,2019-03-23 01:08:14,0.292
6021,2019-03-23 01:08:15,0.297
6022,2019-03-23 01:08:15,0.294
6023,2019-03-23 01:08:15,0.297
6024,2019-03-23 01:08:15,0.285
6025,2019-03-23 01:08:16,0.299
6026,2019-03-23 01:08:16,0.312
6027,2019-03-23 01:08:16,0.301
6028,2019-03-23 01:08:16,0.301
6029,2019-03-23 01:08:17,0.296
6030,2019-03-23 01:08:17,0.291
6031,2019-03-23 01:08:17,0.283
6032,2019-03-23 01:08:17,0.289
6033,2019-03-23 01:08:18,0.291
6034,2019-03-23 01:08:18,0.295
6035,2019-03-23 01:08:19,0.289
6036,2019-03-23 01:08:20,0.292
6037,2019-03-23 01:08:20,0.294
6038,2019-03-23 01:08:20,0.300
6039,2019-03-23 01:08:21,0.304
6040,2019-03-23 01:08:22,0.289
6041,2019-03-23 01:08:22,0.300
6042,2019-03-23 01:08:22,0.288
6043,2019-03-23 01:08:23,0.298
6044,2019-03-23 01:08:24,0.291
6045,2019-03-23 01:08:25,0.287
6046,2019-03-23 01:08:25,0.303
6047,2019-03-23 01:08:26,0.302
6048,2019-03-23 01:08:27,0.293
6049,2019-03-23 01:08:28,0.213
6050,2019-03-23 01:08:29,0.296
6051,2019-03-23 01:08:30,0.291
6052,2019-03-23 01:08:30,0.297
6053,2019-03-23 01:08:30,0.287
6054,2019-03-23 01:08:31,0.291
6055,2019-03-23 01:08:31,0.294
6056,2019-03-23 01:08:33,0.309
6057,2019-03-23 01:08:33,0.296
6058,2019-03-23 01:08:33,0.293
6059,2019-03-23 01:08:34,0.279
6060,2019-03-23 01:08:34,0.299
6061,2019-03-23 01:08:35,0.305
6062,2019-03-23 01:08:37,0.303
6063,2019-03-23 01:08:37,0.295
6064,2019-03-23 01:08:37,0.281
6065,2019-03-23 01:08:37,0.286
6066,2019-03-23 01:08:38,0.300
6067,2019-03-23 01:08:38,0.293
6068,2019-03-23 01:08:38,0.294
6069,2019-03-23 01:08:38,0.213
6070,2019-03-23 01:08:39,0.282
6071,2019-03-23 01:08:39,0.283
6072,2019-03-23 01:08:40,0.290
6073,2019-03-23 01:08:40,0.295
6074,2019-03-23 01:08:40,0.287
6075,2019-03-23 01:08:41,0.310
6076,2019-03-23 01:08:41,0.295
6077,2019-03-23 01:08:41,0.266
6078,2019-03-23 01:08:42,0.301
6079,2019-03-23 01:08:42,0.213
6080,2019-03-23 01:08:42,0.308
6081,2019-03-23 01:08:43,0.212
6082,2019-03-23 01:08:45,0.307
6083,2019-03-23 01:08:46,0.299
6084,2019-03-23 01:08:47,0.303
6085,2019-03-23 01:08:48,0.298
6086,2019-03-23 01:08:48,0.402
6087,2019-03-23 01:08:49,0.302
6088,2019-03-23 01:08:50,0.307
6089,2019-03-23 01:08:50,0.291
6090,2019-03-23 01:08:51,0.290
6091,2019-03-23 01:08:51,0.295
6092,2019-03-23 01:08:51,0.286
6093,2019-03-23 01:08:52,0.296
6094,2019-03-23 01:08:52,0.296
6095,2019-03-23 01:08:52,0.303
6096,2019-03-23 01:08:52,0.291
6097,2019-03-23 01:08:53,0.310
6098,2019-03-23 01:08:53,0.290
6099,2019-03-23 01:08:53,0.296
6100,2019-03-23 01:08:53,0.214
6101,2019-03-23 01:08:54,0.299
6102,2019-03-23 01:08:54,0.303
6103,2019-03-23 01:08:55,0.291
6104,2019-03-23 01:08:56,0.298
6105,2019-03-23 01:08:56,0.282
6106,2019-03-23 01:08:57,0.303
6107,2019-03-23 01:08:58,1.001
6108,2019-03-23 01:08:59,0.280
6109,2019-03-23 01:09:00,0.288
6110,2019-03-23 01:09:00,0.289
6111,2019-03-23 01:09:00,0.284
6112,2019-03-23 01:09:01,0.296
6113,2019-03-23 01:09:01,0.286
6114,2019-03-23 01:09:01,0.293
6115,2019-03-23 01:09:01,0.212
6116,2019-03-23 01:09:02,0.301
6117,2019-03-23 01:09:02,0.296
6118,2019-03-23 01:09:02,0.310
6119,2019-03-23 01:09:02,0.296
6120,2019-03-23 01:09:02,0.294
6121,2019-03-23 01:09:02,0.289
6122,2019-03-23 01:09:04,0.298
6123,2019-03-23 01:09:04,0.287
6124,2019-03-23 01:09:05,0.295
6125,2019-03-23 01:09:05,0.285
6126,2019-03-23 01:09:05,0.287
6127,2019-03-23 01:09:06,0.304
6128,2019-03-23 01:09:07,0.295
6129,2019-03-23 01:09:07,0.308
6130,2019-03-23 01:09:07,0.299
6131,2019-03-23 01:09:08,0.309
6132,2019-03-23 01:09:08,0.212
6133,2019-03-23 01:09:08,0.292
6134,2019-03-23 01:09:09,0.287
6135,2019-03-23 01:09:09,0.289
6136,2019-03-23 01:09:10,0.298
6137,2019-03-23 01:09:10,0.303
6138,2019-03-23 01:09:10,0.297
6139,2019-03-23 01:09:12,0.297
6140,2019-03-23 01:09:12,0.307
6141,2019-03-23 01:09:12,0.298
6142,2019-03-23 01:09:13,0.287
6143,2019-03-23 01:09:13,0.291
6144,2019-03-23 01:09:14,0.301
6145,2019-03-23 01:09:14,0.291
6146,2019-03-23 01:09:15,0.289
6147,2019-03-23 01:09:15,0.297
6148,2019-03-23 01:09:16,0.284
6149,2019-03-23 01:09:16,0.297
6150,2019-03-23 01:09:17,0.297
6151,2019-03-23 01:09:17,0.308
6152,2019-03-23 01:09:18,0.292
6153,2019-03-23 01:09:19,0.315
6154,2019-03-23 01:09:20,0.210
6155,2019-03-23 01:09:20,0.300
6156,2019-03-23 01:09:21,0.296
6157,2019-03-23 01:09:21,0.307
6158,2019-03-23 01:09:21,0.308
6159,2019-03-23 01:09:22,0.302
6160,2019-03-23 01:09:23,0.303
6161,2019-03-23 01:09:24,0.291
6162,2019-03-23 01:09:24,0.305
6163,2019-03-23 01:09:25,0.293
6164,2019-03-23 01:09:25,0.280
6165,2019-03-23 01:09:26,0.307
6166,2019-03-23 01:09:26,0.284
6167,2019-03-23 01:09:27,0.284
6168,2019-03-23 01:09:27,0.214
6169,2019-03-23 01:09:28,0.280
6170,2019-03-23 01:09:28,0.303
6171,2019-03-23 01:09:29,0.290
6172,2019-03-23 01:09:31,0.288
6173,2019-03-23 01:09:31,0.285
6174,2019-03-23 01:09:32,0.291
6175,2019-03-23 01:09:32,0.294
6176,2019-03-23 01:09:32,0.296
6177,2019-03-23 01:09:32,0.289
6178,2019-03-23 01:09:33,0.285
6179,2019-03-23 01:09:33,0.287
6180,2019-03-23 01:09:33,0.296
6181,2019-03-23 01:09:34,0.300
6182,2019-03-23 01:09:34,0.290
6183,2019-03-23 01:09:34,0.303
6184,2019-03-23 01:09:35,0.291
6185,2019-03-23 01:09:35,0.277
6186,2019-03-23 01:09:35,0.295
6187,2019-03-23 01:09:35,0.288
6188,2019-03-23 01:09:36,0.370
6189,2019-03-23 01:09:36,0.281
6190,2019-03-23 01:09:37,0.298
6191,2019-03-23 01:09:37,0.297
6192,2019-03-23 01:09:38,0.299
6193,2019-03-23 01:09:38,0.289
6194,2019-03-23 01:09:38,0.276
6195,2019-03-23 01:09:39,0.299
6196,2019-03-23 01:09:39,0.293
6197,2019-03-23 01:09:41,0.297
6198,2019-03-23 01:09:41,0.299
6199,2019-03-23 01:09:42,0.290
6200,2019-03-23 01:09:43,0.292
6201,2019-03-23 01:09:43,0.280
6202,2019-03-23 01:09:43,0.293
6203,2019-03-23 01:09:44,0.285
6204,2019-03-23 01:09:45,0.296
6205,2019-03-23 01:09:45,0.307
6206,2019-03-23 01:09:45,0.281
6207,2019-03-23 01:09:46,0.292
6208,2019-03-23 01:09:46,0.212
6209,2019-03-23 01:09:47,0.290
6210,2019-03-23 01:09:48,0.213
6211,2019-03-23 01:09:48,0.292
6212,2019-03-23 01:09:49,0.295
6213,2019-03-23 01:09:49,0.290
6214,2019-03-23 01:09:50,0.276
6215,2019-03-23 01:09:50,0.289
6216,2019-03-23 01:09:50,0.294
6217,2019-03-23 01:09:51,0.307
6218,2019-03-23 01:09:53,0.291
6219,2019-03-23 01:09:53,0.296
6220,2019-03-23 01:09:54,0.297
6221,2019-03-23 01:09:54,0.291
6222,2019-03-23 01:09:55,0.212
6223,2019-03-23 01:09:55,0.296
6224,2019-03-23 01:09:56,0.303
6225,2019-03-23 01:09:56,0.302
6226,2019-03-23 01:09:57,0.296
6227,2019-03-23 01:09:57,0.279
6228,2019-03-23 01:09:57,0.289
6229,2019-03-23 01:09:58,0.291
6230,2019-03-23 01:09:59,0.298
6231,2019-03-23 01:09:59,0.280
6232,2019-03-23 01:09:59,0.288
6233,2019-03-23 01:10:00,0.290
6234,2019-03-23 01:10:01,0.296
6235,2019-03-23 01:10:02,0.290
6236,2019-03-23 01:10:03,0.281
6237,2019-03-23 01:10:03,0.276
6238,2019-03-23 01:10:03,0.280
6239,2019-03-23 01:10:04,0.298
6240,2019-03-23 01:10:04,0.212
6241,2019-03-23 01:10:05,0.294
6242,2019-03-23 01:10:05,0.283
6243,2019-03-23 01:10:06,0.282
6244,2019-03-23 01:10:06,0.284
6245,2019-03-23 01:10:07,0.283
6246,2019-03-23 01:10:07,0.292
6247,2019-03-23 01:10:07,0.276
6248,2019-03-23 01:10:08,0.295
6249,2019-03-23 01:10:09,0.283
6250,2019-03-23 01:10:09,0.295
6251,2019-03-23 01:10:09,0.301
6252,2019-03-23 01:10:10,0.281
6253,2019-03-23 01:10:10,0.276
6254,2019-03-23 01:10:12,0.306
6255,2019-03-23 01:10:12,0.299
6256,2019-03-23 01:10:13,0.304
6257,2019-03-23 01:10:13,0.304
6258,2019-03-23 01:10:13,0.290
6259,2019-03-23 01:10:14,0.299
6260,2019-03-23 01:10:15,0.291
6261,2019-03-23 01:10:15,0.283
6262,2019-03-23 01:10:15,0.288
6263,2019-03-23 01:10:16,0.288
6264,2019-03-23 01:10:16,0.293
6265,2019-03-23 01:10:16,0.289
6266,2019-03-23 01:10:17,0.289
6267,2019-03-23 01:10:17,0.280
6268,2019-03-23 01:10:17,0.282
6269,2019-03-23 01:10:17,0.301
6270,2019-03-23 01:10:18,0.299
6271,2019-03-23 01:10:18,0.291
6272,2019-03-23 01:10:19,0.307
6273,2019-03-23 01:10:19,0.283
6274,2019-03-23 01:10:19,0.295
6275,2019-03-23 01:10:20,0.291
6276,2019-03-23 01:10:21,0.288
6277,2019-03-23 01:10:22,0.303
6278,2019-03-23 01:10:22,0.286
6279,2019-03-23 01:10:22,0.298
6280,2019-03-23 01:10:24,0.215
6281,2019-03-23 01:10:24,0.300
6282,2019-03-23 01:10:24,0.283
6283,2019-03-23 01:10:25,0.294
6284,2019-03-23 01:10:25,0.290
6285,2019-03-23 01:10:25,0.279
6286,2019-03-23 01:10:26,0.290
6287,2019-03-23 01:10:26,0.307
6288,2019-03-23 01:10:26,0.285
6289,2019-03-23 01:10:27,0.295
6290,2019-03-23 01:10:28,0.295
6291,2019-03-23 01:10:28,0.284
6292,2019-03-23 01:10:29,0.286
6293,2019-03-23 01:10:29,0.310
6294,2019-03-23 01:10:30,0.306
6295,2019-03-23 01:10:31,0.302
6296,2019-03-23 01:10:31,0.213
6297,2019-03-23 01:10:31,0.213
6298,2019-03-23 01:10:31,0.291
6299,2019-03-23 01:10:31,0.296
6300,2019-03-23 01:10:32,0.284
6301,2019-03-23 01:10:33,0.296
6302,2019-03-23 01:10:34,0.295
6303,2019-03-23 01:10:35,0.292
6304,2019-03-23 01:10:35,0.288
6305,2019-03-23 01:10:35,0.300
6306,2019-03-23 01:10:35,0.286
6307,2019-03-23 01:10:36,0.293
6308,2019-03-23 01:10:37,0.294
6309,2019-03-23 01:10:40,0.295
6310,2019-03-23 01:10:40,0.323
6311,2019-03-23 01:10:41,0.297
6312,2019-03-23 01:10:41,0.213
6313,2019-03-23 01:10:43,0.297
6314,2019-03-23 01:10:43,0.301
6315,2019-03-23 01:10:44,0.300
6316,2019-03-23 01:10:44,0.278
6317,2019-03-23 01:10:45,0.284
6318,2019-03-23 01:10:45,0.291
6319,2019-03-23 01:10:45,0.288
6320,2019-03-23 01:10:46,0.295
6321,2019-03-23 01:10:46,0.290
6322,2019-03-23 01:10:47,0.290
6323,2019-03-23 01:10:47,0.288
6324,2019-03-23 01:10:47,0.298
6325,2019-03-23 01:10:49,0.294
6326,2019-03-23 01:10:50,0.287
6327,2019-03-23 01:10:51,0.311
6328,2019-03-23 01:10:51,0.298
6329,2019-03-23 01:10:52,0.299
6330,2019-03-23 01:10:52,0.302
6331,2019-03-23 01:10:52,0.301
6332,2019-03-23 01:10:52,0.294
6333,2019-03-23 01:10:53,0.284
6334,2019-03-23 01:10:54,0.286
6335,2019-03-23 01:10:54,0.289
6336,2019-03-23 01:10:55,0.289
6337,2019-03-23 01:10:56,0.291
6338,2019-03-23 01:10:56,0.297
6339,2019-03-23 01:10:57,0.291
6340,2019-03-23 01:10:58,0.302
6341,2019-03-23 01:10:58,0.308
6342,2019-03-23 01:10:58,0.288
6343,2019-03-23 01:10:59,0.299
6344,2019-03-23 01:10:59,0.297
6345,2019-03-23 01:11:01,0.286
6346,2019-03-23 01:11:03,0.298
6347,2019-03-23 01:11:03,0.283
6348,2019-03-23 01:11:03,0.302
6349,2019-03-23 01:11:04,0.303
6350,2019-03-23 01:11:04,0.287
6351,2019-03-23 01:11:04,0.300
6352,2019-03-23 01:11:04,0.211
6353,2019-03-23 01:11:05,0.289
6354,2019-03-23 01:11:05,0.299
6355,2019-03-23 01:11:05,0.295
6356,2019-03-23 01:11:05,0.290
6357,2019-03-23 01:11:06,0.292
6358,2019-03-23 01:11:06,0.284
6359,2019-03-23 01:11:06,0.280
6360,2019-03-23 01:11:06,0.294
6361,2019-03-23 01:11:07,0.291
6362,2019-03-23 01:11:07,0.284
6363,2019-03-23 01:11:08,0.288
6364,2019-03-23 01:11:08,0.302
6365,2019-03-23 01:11:09,0.298
6366,2019-03-23 01:11:09,0.292
6367,2019-03-23 01:11:12,0.304
6368,2019-03-23 01:11:12,0.289
6369,2019-03-23 01:11:12,0.297
6370,2019-03-23 01:11:13,0.282
6371,2019-03-23 01:11:13,0.217
6372,2019-03-23 01:11:14,0.294
6373,2019-03-23 01:11:14,0.284
6374,2019-03-23 01:11:14,0.293
6375,2019-03-23 01:11:14,0.287
6376,2019-03-23 01:11:15,0.293
6377,2019-03-23 01:11:15,0.292
6378,2019-03-23 01:11:15,0.293
6379,2019-03-23 01:11:18,0.288
6380,2019-03-23 01:11:18,0.212
6381,2019-03-23 01:11:19,0.291
6382,2019-03-23 01:11:19,0.310
6383,2019-03-23 01:11:20,0.213
6384,2019-03-23 01:11:20,0.294
6385,2019-03-23 01:11:20,0.317
6386,2019-03-23 01:11:21,0.296
6387,2019-03-23 01:11:21,0.294
6388,2019-03-23 01:11:21,0.285
6389,2019-03-23 01:11:22,0.299
6390,2019-03-23 01:11:22,0.297
6391,2019-03-23 01:11:22,0.309
6392,2019-03-23 01:11:23,0.287
6393,2019-03-23 01:11:23,0.304
6394,2019-03-23 01:11:24,0.297
6395,2019-03-23 01:11:24,0.285
6396,2019-03-23 01:11:25,0.312
6397,2019-03-23 01:11:26,0.294
6398,2019-03-23 01:11:27,0.208
6399,2019-03-23 01:11:27,0.291
6400,2019-03-23 01:11:27,0.283
6401,2019-03-23 01:11:27,0.280
6402,2019-03-23 01:11:28,0.317
6403,2019-03-23 01:11:28,0.317
6404,2019-03-23 01:11:28,0.297
6405,2019-03-23 01:11:28,0.295
6406,2019-03-23 01:11:29,0.284
6407,2019-03-23 01:11:30,0.309
6408,2019-03-23 01:11:30,0.304
6409,2019-03-23 01:11:30,0.295
6410,2019-03-23 01:11:31,0.302
6411,2019-03-23 01:11:31,0.213
6412,2019-03-23 01:11:32,0.295
6413,2019-03-23 01:11:32,0.294
6414,2019-03-23 01:11:33,0.302
6415,2019-03-23 01:11:33,0.338
6416,2019-03-23 01:11:35,0.293
6417,2019-03-23 01:11:35,0.286
6418,2019-03-23 01:11:35,0.357
6419,2019-03-23 01:11:36,0.298
6420,2019-03-23 01:11:36,0.296
6421,2019-03-23 01:11:37,0.294
6422,2019-03-23 01:11:37,0.298
6423,2019-03-23 01:11:37,0.300
6424,2019-03-23 01:11:38,0.212
6425,2019-03-23 01:11:38,0.286
6426,2019-03-23 01:11:38,0.305
6427,2019-03-23 01:11:39,0.296
6428,2019-03-23 01:11:40,0.301
6429,2019-03-23 01:11:40,0.295
6430,2019-03-23 01:11:40,0.303
6431,2019-03-23 01:11:40,0.297
6432,2019-03-23 01:11:41,0.304
6433,2019-03-23 01:11:41,0.213
6434,2019-03-23 01:11:42,0.301
6435,2019-03-23 01:11:43,0.297
6436,2019-03-23 01:11:43,0.304
6437,2019-03-23 01:11:44,0.295
6438,2019-03-23 01:11:44,0.305
6439,2019-03-23 01:11:44,0.313
6440,2019-03-23 01:11:45,0.308
6441,2019-03-23 01:11:46,0.297
6442,2019-03-23 01:11:47,0.294
6443,2019-03-23 01:11:47,0.295
6444,2019-03-23 01:11:47,0.290
6445,2019-03-23 01:11:47,0.301
6446,2019-03-23 01:11:49,0.299
6447,2019-03-23 01:11:50,0.295
6448,2019-03-23 01:11:50,0.295
6449,2019-03-23 01:11:51,0.308
6450,2019-03-23 01:11:52,0.307
6451,2019-03-23 01:11:53,0.298
6452,2019-03-23 01:11:53,0.441
6453,2019-03-23 01:11:53,0.301
6454,2019-03-23 01:11:54,0.282
6455,2019-03-23 01:11:54,0.305
6456,2019-03-23 01:11:54,0.294
6457,2019-03-23 01:11:56,0.294
6458,2019-03-23 01:11:56,0.291
6459,2019-03-23 01:11:56,0.291
6460,2019-03-23 01:11:56,0.294
6461,2019-03-23 01:11:58,0.214
6462,2019-03-23 01:11:59,0.308
6463,2019-03-23 01:12:00,0.305
6464,2019-03-23 01:12:00,0.314
6465,2019-03-23 01:12:01,0.298
6466,2019-03-23 01:12:01,0.311
6467,2019-03-23 01:12:02,0.288
6468,2019-03-23 01:12:02,0.304
6469,2019-03-23 01:12:02,0.288
6470,2019-03-23 01:12:03,0.330
6471,2019-03-23 01:12:03,0.299
6472,2019-03-23 01:12:04,0.284
6473,2019-03-23 01:12:04,0.214
6474,2019-03-23 01:12:05,0.290
6475,2019-03-23 01:12:06,0.213
6476,2019-03-23 01:14:25,0.287
6477,2019-03-23 01:14:25,0.288
6478,2019-03-23 01:14:25,0.285
6479,2019-03-23 01:14:25,0.300
6480,2019-03-23 01:14:25,0.212
6481,2019-03-23 01:14:26,0.305
6482,2019-03-23 01:14:26,0.212
6483,2019-03-23 01:14:26,0.289
6484,2019-03-23 01:14:26,0.284
6485,2019-03-23 01:14:26,0.235
6486,2019-03-23 01:14:27,0.286
6487,2019-03-23 01:14:27,0.286
6488,2019-03-23 01:14:27,0.294
6489,2019-03-23 01:14:27,0.304
6490,2019-03-23 01:14:27,0.296
6491,2019-03-23 01:14:27,0.281
6492,2019-03-23 01:14:28,0.299
6493,2019-03-23 01:14:28,0.284
6494,2019-03-23 01:14:28,0.297
6495,2019-03-23 01:14:28,0.297
6496,2019-03-23 01:14:28,0.215
6497,2019-03-23 01:14:28,0.294
6498,2019-03-23 01:14:28,0.309
6499,2019-03-23 01:14:28,0.298
6500,2019-03-23 01:14:29,0.288
6501,2019-03-23 01:14:29,0.297
6502,2019-03-23 01:14:29,0.295
6503,2019-03-23 01:14:29,0.297
6504,2019-03-23 01:14:29,0.302
6505,2019-03-23 01:14:29,0.287
6506,2019-03-23 01:14:29,0.301
6507,2019-03-23 01:14:30,0.288
6508,2019-03-23 01:14:30,0.299
6509,2019-03-23 01:14:30,0.298
6510,2019-03-23 01:14:30,0.296
6511,2019-03-23 01:14:31,0.294
6512,2019-03-23 01:14:31,0.283
6513,2019-03-23 01:14:31,0.300
6514,2019-03-23 01:14:32,0.290
6515,2019-03-23 01:14:32,0.298
6516,2019-03-23 01:14:32,0.284
6517,2019-03-23 01:14:32,0.298
6518,2019-03-23 01:14:32,0.303
6519,2019-03-23 01:14:32,0.321
6520,2019-03-23 01:14:33,0.287
6521,2019-03-23 01:14:33,0.300
6522,2019-03-23 01:14:33,0.294
6523,2019-03-23 01:14:33,0.291
6524,2019-03-23 01:14:34,0.297
6525,2019-03-23 01:14:34,0.296
6526,2019-03-23 01:14:34,0.291
6527,2019-03-23 01:14:34,0.300
6528,2019-03-23 01:14:34,0.296
6529,2019-03-23 01:14:34,0.289
6530,2019-03-23 01:14:34,0.289
6531,2019-03-23 01:14:35,0.288
6532,2019-03-23 01:14:35,0.303
6533,2019-03-23 01:14:35,0.291
6534,2019-03-23 01:14:35,0.212
6535,2019-03-23 01:14:35,0.290
6536,2019-03-23 01:14:36,0.289
6537,2019-03-23 01:14:36,0.296
6538,2019-03-23 01:14:36,0.307
6539,2019-03-23 01:14:36,0.293
6540,2019-03-23 01:14:36,0.298
6541,2019-03-23 01:14:36,0.304
6542,2019-03-23 01:14:37,0.390
6543,2019-03-23 01:14:37,0.295
6544,2019-03-23 01:14:37,0.290
6545,2019-03-23 01:14:37,0.291
6546,2019-03-23 01:14:37,0.290
6547,2019-03-23 01:14:38,0.285
6548,2019-03-23 01:14:38,0.300
6549,2019-03-23 01:14:38,0.311
6550,2019-03-23 01:14:38,0.304
6551,2019-03-23 01:14:39,0.297
6552,2019-03-23 01:14:39,0.288
6553,2019-03-23 01:14:39,0.297
6554,2019-03-23 01:14:39,0.298
6555,2019-03-23 01:14:39,0.294
6556,2019-03-23 01:14:40,0.302
6557,2019-03-23 01:14:40,0.295
6558,2019-03-23 01:14:41,0.295
6559,2019-03-23 01:14:41,0.212
6560,2019-03-23 01:14:42,0.212
6561,2019-03-23 01:14:43,0.287
6562,2019-03-23 01:14:43,0.213
6563,2019-03-23 01:14:43,0.212
6564,2019-03-23 01:14:44,0.296
6565,2019-03-23 01:14:45,0.293
6566,2019-03-23 01:14:45,0.288
6567,2019-03-23 01:14:45,0.299
6568,2019-03-23 01:14:45,0.293
6569,2019-03-23 01:14:45,0.302
6570,2019-03-23 01:14:46,0.307
6571,2019-03-23 01:14:46,0.307
6572,2019-03-23 01:14:46,0.295
6573,2019-03-23 01:14:46,0.297
6574,2019-03-23 01:14:47,0.303
6575,2019-03-23 01:14:47,0.297
6576,2019-03-23 01:14:47,0.299
6577,2019-03-23 01:14:47,0.305
6578,2019-03-23 01:14:48,0.289
6579,2019-03-23 01:14:48,0.302
6580,2019-03-23 01:14:48,0.306
6581,2019-03-23 01:14:49,0.304
6582,2019-03-23 01:14:49,0.307
6583,2019-03-23 01:14:49,0.211
6584,2019-03-23 01:14:49,0.299
6585,2019-03-23 01:14:50,0.308
6586,2019-03-23 01:14:50,0.285
6587,2019-03-23 01:14:50,0.212
6588,2019-03-23 01:14:50,0.307
6589,2019-03-23 01:14:51,0.310
6590,2019-03-23 01:14:51,0.212
6591,2019-03-23 01:14:51,0.325
6592,2019-03-23 01:14:51,0.310
6593,2019-03-23 01:14:52,0.567
6594,2019-03-23 01:14:53,0.308
6595,2019-03-23 01:14:53,0.292
6596,2019-03-23 01:14:54,0.293
6597,2019-03-23 01:14:54,0.296
6598,2019-03-23 01:14:55,0.300
6599,2019-03-23 01:14:55,0.297
6600,2019-03-23 01:14:55,0.295
6601,2019-03-23 01:14:57,0.293
6602,2019-03-23 01:14:57,0.305
6603,2019-03-23 01:14:58,0.298
6604,2019-03-23 01:14:58,0.309
6605,2019-03-23 01:14:59,0.300
6606,2019-03-23 01:14:59,0.305
6607,2019-03-23 01:15:00,0.295
6608,2019-03-23 01:15:00,0.295
6609,2019-03-23 01:15:00,0.289
6610,2019-03-23 01:15:01,0.302
6611,2019-03-23 01:15:01,0.285
6612,2019-03-23 01:15:03,0.315
6613,2019-03-23 01:15:03,0.301
6614,2019-03-23 01:15:04,0.297
6615,2019-03-23 01:15:04,0.303
6616,2019-03-23 01:15:05,0.290
6617,2019-03-23 01:15:05,0.300
6618,2019-03-23 01:15:06,0.296
6619,2019-03-23 01:15:06,0.301
6620,2019-03-23 01:15:06,0.297
6621,2019-03-23 01:15:07,0.305
6622,2019-03-23 01:15:07,0.214
6623,2019-03-23 01:15:07,0.290
6624,2019-03-23 01:15:08,0.300
6625,2019-03-23 01:15:09,0.321
6626,2019-03-23 01:15:10,0.312
6627,2019-03-23 01:15:10,0.291
6628,2019-03-23 01:15:11,0.305
6629,2019-03-23 01:15:11,0.286
6630,2019-03-23 01:15:12,0.314
6631,2019-03-23 01:15:12,0.294
6632,2019-03-23 01:15:13,0.302
6633,2019-03-23 01:15:13,0.285
6634,2019-03-23 01:15:14,0.293
6635,2019-03-23 01:15:14,0.301
6636,2019-03-23 01:15:15,0.305
6637,2019-03-23 01:15:16,0.304
6638,2019-03-23 01:15:17,0.302
6639,2019-03-23 01:15:17,0.285
6640,2019-03-23 01:15:18,0.304
6641,2019-03-23 01:15:20,0.213
6642,2019-03-23 01:15:21,0.301
6643,2019-03-23 01:15:21,0.212
6644,2019-03-23 01:15:22,0.302
6645,2019-03-23 01:15:23,0.278
6646,2019-03-23 01:15:24,0.284
6647,2019-03-23 01:15:24,0.293
6648,2019-03-23 01:15:24,0.300
6649,2019-03-23 01:15:25,0.293
6650,2019-03-23 01:15:25,0.213
6651,2019-03-23 01:15:26,0.298
6652,2019-03-23 01:15:27,0.307
6653,2019-03-23 01:15:28,0.302
6654,2019-03-23 01:15:28,0.288
6655,2019-03-23 01:15:29,0.298
6656,2019-03-23 01:15:29,0.303
6657,2019-03-23 01:15:31,0.290
6658,2019-03-23 01:15:31,0.295
6659,2019-03-23 01:15:32,0.293
6660,2019-03-23 01:15:34,0.298
6661,2019-03-23 01:15:34,0.296
6662,2019-03-23 01:15:34,0.298
6663,2019-03-23 01:15:35,0.281
6664,2019-03-23 01:15:35,0.294
6665,2019-03-23 01:15:38,0.296
6666,2019-03-23 01:15:38,0.292
6667,2019-03-23 01:15:39,0.274
6668,2019-03-23 01:15:40,0.298
6669,2019-03-23 01:15:41,0.291
6670,2019-03-23 01:15:43,0.291
6671,2019-03-23 01:15:44,0.290
6672,2019-03-23 01:15:44,0.286
6673,2019-03-23 01:15:45,0.292
6674,2019-03-23 01:15:46,0.293
6675,2019-03-23 01:15:46,0.279
6676,2019-03-23 01:15:47,0.284
6677,2019-03-23 01:15:47,0.298
6678,2019-03-23 01:15:47,0.296
6679,2019-03-23 01:15:47,0.288
6680,2019-03-23 01:15:48,0.203
6681,2019-03-23 01:15:48,0.305
6682,2019-03-23 01:15:49,0.212
6683,2019-03-23 01:15:49,0.294
6684,2019-03-23 01:15:51,0.290
6685,2019-03-23 01:15:52,0.277
6686,2019-03-23 01:15:52,0.291
6687,2019-03-23 01:15:54,0.213
6688,2019-03-23 01:15:54,0.350
6689,2019-03-23 01:15:54,0.289
6690,2019-03-23 01:15:54,0.298
6691,2019-03-23 01:15:56,0.301
6692,2019-03-23 01:15:56,0.296
6693,2019-03-23 01:15:57,0.302
6694,2019-03-23 01:15:57,0.303
6695,2019-03-23 01:15:57,0.301
6696,2019-03-23 01:15:58,0.303
6697,2019-03-23 01:15:58,0.285
6698,2019-03-23 01:15:59,0.293
6699,2019-03-23 01:16:00,0.295
6700,2019-03-23 01:16:00,0.291
6701,2019-03-23 01:16:01,0.308
6702,2019-03-23 01:16:02,0.299
6703,2019-03-23 01:16:02,0.298
6704,2019-03-23 01:16:03,0.284
6705,2019-03-23 01:16:03,0.211
6706,2019-03-23 01:16:04,0.300
6707,2019-03-23 01:16:04,0.162
6708,2019-03-23 01:16:04,0.289
6709,2019-03-23 01:16:04,0.214
6710,2019-03-23 01:16:04,0.215
6711,2019-03-23 01:16:04,0.282
6712,2019-03-23 01:16:05,0.290
6713,2019-03-23 01:16:06,0.297
6714,2019-03-23 01:16:06,0.298
6715,2019-03-23 01:16:07,0.287
6716,2019-03-23 01:16:08,0.300
6717,2019-03-23 01:16:08,0.292
6718,2019-03-23 01:16:08,0.301
6719,2019-03-23 01:16:09,0.304
6720,2019-03-23 01:16:09,0.213
6721,2019-03-23 01:16:10,0.303
6722,2019-03-23 01:16:10,0.308
6723,2019-03-23 01:16:11,0.300
6724,2019-03-23 01:16:11,0.307
6725,2019-03-23 01:16:13,0.305
6726,2019-03-23 01:16:14,0.299
6727,2019-03-23 01:16:15,0.212
6728,2019-03-23 01:16:16,0.309
6729,2019-03-23 01:16:16,0.296
6730,2019-03-23 01:16:16,0.293
6731,2019-03-23 01:16:18,0.291
6732,2019-03-23 01:16:19,0.302
6733,2019-03-23 01:16:19,0.283
6734,2019-03-23 01:16:19,0.296
6735,2019-03-23 01:16:20,0.296
6736,2019-03-23 01:16:20,0.302
6737,2019-03-23 01:16:20,0.285
6738,2019-03-23 01:16:21,0.310
6739,2019-03-23 01:16:22,0.304
6740,2019-03-23 01:16:22,0.300
6741,2019-03-23 01:16:23,0.212
6742,2019-03-23 01:16:23,0.294
6743,2019-03-23 01:16:23,0.316
6744,2019-03-23 01:16:23,0.295
6745,2019-03-23 01:16:24,0.216
6746,2019-03-23 01:16:24,0.351
6747,2019-03-23 01:16:24,0.287
6748,2019-03-23 01:16:24,0.300
6749,2019-03-23 01:16:24,0.298
6750,2019-03-23 01:16:25,0.306
6751,2019-03-23 01:16:25,0.289
6752,2019-03-23 01:16:25,0.286
6753,2019-03-23 01:16:25,0.307
6754,2019-03-23 01:16:26,1.243
6755,2019-03-23 01:16:26,0.295
6756,2019-03-23 01:16:27,0.300
6757,2019-03-23 01:16:28,0.294
6758,2019-03-23 01:16:29,0.275
6759,2019-03-23 01:16:29,0.296
6760,2019-03-23 01:16:29,0.291
6761,2019-03-23 01:16:29,0.310
6762,2019-03-23 01:16:30,0.469
6763,2019-03-23 01:16:30,0.301
6764,2019-03-23 01:16:31,0.286
6765,2019-03-23 01:16:32,0.289
6766,2019-03-23 01:16:32,0.283
6767,2019-03-23 01:16:32,0.379
6768,2019-03-23 01:16:32,0.292
6769,2019-03-23 01:16:32,0.299
6770,2019-03-23 01:16:33,0.290
6771,2019-03-23 01:16:34,0.285
6772,2019-03-23 01:16:34,0.294
6773,2019-03-23 01:16:34,0.291
6774,2019-03-23 01:16:34,0.296
6775,2019-03-23 01:16:35,0.278
6776,2019-03-23 01:16:35,0.213
6777,2019-03-23 01:16:35,0.297
6778,2019-03-23 01:16:35,0.285
6779,2019-03-23 01:16:36,0.300
6780,2019-03-23 01:16:36,0.213
6781,2019-03-23 01:16:36,0.280
6782,2019-03-23 01:16:36,0.291
6783,2019-03-23 01:16:37,0.278
6784,2019-03-23 01:16:37,0.291
6785,2019-03-23 01:16:38,0.291
6786,2019-03-23 01:16:39,0.293
6787,2019-03-23 01:16:39,0.294
6788,2019-03-23 01:16:40,0.294
6789,2019-03-23 01:16:40,0.298
6790,2019-03-23 01:16:41,0.298
6791,2019-03-23 01:16:41,0.214
6792,2019-03-23 01:16:42,0.301
6793,2019-03-23 01:16:43,0.284
6794,2019-03-23 01:16:43,0.290
6795,2019-03-23 01:16:44,0.285
6796,2019-03-23 01:16:45,0.293
6797,2019-03-23 01:16:45,0.303
6798,2019-03-23 01:16:45,0.294
6799,2019-03-23 01:16:46,0.304
6800,2019-03-23 01:16:48,0.292
6801,2019-03-23 01:16:48,0.291
6802,2019-03-23 01:16:49,0.291
6803,2019-03-23 01:16:49,0.297
6804,2019-03-23 01:16:50,0.276
6805,2019-03-23 01:16:50,0.296
6806,2019-03-23 01:16:51,0.297
6807,2019-03-23 01:16:51,0.288
6808,2019-03-23 01:16:52,0.213
6809,2019-03-23 01:16:52,0.290
6810,2019-03-23 01:16:52,0.291
6811,2019-03-23 01:16:52,0.214
6812,2019-03-23 01:16:53,0.291
6813,2019-03-23 01:16:53,0.296
6814,2019-03-23 01:16:53,0.286
6815,2019-03-23 01:16:54,0.295
6816,2019-03-23 01:16:54,0.293
6817,2019-03-23 01:16:55,0.298
6818,2019-03-23 01:16:56,0.310
6819,2019-03-23 01:16:56,0.213
6820,2019-03-23 01:16:56,0.296
6821,2019-03-23 01:16:57,0.282
6822,2019-03-23 01:16:57,0.292
6823,2019-03-23 01:16:57,0.297
6824,2019-03-23 01:16:58,0.289
6825,2019-03-23 01:16:58,0.297
6826,2019-03-23 01:16:59,0.298
6827,2019-03-23 01:17:00,0.294
6828,2019-03-23 01:17:00,0.283
6829,2019-03-23 01:17:00,0.302
6830,2019-03-23 01:17:01,0.287
6831,2019-03-23 01:17:01,0.303
6832,2019-03-23 01:17:01,0.289
6833,2019-03-23 01:17:02,0.306
6834,2019-03-23 01:17:02,0.289
6835,2019-03-23 01:17:02,0.293
6836,2019-03-23 01:17:04,0.294
6837,2019-03-23 01:17:05,0.306
6838,2019-03-23 01:17:05,0.291
6839,2019-03-23 01:17:06,0.487
6840,2019-03-23 01:17:07,0.292
6841,2019-03-23 01:17:07,0.291
6842,2019-03-23 01:17:07,0.297
6843,2019-03-23 01:17:07,0.290
6844,2019-03-23 01:17:08,0.290
6845,2019-03-23 01:17:08,0.298
6846,2019-03-23 01:17:08,0.293
6847,2019-03-23 01:17:08,0.298
6848,2019-03-23 01:17:09,0.291
6849,2019-03-23 01:17:09,0.283
6850,2019-03-23 01:17:10,0.298
6851,2019-03-23 01:17:10,0.293
6852,2019-03-23 01:17:11,0.213
6853,2019-03-23 01:17:12,0.300
6854,2019-03-23 01:17:12,0.284
6855,2019-03-23 01:17:12,0.293
6856,2019-03-23 01:17:13,0.301
6857,2019-03-23 01:17:13,0.298
6858,2019-03-23 01:17:13,0.292
6859,2019-03-23 01:17:15,0.287
6860,2019-03-23 01:17:15,0.294
6861,2019-03-23 01:17:15,0.295
6862,2019-03-23 01:17:16,0.287
6863,2019-03-23 01:17:17,0.291
6864,2019-03-23 01:17:18,0.300
6865,2019-03-23 01:17:18,0.289
6866,2019-03-23 01:17:18,0.292
6867,2019-03-23 01:17:19,0.295
6868,2019-03-23 01:17:19,0.296
6869,2019-03-23 01:17:19,0.292
6870,2019-03-23 01:17:20,0.301
6871,2019-03-23 01:17:20,0.300
6872,2019-03-23 01:17:21,0.288
6873,2019-03-23 01:17:21,0.300
6874,2019-03-23 01:17:22,0.299
6875,2019-03-23 01:17:22,0.288
6876,2019-03-23 01:17:23,0.298
6877,2019-03-23 01:17:23,0.286
6878,2019-03-23 01:17:24,0.292
6879,2019-03-23 01:17:25,0.302
6880,2019-03-23 01:17:25,0.292
6881,2019-03-23 01:17:25,0.290
6882,2019-03-23 01:17:26,0.294
6883,2019-03-23 01:17:27,0.291
6884,2019-03-23 01:17:27,0.287
6885,2019-03-23 01:17:27,0.301
6886,2019-03-23 01:17:28,0.298
6887,2019-03-23 01:17:30,0.295
6888,2019-03-23 01:17:31,0.305
6889,2019-03-23 01:17:32,0.291
6890,2019-03-23 01:17:32,0.288
6891,2019-03-23 01:17:32,0.293
6892,2019-03-23 01:17:33,0.282
6893,2019-03-23 01:17:34,0.289
6894,2019-03-23 01:17:35,0.297
6895,2019-03-23 01:17:36,0.305
6896,2019-03-23 01:17:37,0.295
6897,2019-03-23 01:17:38,0.293
6898,2019-03-23 01:17:38,0.291
6899,2019-03-23 01:17:39,0.315
6900,2019-03-23 01:17:39,0.303
6901,2019-03-23 01:17:39,0.289
6902,2019-03-23 01:17:40,0.292
6903,2019-03-23 01:17:41,0.284
6904,2019-03-23 01:17:42,0.281
6905,2019-03-23 01:17:43,0.300
6906,2019-03-23 01:17:44,0.298
6907,2019-03-23 01:17:44,0.296
6908,2019-03-23 01:17:45,0.280
6909,2019-03-23 01:17:45,0.282
6910,2019-03-23 01:17:45,0.299
6911,2019-03-23 01:17:46,0.283
6912,2019-03-23 01:17:46,0.304
6913,2019-03-23 01:17:47,0.289
6914,2019-03-23 01:17:48,0.293
6915,2019-03-23 01:17:49,0.300
6916,2019-03-23 01:17:50,0.298
6917,2019-03-23 01:17:50,0.282
6918,2019-03-23 01:17:51,0.299
6919,2019-03-23 01:17:51,0.298
6920,2019-03-23 01:17:51,0.308
6921,2019-03-23 01:17:52,0.297
6922,2019-03-23 01:17:53,0.304
6923,2019-03-23 01:17:53,0.292
6924,2019-03-23 01:17:53,0.305
6925,2019-03-23 01:17:55,0.290
6926,2019-03-23 01:17:57,0.287
6927,2019-03-23 01:17:58,0.316
6928,2019-03-23 01:17:58,0.283
6929,2019-03-23 01:17:59,0.282
6930,2019-03-23 01:17:59,0.292
6931,2019-03-23 01:18:00,0.299
6932,2019-03-23 01:18:00,0.301
6933,2019-03-23 01:18:01,0.311
6934,2019-03-23 01:18:01,0.304
6935,2019-03-23 01:18:02,0.319
6936,2019-03-23 01:18:02,0.290
6937,2019-03-23 01:18:03,0.300
6938,2019-03-23 01:18:03,0.314
6939,2019-03-23 01:18:04,0.301
6940,2019-03-23 01:18:05,0.213
6941,2019-03-23 01:18:05,0.307
6942,2019-03-23 01:18:05,0.307
6943,2019-03-23 01:18:06,0.304
6944,2019-03-23 01:18:06,0.311
6945,2019-03-23 01:18:07,0.312
6946,2019-03-23 01:18:07,0.292
6947,2019-03-23 01:18:07,0.300
6948,2019-03-23 01:18:07,0.307
6949,2019-03-23 01:18:09,0.305
6950,2019-03-23 01:18:10,0.214
6951,2019-03-23 01:18:10,0.329
6952,2019-03-23 01:18:12,0.313
6953,2019-03-23 01:18:12,0.311
6954,2019-03-23 01:18:13,0.317
6955,2019-03-23 01:18:13,0.316
6956,2019-03-23 01:18:14,0.297
6957,2019-03-23 01:18:14,0.306
6958,2019-03-23 01:18:15,0.309
6959,2019-03-23 01:18:15,0.305
6960,2019-03-23 01:18:15,0.309
6961,2019-03-23 01:18:16,0.322
6962,2019-03-23 01:18:16,0.305
6963,2019-03-23 01:18:16,0.322
6964,2019-03-23 01:18:17,0.303
6965,2019-03-23 01:18:18,0.312
6966,2019-03-23 01:18:20,0.290
6967,2019-03-23 01:18:20,0.310
6968,2019-03-23 01:18:20,0.301
6969,2019-03-23 01:18:20,0.303
6970,2019-03-23 01:18:21,0.306
6971,2019-03-23 01:18:21,0.299
6972,2019-03-23 01:18:21,0.315
6973,2019-03-23 01:18:22,0.296
6974,2019-03-23 01:18:22,0.301
6975,2019-03-23 01:18:23,0.312
6976,2019-03-23 01:18:23,0.307
6977,2019-03-23 01:18:24,0.310
6978,2019-03-23 01:18:25,0.297
6979,2019-03-23 01:18:25,0.343
6980,2019-03-23 01:18:26,0.316
6981,2019-03-23 01:18:26,0.329
6982,2019-03-23 01:18:27,0.316
6983,2019-03-23 01:18:28,0.309
6984,2019-03-23 01:18:28,0.317
6985,2019-03-23 01:18:28,0.302
6986,2019-03-23 01:18:28,0.315
6987,2019-03-23 01:18:28,0.298
6988,2019-03-23 01:18:29,0.306
6989,2019-03-23 01:18:29,0.318
6990,2019-03-23 01:18:30,0.321
6991,2019-03-23 01:18:31,0.307
6992,2019-03-23 01:18:31,0.300
6993,2019-03-23 01:18:32,0.308
6994,2019-03-23 01:18:32,0.302
6995,2019-03-23 01:18:32,0.305
6996,2019-03-23 01:18:32,0.326
6997,2019-03-23 01:18:33,0.318
6998,2019-03-23 01:18:33,0.306
6999,2019-03-23 01:18:34,0.301
7000,2019-03-23 01:18:34,0.301
7001,2019-03-23 01:18:36,0.305
7002,2019-03-23 01:18:36,0.291
7003,2019-03-23 01:18:37,0.292
7004,2019-03-23 01:18:37,0.299
7005,2019-03-23 01:18:37,0.295
7006,2019-03-23 01:18:38,0.296
7007,2019-03-23 01:18:38,0.291
7008,2019-03-23 01:18:39,0.307
7009,2019-03-23 01:18:39,0.305
7010,2019-03-23 01:18:40,0.304
7011,2019-03-23 01:18:41,0.288
7012,2019-03-23 01:18:42,0.282
7013,2019-03-23 01:18:42,0.295
7014,2019-03-23 01:18:42,0.298
7015,2019-03-23 01:18:43,0.290
7016,2019-03-23 01:18:44,0.212
7017,2019-03-23 01:18:45,0.288
7018,2019-03-23 01:18:45,0.214
7019,2019-03-23 01:18:46,0.290
7020,2019-03-23 01:18:47,0.321
7021,2019-03-23 01:18:47,0.289
7022,2019-03-23 01:18:48,0.298
7023,2019-03-23 01:18:48,0.213
7024,2019-03-23 01:18:48,0.287
7025,2019-03-23 01:18:49,0.288
7026,2019-03-23 01:18:49,0.305
7027,2019-03-23 01:18:49,0.290
7028,2019-03-23 01:18:50,0.302
7029,2019-03-23 01:18:50,0.286
7030,2019-03-23 01:18:51,0.303
7031,2019-03-23 01:18:52,0.299
7032,2019-03-23 01:18:52,0.292
7033,2019-03-23 01:18:53,0.289
7034,2019-03-23 01:18:53,0.287
7035,2019-03-23 01:18:54,0.299
7036,2019-03-23 01:18:54,0.291
7037,2019-03-23 01:18:56,0.288
7038,2019-03-23 01:18:57,0.279
7039,2019-03-23 01:18:57,0.295
7040,2019-03-23 01:18:57,0.296
7041,2019-03-23 01:18:58,0.286
7042,2019-03-23 01:18:58,0.285
7043,2019-03-23 01:18:59,0.297
7044,2019-03-23 01:18:59,0.285
7045,2019-03-23 01:19:00,0.294
7046,2019-03-23 01:19:00,0.317
7047,2019-03-23 01:19:00,0.289
7048,2019-03-23 01:19:01,0.290
7049,2019-03-23 01:19:02,0.290
7050,2019-03-23 01:19:03,0.286
7051,2019-03-23 01:19:03,0.338
7052,2019-03-23 01:19:03,0.291
7053,2019-03-23 01:19:04,0.302
7054,2019-03-23 01:19:04,0.302
7055,2019-03-23 01:19:05,0.296
7056,2019-03-23 01:19:05,0.214
7057,2019-03-23 01:19:05,0.296
7058,2019-03-23 01:19:07,0.288
7059,2019-03-23 01:19:07,0.297
7060,2019-03-23 01:19:07,0.291
7061,2019-03-23 01:19:07,0.291
7062,2019-03-23 01:19:07,0.297
7063,2019-03-23 01:19:08,0.297
7064,2019-03-23 01:19:09,0.300
7065,2019-03-23 01:19:09,0.285
7066,2019-03-23 01:19:09,0.286
7067,2019-03-23 01:19:09,0.302
7068,2019-03-23 01:19:10,0.293
7069,2019-03-23 01:19:10,0.214
7070,2019-03-23 01:19:12,0.299
7071,2019-03-23 01:19:13,0.296
7072,2019-03-23 01:19:13,0.293
7073,2019-03-23 01:19:14,0.285
7074,2019-03-23 01:19:14,0.282
7075,2019-03-23 01:19:15,0.299
7076,2019-03-23 01:19:16,0.291
7077,2019-03-23 01:19:16,0.297
7078,2019-03-23 01:19:17,0.297
7079,2019-03-23 01:19:17,0.298
7080,2019-03-23 01:19:18,0.304
7081,2019-03-23 01:19:18,0.288
7082,2019-03-23 01:19:19,0.305
7083,2019-03-23 01:19:20,0.301
7084,2019-03-23 01:19:20,0.300
7085,2019-03-23 01:19:21,0.301
7086,2019-03-23 01:19:21,0.300
7087,2019-03-23 01:19:22,0.306
7088,2019-03-23 01:19:23,0.300
7089,2019-03-23 01:19:23,0.305
7090,2019-03-23 01:19:23,0.303
7091,2019-03-23 01:19:25,0.298
7092,2019-03-23 01:19:25,0.295
7093,2019-03-23 01:19:26,0.300
7094,2019-03-23 01:19:27,0.295
7095,2019-03-23 01:19:27,0.279
7096,2019-03-23 01:19:28,0.304
7097,2019-03-23 01:19:28,0.294
7098,2019-03-23 01:19:28,0.283
7099,2019-03-23 01:19:30,0.281
7100,2019-03-23 01:19:30,0.293
7101,2019-03-23 01:19:31,0.284
7102,2019-03-23 01:19:31,0.294
7103,2019-03-23 01:19:32,0.295
7104,2019-03-23 01:19:34,0.315
7105,2019-03-23 01:19:34,0.285
7106,2019-03-23 01:19:35,0.281
7107,2019-03-23 01:19:35,0.299
7108,2019-03-23 01:19:36,0.286
7109,2019-03-23 01:19:36,0.294
7110,2019-03-23 01:19:36,0.293
7111,2019-03-23 01:19:37,0.298
7112,2019-03-23 01:19:38,0.212
7113,2019-03-23 01:19:39,0.311
7114,2019-03-23 01:19:40,0.295
7115,2019-03-23 01:19:41,0.289
7116,2019-03-23 01:19:42,0.296
7117,2019-03-23 01:19:43,0.299
7118,2019-03-23 01:19:44,0.290
7119,2019-03-23 01:19:44,0.290
7120,2019-03-23 01:19:45,0.212
7121,2019-03-23 01:19:46,0.302
7122,2019-03-23 01:19:46,0.308
7123,2019-03-23 01:19:46,0.328
7124,2019-03-23 01:19:47,0.290
7125,2019-03-23 01:19:47,0.293
7126,2019-03-23 01:19:47,0.292
7127,2019-03-23 01:19:49,0.217
7128,2019-03-23 01:19:49,0.290
7129,2019-03-23 01:19:50,0.313
7130,2019-03-23 01:19:50,0.293
7131,2019-03-23 01:19:50,0.302
7132,2019-03-23 01:19:51,0.298
7133,2019-03-23 01:19:51,0.295
7134,2019-03-23 01:19:51,0.291
7135,2019-03-23 01:19:52,0.293
7136,2019-03-23 01:19:52,0.289
7137,2019-03-23 01:19:52,0.294
7138,2019-03-23 01:19:52,0.281
7139,2019-03-23 01:19:53,0.291
7140,2019-03-23 01:19:54,0.299
7141,2019-03-23 01:19:54,0.290
7142,2019-03-23 01:19:55,0.303
7143,2019-03-23 01:19:55,0.304
7144,2019-03-23 01:19:56,0.212
7145,2019-03-23 01:19:57,0.211
7146,2019-03-23 01:19:58,0.285
7147,2019-03-23 01:19:59,0.291
7148,2019-03-23 01:19:59,0.281
7149,2019-03-23 01:20:00,0.294
7150,2019-03-23 01:20:00,0.289
7151,2019-03-23 01:20:01,0.276
7152,2019-03-23 01:20:02,0.292
7153,2019-03-23 01:20:02,0.290
7154,2019-03-23 01:20:03,0.290
7155,2019-03-23 01:20:04,0.291
7156,2019-03-23 01:20:04,0.417
7157,2019-03-23 01:20:04,0.287
7158,2019-03-23 01:20:05,0.218
7159,2019-03-23 01:20:05,0.306
7160,2019-03-23 01:20:06,0.296
7161,2019-03-23 01:20:06,0.282
7162,2019-03-23 01:20:06,0.280
7163,2019-03-23 01:20:07,0.278
7164,2019-03-23 01:20:07,0.293
7165,2019-03-23 01:20:08,0.293
7166,2019-03-23 01:20:09,0.289
7167,2019-03-23 01:20:09,0.291
7168,2019-03-23 01:20:10,0.304
7169,2019-03-23 01:20:12,0.281
7170,2019-03-23 01:20:12,0.293
7171,2019-03-23 01:20:13,0.310
7172,2019-03-23 01:20:13,0.305
7173,2019-03-23 01:20:14,0.289
7174,2019-03-23 01:20:14,0.303
7175,2019-03-23 01:20:15,0.213
7176,2019-03-23 01:20:15,0.290
7177,2019-03-23 01:20:15,0.348
7178,2019-03-23 01:20:15,0.290
7179,2019-03-23 01:20:16,0.213
7180,2019-03-23 01:20:16,0.294
7181,2019-03-23 01:20:16,0.296
7182,2019-03-23 01:20:17,0.296
7183,2019-03-23 01:20:17,0.288
7184,2019-03-23 01:20:17,0.288
7185,2019-03-23 01:20:17,0.299
7186,2019-03-23 01:20:18,0.297
7187,2019-03-23 01:20:19,0.284
7188,2019-03-23 01:20:19,0.293
7189,2019-03-23 01:20:20,0.297
7190,2019-03-23 01:20:20,0.212
7191,2019-03-23 01:20:20,0.297
7192,2019-03-23 01:20:21,0.301
7193,2019-03-23 01:20:22,0.290
7194,2019-03-23 01:20:23,0.289
7195,2019-03-23 01:20:24,0.299
7196,2019-03-23 01:20:24,0.299
7197,2019-03-23 01:20:25,0.288
7198,2019-03-23 01:20:25,0.295
7199,2019-03-23 01:20:25,0.287
7200,2019-03-23 01:20:27,0.298
7201,2019-03-23 01:20:27,0.297
7202,2019-03-23 01:20:27,0.283
7203,2019-03-23 01:20:27,0.290
7204,2019-03-23 01:20:28,0.279
7205,2019-03-23 01:20:29,0.296
7206,2019-03-23 01:20:30,0.280
7207,2019-03-23 01:20:30,0.298
7208,2019-03-23 01:20:31,0.286
7209,2019-03-23 01:20:31,0.299
7210,2019-03-23 01:20:32,0.290
7211,2019-03-23 01:20:32,0.289
7212,2019-03-23 01:20:32,0.314
7213,2019-03-23 01:20:33,0.311
7214,2019-03-23 01:20:33,0.288
7215,2019-03-23 01:20:34,0.304
7216,2019-03-23 01:20:34,0.292
7217,2019-03-23 01:20:34,0.284
7218,2019-03-23 01:20:35,0.214
7219,2019-03-23 01:20:35,0.283
7220,2019-03-23 01:20:36,0.289
7221,2019-03-23 01:20:37,0.294
7222,2019-03-23 01:20:38,0.282
7223,2019-03-23 01:20:39,0.293
7224,2019-03-23 01:20:40,0.212
7225,2019-03-23 01:20:40,0.292
7226,2019-03-23 01:20:41,0.303
7227,2019-03-23 01:20:41,0.294
7228,2019-03-23 01:20:41,0.290
7229,2019-03-23 01:20:42,0.294
7230,2019-03-23 01:20:43,0.294
7231,2019-03-23 01:20:44,0.298
7232,2019-03-23 01:20:44,0.290
7233,2019-03-23 01:20:44,0.276
7234,2019-03-23 01:20:46,0.295
7235,2019-03-23 01:20:47,0.310
7236,2019-03-23 01:20:47,0.289
7237,2019-03-23 01:20:48,0.290
7238,2019-03-23 01:20:48,0.317
7239,2019-03-23 01:20:48,0.287
7240,2019-03-23 01:20:49,0.287
7241,2019-03-23 01:20:49,0.294
7242,2019-03-23 01:20:49,0.289
7243,2019-03-23 01:20:50,0.372
7244,2019-03-23 01:20:50,0.291
7245,2019-03-23 01:20:51,0.214
7246,2019-03-23 01:20:51,0.279
7247,2019-03-23 01:20:52,0.287
7248,2019-03-23 01:20:52,0.295
7249,2019-03-23 01:20:53,0.321
7250,2019-03-23 01:20:53,0.296
7251,2019-03-23 01:20:54,0.294
7252,2019-03-23 01:20:54,0.297
7253,2019-03-23 01:20:54,0.290
7254,2019-03-23 01:20:54,0.359
7255,2019-03-23 01:20:55,0.297
7256,2019-03-23 01:20:56,0.302
7257,2019-03-23 01:20:56,0.305
7258,2019-03-23 01:20:57,0.306
7259,2019-03-23 01:20:57,0.289
7260,2019-03-23 01:20:57,0.289
7261,2019-03-23 01:20:58,0.299
7262,2019-03-23 01:20:58,0.278
7263,2019-03-23 01:20:59,0.289
7264,2019-03-23 01:20:59,0.278
7265,2019-03-23 01:20:59,0.295
7266,2019-03-23 01:21:00,0.291
7267,2019-03-23 01:21:01,0.297
7268,2019-03-23 01:21:01,0.295
7269,2019-03-23 01:21:02,0.304
7270,2019-03-23 01:21:02,0.287
7271,2019-03-23 01:23:25,0.291
7272,2019-03-23 01:23:25,0.215
7273,2019-03-23 01:23:26,0.309
7274,2019-03-23 01:23:26,0.297
7275,2019-03-23 01:23:26,0.283
7276,2019-03-23 01:23:26,0.295
7277,2019-03-23 01:23:26,0.307
7278,2019-03-23 01:23:26,0.288
7279,2019-03-23 01:23:26,0.295
7280,2019-03-23 01:23:27,0.297
7281,2019-03-23 01:23:27,0.297
7282,2019-03-23 01:23:27,0.289
7283,2019-03-23 01:23:27,0.284
7284,2019-03-23 01:23:28,0.283
7285,2019-03-23 01:23:28,0.290
7286,2019-03-23 01:23:29,0.284
7287,2019-03-23 01:23:29,0.294
7288,2019-03-23 01:23:29,0.290
7289,2019-03-23 01:23:29,0.305
7290,2019-03-23 01:23:29,0.293
7291,2019-03-23 01:23:30,0.295
7292,2019-03-23 01:23:32,0.295
7293,2019-03-23 01:23:32,0.295
7294,2019-03-23 01:23:33,0.290
7295,2019-03-23 01:23:33,0.212
7296,2019-03-23 01:23:33,0.289
7297,2019-03-23 01:23:33,0.300
7298,2019-03-23 01:23:34,0.304
7299,2019-03-23 01:23:34,0.215
7300,2019-03-23 01:23:35,0.295
7301,2019-03-23 01:23:35,0.300
7302,2019-03-23 01:23:35,0.291
7303,2019-03-23 01:23:35,0.289
7304,2019-03-23 01:23:36,0.299
7305,2019-03-23 01:23:36,0.291
7306,2019-03-23 01:23:36,0.296
7307,2019-03-23 01:23:36,0.306
7308,2019-03-23 01:23:36,0.289
7309,2019-03-23 01:23:36,0.290
7310,2019-03-23 01:23:37,0.293
7311,2019-03-23 01:23:37,0.305
7312,2019-03-23 01:23:37,0.308
7313,2019-03-23 01:23:38,0.285
7314,2019-03-23 01:23:38,0.291
7315,2019-03-23 01:23:38,0.296
7316,2019-03-23 01:23:38,0.279
7317,2019-03-23 01:23:39,0.282
7318,2019-03-23 01:23:39,0.291
7319,2019-03-23 01:23:40,0.283
7320,2019-03-23 01:23:40,0.292
7321,2019-03-23 01:23:40,0.288
7322,2019-03-23 01:23:41,0.293
7323,2019-03-23 01:23:41,0.298
7324,2019-03-23 01:23:42,0.302
7325,2019-03-23 01:23:42,0.300
7326,2019-03-23 01:23:43,0.295
7327,2019-03-23 01:23:43,0.301
7328,2019-03-23 01:23:43,0.296
7329,2019-03-23 01:23:43,0.291
7330,2019-03-23 01:23:43,0.289
7331,2019-03-23 01:23:44,0.283
7332,2019-03-23 01:23:45,0.294
7333,2019-03-23 01:23:46,0.297
7334,2019-03-23 01:23:46,0.294
7335,2019-03-23 01:23:46,0.293
7336,2019-03-23 01:23:47,0.304
7337,2019-03-23 01:23:47,0.312
7338,2019-03-23 01:23:47,0.311
7339,2019-03-23 01:23:48,0.290
7340,2019-03-23 01:23:48,0.296
7341,2019-03-23 01:23:48,0.320
7342,2019-03-23 01:23:49,0.286
7343,2019-03-23 01:23:49,0.281
7344,2019-03-23 01:23:49,0.287
7345,2019-03-23 01:23:49,0.308
7346,2019-03-23 01:23:49,0.296
7347,2019-03-23 01:23:49,0.312
7348,2019-03-23 01:23:49,0.284
7349,2019-03-23 01:23:51,0.291
7350,2019-03-23 01:23:51,0.301
7351,2019-03-23 01:23:51,0.298
7352,2019-03-23 01:23:51,0.304
7353,2019-03-23 01:23:52,0.292
7354,2019-03-23 01:23:52,0.301
7355,2019-03-23 01:23:54,0.289
7356,2019-03-23 01:23:54,0.377
7357,2019-03-23 01:23:54,0.320
7358,2019-03-23 01:23:54,0.283
7359,2019-03-23 01:23:55,0.297
7360,2019-03-23 01:23:55,0.275
7361,2019-03-23 01:23:56,0.293
7362,2019-03-23 01:23:56,0.312
7363,2019-03-23 01:23:56,0.297
7364,2019-03-23 01:23:56,0.309
7365,2019-03-23 01:23:57,0.310
7366,2019-03-23 01:23:57,0.286
7367,2019-03-23 01:23:58,0.296
7368,2019-03-23 01:23:58,0.287
7369,2019-03-23 01:23:58,0.212
7370,2019-03-23 01:23:59,0.291
7371,2019-03-23 01:23:59,0.306
7372,2019-03-23 01:23:59,0.319
7373,2019-03-23 01:24:00,0.306
7374,2019-03-23 01:24:01,0.288
7375,2019-03-23 01:24:01,0.291
7376,2019-03-23 01:24:01,0.292
7377,2019-03-23 01:24:01,0.293
7378,2019-03-23 01:24:02,0.275
7379,2019-03-23 01:24:02,0.286
7380,2019-03-23 01:24:02,0.286
7381,2019-03-23 01:24:02,0.292
7382,2019-03-23 01:24:03,0.298
7383,2019-03-23 01:24:03,0.300
7384,2019-03-23 01:24:04,0.304
7385,2019-03-23 01:24:04,0.302
7386,2019-03-23 01:24:05,0.306
7387,2019-03-23 01:24:05,0.286
7388,2019-03-23 01:24:07,0.301
7389,2019-03-23 01:24:08,0.285
7390,2019-03-23 01:24:08,0.309
7391,2019-03-23 01:24:09,0.303
7392,2019-03-23 01:24:09,0.295
7393,2019-03-23 01:24:10,0.305
7394,2019-03-23 01:24:10,0.307
7395,2019-03-23 01:24:11,0.281
7396,2019-03-23 01:24:11,0.304
7397,2019-03-23 01:24:12,0.291
7398,2019-03-23 01:24:12,0.288
7399,2019-03-23 01:24:12,0.303
7400,2019-03-23 01:24:12,0.316
7401,2019-03-23 01:24:13,0.288
7402,2019-03-23 01:24:14,0.296
7403,2019-03-23 01:24:14,0.290
7404,2019-03-23 01:24:16,0.217
7405,2019-03-23 01:24:16,0.305
7406,2019-03-23 01:24:17,0.288
7407,2019-03-23 01:24:18,0.310
7408,2019-03-23 01:24:18,0.303
7409,2019-03-23 01:24:19,0.297
7410,2019-03-23 01:24:19,0.317
7411,2019-03-23 01:24:20,0.296
7412,2019-03-23 01:24:20,0.290
7413,2019-03-23 01:24:20,0.287
7414,2019-03-23 01:24:20,0.293
7415,2019-03-23 01:24:21,0.285
7416,2019-03-23 01:24:21,0.296
7417,2019-03-23 01:24:21,0.287
7418,2019-03-23 01:24:23,0.294
7419,2019-03-23 01:24:23,0.308
7420,2019-03-23 01:24:24,0.302
7421,2019-03-23 01:24:25,0.303
7422,2019-03-23 01:24:25,0.309
7423,2019-03-23 01:24:26,0.300
7424,2019-03-23 01:24:26,0.294
7425,2019-03-23 01:24:27,0.307
7426,2019-03-23 01:24:27,0.286
7427,2019-03-23 01:24:27,0.299
7428,2019-03-23 01:24:27,0.300
7429,2019-03-23 01:24:28,0.289
7430,2019-03-23 01:24:29,0.290
7431,2019-03-23 01:24:29,0.301
7432,2019-03-23 01:24:30,0.295
7433,2019-03-23 01:24:31,0.291
7434,2019-03-23 01:24:32,0.300
7435,2019-03-23 01:24:33,0.291
7436,2019-03-23 01:24:33,0.301
7437,2019-03-23 01:24:34,0.212
7438,2019-03-23 01:24:36,0.297
7439,2019-03-23 01:24:36,0.298
7440,2019-03-23 01:24:37,0.278
7441,2019-03-23 01:24:39,0.300
7442,2019-03-23 01:24:39,0.300
7443,2019-03-23 01:24:39,0.303
7444,2019-03-23 01:24:40,0.342
7445,2019-03-23 01:24:40,0.294
7446,2019-03-23 01:24:40,0.335
7447,2019-03-23 01:24:41,0.403
7448,2019-03-23 01:24:41,0.306
7449,2019-03-23 01:24:41,0.301
7450,2019-03-23 01:24:42,0.310
7451,2019-03-23 01:24:42,0.289
7452,2019-03-23 01:24:42,0.296
7453,2019-03-23 01:24:42,0.309
7454,2019-03-23 01:24:43,0.285
7455,2019-03-23 01:24:43,0.290
7456,2019-03-23 01:24:44,0.307
7457,2019-03-23 01:24:47,0.286
7458,2019-03-23 01:24:47,0.212
7459,2019-03-23 01:24:47,0.213
7460,2019-03-23 01:24:48,0.307
7461,2019-03-23 01:24:48,1.252
7462,2019-03-23 01:24:49,0.305
7463,2019-03-23 01:24:49,0.220
7464,2019-03-23 01:24:50,0.279
7465,2019-03-23 01:24:51,0.300
7466,2019-03-23 01:24:51,0.297
7467,2019-03-23 01:24:52,0.300
7468,2019-03-23 01:24:53,0.286
7469,2019-03-23 01:24:53,0.298
7470,2019-03-23 01:24:53,0.286
7471,2019-03-23 01:24:54,0.302
7472,2019-03-23 01:24:54,0.289
7473,2019-03-23 01:24:55,0.292
7474,2019-03-23 01:24:55,0.303
7475,2019-03-23 01:24:56,0.295
7476,2019-03-23 01:24:57,0.293
7477,2019-03-23 01:24:58,0.316
7478,2019-03-23 01:24:58,0.213
7479,2019-03-23 01:24:59,0.287
7480,2019-03-23 01:24:59,0.297
7481,2019-03-23 01:25:00,0.213
7482,2019-03-23 01:25:00,0.213
7483,2019-03-23 01:25:01,0.301
7484,2019-03-23 01:25:01,0.215
7485,2019-03-23 01:25:03,0.304
7486,2019-03-23 01:25:04,0.297
7487,2019-03-23 01:25:04,0.294
7488,2019-03-23 01:25:05,0.300
7489,2019-03-23 01:25:05,0.305
7490,2019-03-23 01:25:06,0.299
7491,2019-03-23 01:25:06,0.299
7492,2019-03-23 01:25:06,0.291
7493,2019-03-23 01:25:07,0.294
7494,2019-03-23 01:25:08,0.286
7495,2019-03-23 01:25:08,0.300
7496,2019-03-23 01:25:09,0.306
7497,2019-03-23 01:25:09,0.281
7498,2019-03-23 01:25:10,0.290
7499,2019-03-23 01:25:11,0.294
7500,2019-03-23 01:25:11,0.295
7501,2019-03-23 01:25:12,0.282
7502,2019-03-23 01:25:13,0.287
7503,2019-03-23 01:25:13,0.304
7504,2019-03-23 01:25:14,0.290
7505,2019-03-23 01:25:15,0.285
7506,2019-03-23 01:25:15,0.295
7507,2019-03-23 01:25:15,0.211
7508,2019-03-23 01:25:16,0.293
7509,2019-03-23 01:25:16,0.215
7510,2019-03-23 01:25:16,0.297
7511,2019-03-23 01:25:17,0.307
7512,2019-03-23 01:25:17,0.211
7513,2019-03-23 01:25:18,0.299
7514,2019-03-23 01:25:18,0.318
7515,2019-03-23 01:25:19,0.298
7516,2019-03-23 01:25:19,0.307
7517,2019-03-23 01:25:19,0.293
7518,2019-03-23 01:25:20,0.284
7519,2019-03-23 01:25:20,0.296
7520,2019-03-23 01:25:20,0.297
7521,2019-03-23 01:25:20,0.298
7522,2019-03-23 01:25:21,0.300
7523,2019-03-23 01:25:21,0.309
7524,2019-03-23 01:25:22,0.208
7525,2019-03-23 01:25:23,0.307
7526,2019-03-23 01:25:23,0.213
7527,2019-03-23 01:25:23,0.291
7528,2019-03-23 01:25:23,0.298
7529,2019-03-23 01:25:25,0.304
7530,2019-03-23 01:25:25,0.300
7531,2019-03-23 01:25:26,0.300
7532,2019-03-23 01:25:27,0.281
7533,2019-03-23 01:25:28,0.296
7534,2019-03-23 01:25:28,0.287
7535,2019-03-23 01:25:28,0.294
7536,2019-03-23 01:25:29,0.294
7537,2019-03-23 01:25:30,0.212
7538,2019-03-23 01:25:30,0.291
7539,2019-03-23 01:25:30,0.302
7540,2019-03-23 01:25:31,0.300
7541,2019-03-23 01:25:31,0.291
7542,2019-03-23 01:25:31,0.293
7543,2019-03-23 01:25:31,0.293
7544,2019-03-23 01:25:32,0.288
7545,2019-03-23 01:25:33,0.309
7546,2019-03-23 01:25:34,0.289
7547,2019-03-23 01:25:34,0.301
7548,2019-03-23 01:25:35,0.295
7549,2019-03-23 01:25:35,0.213
7550,2019-03-23 01:25:35,0.301
7551,2019-03-23 01:25:37,0.302
7552,2019-03-23 01:25:37,0.297
7553,2019-03-23 01:25:38,0.307
7554,2019-03-23 01:25:38,0.297
7555,2019-03-23 01:25:39,0.295
7556,2019-03-23 01:25:40,0.283
7557,2019-03-23 01:25:40,0.295
7558,2019-03-23 01:25:40,0.292
7559,2019-03-23 01:25:40,0.301
7560,2019-03-23 01:25:41,0.290
7561,2019-03-23 01:25:42,0.311
7562,2019-03-23 01:25:42,0.299
7563,2019-03-23 01:25:43,0.297
7564,2019-03-23 01:25:43,0.289
7565,2019-03-23 01:25:44,0.214
7566,2019-03-23 01:25:45,0.295
7567,2019-03-23 01:25:46,0.299
7568,2019-03-23 01:25:46,0.285
7569,2019-03-23 01:25:47,0.299
7570,2019-03-23 01:25:47,0.292
7571,2019-03-23 01:25:47,0.300
7572,2019-03-23 01:25:47,0.291
7573,2019-03-23 01:25:47,0.303
7574,2019-03-23 01:25:48,0.305
7575,2019-03-23 01:25:48,0.292
7576,2019-03-23 01:25:49,0.296
7577,2019-03-23 01:25:49,0.299
7578,2019-03-23 01:25:50,0.307
7579,2019-03-23 01:25:51,0.311
7580,2019-03-23 01:25:52,0.295
7581,2019-03-23 01:25:52,0.296
7582,2019-03-23 01:25:52,0.300
7583,2019-03-23 01:25:52,0.289
7584,2019-03-23 01:25:53,0.297
7585,2019-03-23 01:25:53,0.300
7586,2019-03-23 01:25:53,0.294
7587,2019-03-23 01:25:53,0.292
7588,2019-03-23 01:25:53,0.302
7589,2019-03-23 01:25:53,0.285
7590,2019-03-23 01:25:54,0.301
7591,2019-03-23 01:25:54,0.303
7592,2019-03-23 01:25:55,0.291
7593,2019-03-23 01:25:55,0.299
7594,2019-03-23 01:25:56,0.295
7595,2019-03-23 01:25:56,0.314
7596,2019-03-23 01:25:56,0.308
7597,2019-03-23 01:25:57,0.297
7598,2019-03-23 01:25:57,0.300
7599,2019-03-23 01:25:57,0.293
7600,2019-03-23 01:25:58,0.292
7601,2019-03-23 01:25:58,0.299
7602,2019-03-23 01:25:58,0.299
7603,2019-03-23 01:25:58,0.204
7604,2019-03-23 01:25:59,0.292
7605,2019-03-23 01:26:00,0.214
7606,2019-03-23 01:26:00,0.299
7607,2019-03-23 01:26:00,0.296
7608,2019-03-23 01:26:01,0.301
7609,2019-03-23 01:26:02,0.290
7610,2019-03-23 01:26:02,0.305
7611,2019-03-23 01:26:03,0.288
7612,2019-03-23 01:26:03,0.294
7613,2019-03-23 01:26:03,0.294
7614,2019-03-23 01:26:04,0.277
7615,2019-03-23 01:26:04,0.294
7616,2019-03-23 01:26:04,0.291
7617,2019-03-23 01:26:05,0.299
7618,2019-03-23 01:26:05,0.353
7619,2019-03-23 01:26:06,0.292
7620,2019-03-23 01:26:06,0.295
7621,2019-03-23 01:26:08,0.286
7622,2019-03-23 01:26:08,0.290
7623,2019-03-23 01:26:09,0.301
7624,2019-03-23 01:26:10,0.301
7625,2019-03-23 01:26:11,0.297
7626,2019-03-23 01:26:11,0.296
7627,2019-03-23 01:26:11,0.286
7628,2019-03-23 01:26:12,0.296
7629,2019-03-23 01:26:13,0.302
7630,2019-03-23 01:26:14,0.298
7631,2019-03-23 01:26:14,0.212
7632,2019-03-23 01:26:15,0.292
7633,2019-03-23 01:26:15,0.301
7634,2019-03-23 01:26:15,0.213
7635,2019-03-23 01:26:16,0.303
7636,2019-03-23 01:26:16,0.295
7637,2019-03-23 01:26:16,0.296
7638,2019-03-23 01:26:16,0.299
7639,2019-03-23 01:26:17,0.307
7640,2019-03-23 01:26:18,0.302
7641,2019-03-23 01:26:19,0.307
7642,2019-03-23 01:26:19,0.214
7643,2019-03-23 01:26:20,0.301
7644,2019-03-23 01:26:21,0.305
7645,2019-03-23 01:26:21,0.301
7646,2019-03-23 01:26:21,0.302
7647,2019-03-23 01:26:22,0.299
7648,2019-03-23 01:26:23,0.306
7649,2019-03-23 01:26:23,0.296
7650,2019-03-23 01:26:23,0.309
7651,2019-03-23 01:26:24,0.279
7652,2019-03-23 01:26:25,0.279
7653,2019-03-23 01:26:26,0.307
7654,2019-03-23 01:26:26,0.291
7655,2019-03-23 01:26:27,0.295
7656,2019-03-23 01:26:28,0.295
7657,2019-03-23 01:26:28,0.305
7658,2019-03-23 01:26:28,0.293
7659,2019-03-23 01:26:29,0.297
7660,2019-03-23 01:26:29,0.287
7661,2019-03-23 01:26:29,0.284
7662,2019-03-23 01:26:30,0.212
7663,2019-03-23 01:26:30,0.292
7664,2019-03-23 01:26:32,0.301
7665,2019-03-23 01:26:32,0.215
7666,2019-03-23 01:26:33,0.312
7667,2019-03-23 01:26:33,0.305
7668,2019-03-23 01:26:34,0.303
7669,2019-03-23 01:26:36,0.297
7670,2019-03-23 01:26:36,0.303
7671,2019-03-23 01:26:37,0.305
7672,2019-03-23 01:26:38,0.292
7673,2019-03-23 01:26:38,0.312
7674,2019-03-23 01:26:38,0.302
7675,2019-03-23 01:26:39,0.313
7676,2019-03-23 01:26:40,0.294
7677,2019-03-23 01:26:41,0.306
7678,2019-03-23 01:26:42,0.292
7679,2019-03-23 01:26:42,0.301
7680,2019-03-23 01:26:42,0.310
7681,2019-03-23 01:26:43,0.301
7682,2019-03-23 01:26:43,0.216
7683,2019-03-23 01:26:45,0.212
7684,2019-03-23 01:26:45,0.299
7685,2019-03-23 01:26:46,0.299
7686,2019-03-23 01:26:46,0.308
7687,2019-03-23 01:26:47,0.293
7688,2019-03-23 01:26:47,0.293
7689,2019-03-23 01:26:48,0.295
7690,2019-03-23 01:26:48,0.303
7691,2019-03-23 01:26:49,0.296
7692,2019-03-23 01:26:49,0.291
7693,2019-03-23 01:26:49,0.287
7694,2019-03-23 01:26:50,0.299
7695,2019-03-23 01:26:50,0.301
7696,2019-03-23 01:26:51,0.301
7697,2019-03-23 01:26:52,0.297
7698,2019-03-23 01:26:52,0.293
7699,2019-03-23 01:26:53,0.292
7700,2019-03-23 01:26:53,0.291
7701,2019-03-23 01:26:54,0.293
7702,2019-03-23 01:26:54,0.292
7703,2019-03-23 01:26:57,0.307
7704,2019-03-23 01:26:57,0.313
7705,2019-03-23 01:26:58,0.296
7706,2019-03-23 01:26:58,0.297
7707,2019-03-23 01:27:00,0.293
7708,2019-03-23 01:27:02,0.301
7709,2019-03-23 01:27:02,0.305
7710,2019-03-23 01:27:03,0.303
7711,2019-03-23 01:27:04,0.305
7712,2019-03-23 01:27:05,0.288
7713,2019-03-23 01:27:05,0.298
7714,2019-03-23 01:27:06,0.286
7715,2019-03-23 01:27:06,0.299
7716,2019-03-23 01:27:07,0.287
7717,2019-03-23 01:27:07,0.304
7718,2019-03-23 01:27:08,0.283
7719,2019-03-23 01:27:08,0.286
7720,2019-03-23 01:27:08,0.213
7721,2019-03-23 01:27:09,0.291
7722,2019-03-23 01:27:09,0.286
7723,2019-03-23 01:27:09,0.291
7724,2019-03-23 01:27:09,0.215
7725,2019-03-23 01:27:10,0.289
7726,2019-03-23 01:27:11,0.313
7727,2019-03-23 01:27:11,0.294
7728,2019-03-23 01:27:12,0.291
7729,2019-03-23 01:27:12,0.293
7730,2019-03-23 01:27:13,0.287
7731,2019-03-23 01:27:13,0.299
7732,2019-03-23 01:27:15,0.294
7733,2019-03-23 01:27:16,0.297
7734,2019-03-23 01:27:16,0.297
7735,2019-03-23 01:27:16,0.303
7736,2019-03-23 01:27:17,0.311
7737,2019-03-23 01:27:17,0.290
7738,2019-03-23 01:27:18,0.214
7739,2019-03-23 01:27:18,0.299
7740,2019-03-23 01:27:19,0.294
7741,2019-03-23 01:27:20,0.288
7742,2019-03-23 01:27:20,0.287
7743,2019-03-23 01:27:21,0.312
7744,2019-03-23 01:27:21,0.305
7745,2019-03-23 01:27:21,0.306
7746,2019-03-23 01:27:22,0.295
7747,2019-03-23 01:27:22,0.293
7748,2019-03-23 01:27:22,0.292
7749,2019-03-23 01:27:22,0.298
7750,2019-03-23 01:27:22,0.208
7751,2019-03-23 01:27:23,0.297
7752,2019-03-23 01:27:23,0.310
7753,2019-03-23 01:27:23,0.297
7754,2019-03-23 01:27:23,0.304
7755,2019-03-23 01:27:24,0.293
7756,2019-03-23 01:27:24,0.294
7757,2019-03-23 01:27:24,0.291
7758,2019-03-23 01:27:24,0.297
7759,2019-03-23 01:27:25,0.294
7760,2019-03-23 01:27:25,0.289
7761,2019-03-23 01:27:26,0.295
7762,2019-03-23 01:27:28,0.309
7763,2019-03-23 01:27:29,0.293
7764,2019-03-23 01:27:29,0.289
7765,2019-03-23 01:27:29,0.294
7766,2019-03-23 01:27:29,0.302
7767,2019-03-23 01:27:30,0.298
7768,2019-03-23 01:27:30,0.298
7769,2019-03-23 01:27:31,0.298
7770,2019-03-23 01:27:31,0.300
7771,2019-03-23 01:27:31,0.292
7772,2019-03-23 01:27:32,0.212
7773,2019-03-23 01:27:33,0.294
7774,2019-03-23 01:27:33,0.300
7775,2019-03-23 01:27:34,0.211
7776,2019-03-23 01:27:34,0.302
7777,2019-03-23 01:27:34,0.288
7778,2019-03-23 01:27:35,0.288
7779,2019-03-23 01:27:37,0.291
7780,2019-03-23 01:27:37,0.284
7781,2019-03-23 01:27:38,0.297
7782,2019-03-23 01:27:38,0.299
7783,2019-03-23 01:27:39,0.299
7784,2019-03-23 01:27:39,0.294
7785,2019-03-23 01:27:39,0.977
7786,2019-03-23 01:27:40,0.213
7787,2019-03-23 01:27:41,0.306
7788,2019-03-23 01:27:41,0.296
7789,2019-03-23 01:27:41,0.293
7790,2019-03-23 01:27:41,0.284
7791,2019-03-23 01:27:42,0.307
7792,2019-03-23 01:27:43,0.305
7793,2019-03-23 01:27:43,0.294
7794,2019-03-23 01:27:43,0.296
7795,2019-03-23 01:27:44,0.299
7796,2019-03-23 01:27:44,0.300
7797,2019-03-23 01:27:45,0.299
7798,2019-03-23 01:27:45,0.296
7799,2019-03-23 01:27:45,0.212
7800,2019-03-23 01:27:45,0.300
7801,2019-03-23 01:27:46,0.311
7802,2019-03-23 01:27:46,0.291
7803,2019-03-23 01:27:46,0.298
7804,2019-03-23 01:27:47,0.298
7805,2019-03-23 01:27:47,0.296
7806,2019-03-23 01:27:47,0.289
7807,2019-03-23 01:27:48,0.292
7808,2019-03-23 01:27:48,0.308
7809,2019-03-23 01:27:49,0.302
7810,2019-03-23 01:27:49,0.283
7811,2019-03-23 01:27:49,0.307
7812,2019-03-23 01:27:50,0.295
7813,2019-03-23 01:27:51,0.298
7814,2019-03-23 01:27:51,0.299
7815,2019-03-23 01:27:51,0.292
7816,2019-03-23 01:27:52,0.286
7817,2019-03-23 01:27:53,0.298
7818,2019-03-23 01:27:54,0.306
7819,2019-03-23 01:27:55,0.283
7820,2019-03-23 01:27:55,0.303
7821,2019-03-23 01:27:56,0.314
7822,2019-03-23 01:27:57,0.307
7823,2019-03-23 01:27:57,0.292
7824,2019-03-23 01:27:57,0.297
7825,2019-03-23 01:27:57,0.307
7826,2019-03-23 01:27:57,0.304
7827,2019-03-23 01:27:57,0.305
7828,2019-03-23 01:27:58,0.294
7829,2019-03-23 01:27:58,0.213
7830,2019-03-23 01:27:58,0.303
7831,2019-03-23 01:27:58,0.297
7832,2019-03-23 01:27:59,0.295
7833,2019-03-23 01:27:59,0.296
7834,2019-03-23 01:27:59,0.295
7835,2019-03-23 01:27:59,0.283
7836,2019-03-23 01:28:01,0.295
7837,2019-03-23 01:28:01,0.303
7838,2019-03-23 01:28:02,0.306
7839,2019-03-23 01:28:02,0.292
7840,2019-03-23 01:28:04,0.310
7841,2019-03-23 01:28:04,0.337
7842,2019-03-23 01:28:04,0.299
7843,2019-03-23 01:28:04,0.291
7844,2019-03-23 01:28:06,0.295
7845,2019-03-23 01:28:07,0.297
7846,2019-03-23 01:28:07,0.305
7847,2019-03-23 01:28:08,0.301
7848,2019-03-23 01:28:09,0.290
7849,2019-03-23 01:28:10,0.297
7850,2019-03-23 01:28:10,0.306
7851,2019-03-23 01:28:11,0.207
7852,2019-03-23 01:28:12,0.305
7853,2019-03-23 01:28:13,0.307
7854,2019-03-23 01:28:13,0.305
7855,2019-03-23 01:28:13,0.312
7856,2019-03-23 01:28:14,0.297
7857,2019-03-23 01:28:15,0.310
7858,2019-03-23 01:28:15,0.275
7859,2019-03-23 01:28:15,0.295
7860,2019-03-23 01:28:16,0.301
7861,2019-03-23 01:28:16,0.296
7862,2019-03-23 01:28:17,0.215
7863,2019-03-23 01:28:18,0.292
7864,2019-03-23 01:28:18,0.294
7865,2019-03-23 01:28:19,0.296
7866,2019-03-23 01:28:19,0.314
7867,2019-03-23 01:28:19,0.301
7868,2019-03-23 01:28:19,0.302
7869,2019-03-23 01:28:20,0.311
7870,2019-03-23 01:28:21,0.300
7871,2019-03-23 01:28:21,0.298
7872,2019-03-23 01:28:21,0.297
7873,2019-03-23 01:28:22,0.303
7874,2019-03-23 01:28:23,0.296
7875,2019-03-23 01:28:23,0.299
7876,2019-03-23 01:28:24,0.293
7877,2019-03-23 01:28:24,0.291
7878,2019-03-23 01:28:25,0.287
7879,2019-03-23 01:28:25,0.330
7880,2019-03-23 01:28:26,0.319
7881,2019-03-23 01:28:27,0.317
7882,2019-03-23 01:28:28,0.302
7883,2019-03-23 01:28:29,0.285
7884,2019-03-23 01:28:30,0.301
7885,2019-03-23 01:28:30,0.315
7886,2019-03-23 01:28:31,0.305
7887,2019-03-23 01:28:32,0.295
7888,2019-03-23 01:28:33,0.303
7889,2019-03-23 01:28:33,0.281
7890,2019-03-23 01:28:34,0.306
7891,2019-03-23 01:28:34,0.289
7892,2019-03-23 01:28:35,0.298
7893,2019-03-23 01:28:35,0.297
7894,2019-03-23 01:28:36,0.300
7895,2019-03-23 01:28:36,0.310
7896,2019-03-23 01:28:36,0.301
7897,2019-03-23 01:28:36,0.306
7898,2019-03-23 01:28:37,0.311
7899,2019-03-23 01:28:38,0.300
7900,2019-03-23 01:28:38,0.312
7901,2019-03-23 01:28:38,0.307
7902,2019-03-23 01:28:39,0.301
7903,2019-03-23 01:28:39,0.212
7904,2019-03-23 01:28:40,0.294
7905,2019-03-23 01:28:40,0.302
7906,2019-03-23 01:28:40,0.304
7907,2019-03-23 01:28:40,0.290
7908,2019-03-23 01:28:40,0.303
7909,2019-03-23 01:28:41,0.311
7910,2019-03-23 01:28:42,0.313
7911,2019-03-23 01:28:42,0.307
7912,2019-03-23 01:28:42,0.310
7913,2019-03-23 01:28:44,0.301
7914,2019-03-23 01:28:45,0.306
7915,2019-03-23 01:28:45,0.294
7916,2019-03-23 01:28:46,0.313
7917,2019-03-23 01:28:46,0.288
7918,2019-03-23 01:28:46,0.292
7919,2019-03-23 01:28:46,0.299
7920,2019-03-23 01:28:46,0.294
7921,2019-03-23 01:28:47,0.300
7922,2019-03-23 01:28:48,0.296
7923,2019-03-23 01:28:48,0.214
7924,2019-03-23 01:28:48,0.306
7925,2019-03-23 01:28:48,0.299
7926,2019-03-23 01:28:49,0.290
7927,2019-03-23 01:28:49,0.292
7928,2019-03-23 01:28:50,0.297
7929,2019-03-23 01:28:51,0.310
7930,2019-03-23 01:28:52,0.303
7931,2019-03-23 01:28:53,0.300
7932,2019-03-23 01:28:53,0.295
7933,2019-03-23 01:28:53,0.290
7934,2019-03-23 01:28:54,0.304
7935,2019-03-23 01:28:55,0.294
7936,2019-03-23 01:28:55,0.352
7937,2019-03-23 01:28:56,0.303
7938,2019-03-23 01:28:56,0.291
7939,2019-03-23 01:28:57,0.294
7940,2019-03-23 01:28:59,0.211
7941,2019-03-23 01:28:59,0.284
7942,2019-03-23 01:28:59,0.299
7943,2019-03-23 01:29:00,0.293
7944,2019-03-23 01:29:01,0.303
7945,2019-03-23 01:29:01,0.291
7946,2019-03-23 01:29:02,0.297
7947,2019-03-23 01:29:03,0.296
7948,2019-03-23 01:29:05,0.292
7949,2019-03-23 01:29:06,0.212
7950,2019-03-23 01:29:06,0.300
7951,2019-03-23 01:29:07,0.299
7952,2019-03-23 01:29:08,0.301
7953,2019-03-23 01:29:09,0.301
7954,2019-03-23 01:29:09,0.309
7955,2019-03-23 01:29:09,0.205
7956,2019-03-23 01:29:09,0.290
7957,2019-03-23 01:29:10,0.297
7958,2019-03-23 01:29:11,0.301
7959,2019-03-23 01:29:11,0.306
7960,2019-03-23 01:29:12,0.315
7961,2019-03-23 01:29:12,0.309
7962,2019-03-23 01:29:13,0.293
7963,2019-03-23 01:29:13,0.299
7964,2019-03-23 01:29:13,0.296
7965,2019-03-23 01:29:14,0.306
7966,2019-03-23 01:29:14,0.288
7967,2019-03-23 01:29:14,0.211
7968,2019-03-23 01:29:15,0.315
7969,2019-03-23 01:29:15,0.310
7970,2019-03-23 01:29:15,0.318
7971,2019-03-23 01:29:16,0.305
7972,2019-03-23 01:29:17,0.213
7973,2019-03-23 01:29:19,0.293
7974,2019-03-23 01:29:19,0.293
7975,2019-03-23 01:29:19,0.293
7976,2019-03-23 01:29:19,0.318
7977,2019-03-23 01:29:20,0.398
7978,2019-03-23 01:29:20,0.288
7979,2019-03-23 01:29:21,0.300
7980,2019-03-23 01:29:21,0.306
7981,2019-03-23 01:29:21,0.309
7982,2019-03-23 01:29:22,0.306
7983,2019-03-23 01:29:22,0.295
7984,2019-03-23 01:29:22,0.322
7985,2019-03-23 01:29:23,0.305
7986,2019-03-23 01:29:23,0.292
7987,2019-03-23 01:29:24,0.312
7988,2019-03-23 01:29:24,0.303
7989,2019-03-23 01:29:24,0.212
7990,2019-03-23 01:29:25,0.212
7991,2019-03-23 01:29:25,0.309
7992,2019-03-23 01:29:25,0.305
7993,2019-03-23 01:29:26,0.308
7994,2019-03-23 01:29:26,0.293
7995,2019-03-23 01:29:26,0.315
7996,2019-03-23 01:29:27,0.319
7997,2019-03-23 01:29:28,0.309
7998,2019-03-23 01:29:28,0.213
7999,2019-03-23 01:29:29,0.306
8000,2019-03-23 01:29:29,0.311
8001,2019-03-23 01:29:29,0.315
8002,2019-03-23 01:29:30,0.309
8003,2019-03-23 01:29:30,0.304
8004,2019-03-23 01:29:31,0.304
8005,2019-03-23 01:29:31,0.307
8006,2019-03-23 01:29:32,0.303
8007,2019-03-23 01:29:32,0.288
8008,2019-03-23 01:29:33,0.310
8009,2019-03-23 01:29:34,0.315
8010,2019-03-23 01:29:35,0.302
8011,2019-03-23 01:29:36,0.212
8012,2019-03-23 01:29:36,0.316
8013,2019-03-23 01:29:37,0.288
8014,2019-03-23 01:29:37,0.313
8015,2019-03-23 01:29:37,0.213
8016,2019-03-23 01:29:37,0.316
8017,2019-03-23 01:29:37,0.309
8018,2019-03-23 01:29:38,0.303
8019,2019-03-23 01:29:40,0.305
8020,2019-03-23 01:29:41,0.288
8021,2019-03-23 01:29:41,0.291
8022,2019-03-23 01:29:42,0.304
8023,2019-03-23 01:29:42,0.306
8024,2019-03-23 01:29:43,0.285
8025,2019-03-23 01:29:45,0.302
8026,2019-03-23 01:29:45,0.290
8027,2019-03-23 01:29:46,0.294
8028,2019-03-23 01:29:46,0.309
8029,2019-03-23 01:29:47,0.309
8030,2019-03-23 01:29:47,0.302
8031,2019-03-23 01:29:48,0.297
8032,2019-03-23 01:29:48,0.297
8033,2019-03-23 01:29:49,0.306
8034,2019-03-23 01:29:51,0.300
8035,2019-03-23 01:29:52,0.295
8036,2019-03-23 01:29:52,0.298
8037,2019-03-23 01:29:53,0.289
8038,2019-03-23 01:29:54,0.291
8039,2019-03-23 01:29:54,0.294
8040,2019-03-23 01:29:54,0.307
8041,2019-03-23 01:29:55,0.290
8042,2019-03-23 01:29:57,0.291
8043,2019-03-23 01:29:57,0.301
8044,2019-03-23 01:29:58,0.296
8045,2019-03-23 01:29:59,0.309
8046,2019-03-23 01:29:59,0.299
8047,2019-03-23 01:29:59,0.290
8048,2019-03-23 01:30:00,0.313
8049,2019-03-23 01:30:00,0.292
8050,2019-03-23 01:30:00,0.207
8051,2019-03-23 01:30:01,0.311
8052,2019-03-23 01:30:02,0.297
8053,2019-03-23 01:30:02,0.290
8054,2019-03-23 01:30:04,0.299
8055,2019-03-23 01:30:04,0.289
8056,2019-03-23 01:30:04,0.290
8057,2019-03-23 01:32:28,0.313
8058,2019-03-23 01:32:28,0.304
8059,2019-03-23 01:32:28,0.297
8060,2019-03-23 01:32:28,0.298
8061,2019-03-23 01:32:29,0.300
8062,2019-03-23 01:32:29,0.297
8063,2019-03-23 01:32:29,0.294
8064,2019-03-23 01:32:29,0.299
8065,2019-03-23 01:32:29,0.298
8066,2019-03-23 01:32:29,0.310
8067,2019-03-23 01:32:29,0.298
8068,2019-03-23 01:32:29,0.315
8069,2019-03-23 01:32:29,0.213
8070,2019-03-23 01:32:30,0.309
8071,2019-03-23 01:32:30,0.293
8072,2019-03-23 01:32:30,0.291
8073,2019-03-23 01:32:30,0.314
8074,2019-03-23 01:32:31,0.300
8075,2019-03-23 01:32:31,0.303
8076,2019-03-23 01:32:31,0.293
8077,2019-03-23 01:32:31,0.307
8078,2019-03-23 01:32:31,0.295
8079,2019-03-23 01:32:32,0.312
8080,2019-03-23 01:32:32,0.301
8081,2019-03-23 01:32:32,0.295
8082,2019-03-23 01:32:32,0.310
8083,2019-03-23 01:32:32,0.316
8084,2019-03-23 01:32:33,0.298
8085,2019-03-23 01:32:33,0.295
8086,2019-03-23 01:32:33,0.293
8087,2019-03-23 01:32:33,0.292
8088,2019-03-23 01:32:33,0.303
8089,2019-03-23 01:32:34,0.293
8090,2019-03-23 01:32:34,0.295
8091,2019-03-23 01:32:34,0.300
8092,2019-03-23 01:32:34,0.304
8093,2019-03-23 01:32:35,0.291
8094,2019-03-23 01:32:35,0.305
8095,2019-03-23 01:32:35,0.296
8096,2019-03-23 01:32:35,0.290
8097,2019-03-23 01:32:35,0.304
8098,2019-03-23 01:32:35,0.287
8099,2019-03-23 01:32:36,0.299
8100,2019-03-23 01:32:36,0.294
8101,2019-03-23 01:32:36,0.275
8102,2019-03-23 01:32:37,0.305
8103,2019-03-23 01:32:37,0.292
8104,2019-03-23 01:32:37,0.290
8105,2019-03-23 01:32:37,0.298
8106,2019-03-23 01:32:37,0.310
8107,2019-03-23 01:32:37,0.276
8108,2019-03-23 01:32:38,0.311
8109,2019-03-23 01:32:38,0.282
8110,2019-03-23 01:32:38,0.288
8111,2019-03-23 01:32:38,0.289
8112,2019-03-23 01:32:39,0.282
8113,2019-03-23 01:32:39,0.292
8114,2019-03-23 01:32:39,0.295
8115,2019-03-23 01:32:39,0.295
8116,2019-03-23 01:32:39,0.297
8117,2019-03-23 01:32:40,0.297
8118,2019-03-23 01:32:40,0.310
8119,2019-03-23 01:32:40,0.295
8120,2019-03-23 01:32:41,0.213
8121,2019-03-23 01:32:41,0.301
8122,2019-03-23 01:32:41,0.289
8123,2019-03-23 01:32:41,0.308
8124,2019-03-23 01:32:41,0.288
8125,2019-03-23 01:32:42,0.303
8126,2019-03-23 01:32:42,0.291
8127,2019-03-23 01:32:43,0.315
8128,2019-03-23 01:32:43,0.295
8129,2019-03-23 01:32:43,0.298
8130,2019-03-23 01:32:43,0.215
8131,2019-03-23 01:32:44,0.291
8132,2019-03-23 01:32:45,0.298
8133,2019-03-23 01:32:45,0.300
8134,2019-03-23 01:32:46,0.295
8135,2019-03-23 01:32:46,0.302
8136,2019-03-23 01:32:47,0.298
8137,2019-03-23 01:32:47,0.215
8138,2019-03-23 01:32:47,0.298
8139,2019-03-23 01:32:48,0.304
8140,2019-03-23 01:32:48,0.306
8141,2019-03-23 01:32:48,0.306
8142,2019-03-23 01:32:48,0.289
8143,2019-03-23 01:32:48,0.214
8144,2019-03-23 01:32:49,0.299
8145,2019-03-23 01:32:49,0.302
8146,2019-03-23 01:32:49,0.287
8147,2019-03-23 01:32:49,0.285
8148,2019-03-23 01:32:49,0.289
8149,2019-03-23 01:32:50,0.305
8150,2019-03-23 01:32:50,0.293
8151,2019-03-23 01:32:50,0.289
8152,2019-03-23 01:32:51,0.303
8153,2019-03-23 01:32:51,0.302
8154,2019-03-23 01:32:51,0.294
8155,2019-03-23 01:32:51,0.310
8156,2019-03-23 01:32:52,0.292
8157,2019-03-23 01:32:52,0.289
8158,2019-03-23 01:32:52,0.296
8159,2019-03-23 01:32:52,0.293
8160,2019-03-23 01:32:53,0.281
8161,2019-03-23 01:32:53,0.338
8162,2019-03-23 01:32:53,0.297
8163,2019-03-23 01:32:54,0.288
8164,2019-03-23 01:32:54,0.290
8165,2019-03-23 01:32:54,0.291
8166,2019-03-23 01:32:54,0.295
8167,2019-03-23 01:32:54,0.302
8168,2019-03-23 01:32:55,0.303
8169,2019-03-23 01:32:55,0.293
8170,2019-03-23 01:32:56,0.298
8171,2019-03-23 01:32:56,0.296
8172,2019-03-23 01:32:56,0.216
8173,2019-03-23 01:32:57,0.293
8174,2019-03-23 01:32:57,0.285
8175,2019-03-23 01:32:57,0.307
8176,2019-03-23 01:32:57,0.290
8177,2019-03-23 01:32:58,0.297
8178,2019-03-23 01:32:58,0.302
8179,2019-03-23 01:32:58,0.300
8180,2019-03-23 01:32:59,0.316
8181,2019-03-23 01:33:00,0.316
8182,2019-03-23 01:33:00,0.289
8183,2019-03-23 01:33:01,0.296
8184,2019-03-23 01:33:01,0.306
8185,2019-03-23 01:33:02,0.302
8186,2019-03-23 01:33:02,0.301
8187,2019-03-23 01:33:03,0.299
8188,2019-03-23 01:33:03,0.296
8189,2019-03-23 01:33:04,0.213
8190,2019-03-23 01:33:04,0.300
8191,2019-03-23 01:33:05,0.296
8192,2019-03-23 01:33:05,0.305
8193,2019-03-23 01:33:05,0.297
8194,2019-03-23 01:33:06,0.291
8195,2019-03-23 01:33:06,0.304
8196,2019-03-23 01:33:07,0.302
8197,2019-03-23 01:33:07,0.289
8198,2019-03-23 01:33:07,0.207
8199,2019-03-23 01:33:08,0.306
8200,2019-03-23 01:33:08,0.302
8201,2019-03-23 01:33:09,0.303
8202,2019-03-23 01:33:11,0.309
8203,2019-03-23 01:33:12,0.296
8204,2019-03-23 01:33:12,0.317
8205,2019-03-23 01:33:13,0.300
8206,2019-03-23 01:33:13,0.282
8207,2019-03-23 01:33:14,0.298
8208,2019-03-23 01:33:15,0.278
8209,2019-03-23 01:33:16,0.313
8210,2019-03-23 01:33:17,0.301
8211,2019-03-23 01:33:18,0.299
8212,2019-03-23 01:33:18,0.292
8213,2019-03-23 01:33:19,0.295
8214,2019-03-23 01:33:20,0.304
8215,2019-03-23 01:33:21,0.293
8216,2019-03-23 01:33:22,0.310
8217,2019-03-23 01:33:23,0.297
8218,2019-03-23 01:33:23,0.294
8219,2019-03-23 01:33:23,0.285
8220,2019-03-23 01:33:24,0.290
8221,2019-03-23 01:33:24,0.306
8222,2019-03-23 01:33:25,0.301
8223,2019-03-23 01:33:26,0.298
8224,2019-03-23 01:33:26,0.313
8225,2019-03-23 01:33:27,0.206
8226,2019-03-23 01:33:27,0.301
8227,2019-03-23 01:33:28,0.294
8228,2019-03-23 01:33:28,0.295
8229,2019-03-23 01:33:28,0.299
8230,2019-03-23 01:33:29,0.888
8231,2019-03-23 01:33:30,0.306
8232,2019-03-23 01:33:30,0.306
8233,2019-03-23 01:33:31,0.298
8234,2019-03-23 01:33:31,0.304
8235,2019-03-23 01:33:31,0.300
8236,2019-03-23 01:33:32,0.297
8237,2019-03-23 01:33:32,0.294
8238,2019-03-23 01:33:33,0.300
8239,2019-03-23 01:33:34,0.298
8240,2019-03-23 01:33:34,0.212
8241,2019-03-23 01:33:35,0.290
8242,2019-03-23 01:33:36,0.301
8243,2019-03-23 01:33:37,0.319
8244,2019-03-23 01:33:37,0.300
8245,2019-03-23 01:33:37,0.281
8246,2019-03-23 01:33:38,0.292
8247,2019-03-23 01:33:38,0.299
8248,2019-03-23 01:33:38,0.296
8249,2019-03-23 01:33:39,0.307
8250,2019-03-23 01:33:39,0.299
8251,2019-03-23 01:33:40,0.213
8252,2019-03-23 01:33:40,0.308
8253,2019-03-23 01:33:40,0.305
8254,2019-03-23 01:33:41,0.278
8255,2019-03-23 01:33:41,0.289
8256,2019-03-23 01:33:42,0.307
8257,2019-03-23 01:33:42,0.284
8258,2019-03-23 01:33:43,0.231
8259,2019-03-23 01:33:43,0.302
8260,2019-03-23 01:33:43,0.290
8261,2019-03-23 01:33:44,0.294
8262,2019-03-23 01:33:44,0.212
8263,2019-03-23 01:33:45,0.283
8264,2019-03-23 01:33:45,0.212
8265,2019-03-23 01:33:45,0.290
8266,2019-03-23 01:33:45,0.299
8267,2019-03-23 01:33:46,0.297
8268,2019-03-23 01:33:47,0.296
8269,2019-03-23 01:33:47,0.298
8270,2019-03-23 01:33:47,0.213
8271,2019-03-23 01:33:48,0.306
8272,2019-03-23 01:33:49,0.305
8273,2019-03-23 01:33:50,0.289
8274,2019-03-23 01:33:50,0.293
8275,2019-03-23 01:33:51,0.309
8276,2019-03-23 01:33:51,0.299
8277,2019-03-23 01:33:52,0.309
8278,2019-03-23 01:33:52,0.295
8279,2019-03-23 01:33:52,0.302
8280,2019-03-23 01:33:54,0.294
8281,2019-03-23 01:33:54,0.297
8282,2019-03-23 01:33:55,0.306
8283,2019-03-23 01:33:55,0.289
8284,2019-03-23 01:33:56,0.299
8285,2019-03-23 01:33:56,0.308
8286,2019-03-23 01:33:57,0.292
8287,2019-03-23 01:33:57,0.313
8288,2019-03-23 01:33:57,0.300
8289,2019-03-23 01:33:58,0.288
8290,2019-03-23 01:33:58,0.310
8291,2019-03-23 01:33:58,0.288
8292,2019-03-23 01:33:59,0.291
8293,2019-03-23 01:33:59,0.294
8294,2019-03-23 01:34:00,0.298
8295,2019-03-23 01:34:01,0.295
8296,2019-03-23 01:34:02,0.304
8297,2019-03-23 01:34:03,0.296
8298,2019-03-23 01:34:05,0.293
8299,2019-03-23 01:34:06,0.291
8300,2019-03-23 01:34:06,0.299
8301,2019-03-23 01:34:07,0.295
8302,2019-03-23 01:34:09,0.281
8303,2019-03-23 01:34:10,0.293
8304,2019-03-23 01:34:10,0.286
8305,2019-03-23 01:34:11,0.290
8306,2019-03-23 01:34:11,0.380
8307,2019-03-23 01:34:13,0.288
8308,2019-03-23 01:34:13,0.294
8309,2019-03-23 01:34:13,0.286
8310,2019-03-23 01:34:13,0.288
8311,2019-03-23 01:34:15,0.298
8312,2019-03-23 01:34:15,0.286
8313,2019-03-23 01:34:15,0.292
8314,2019-03-23 01:34:16,0.287
8315,2019-03-23 01:34:16,0.298
8316,2019-03-23 01:34:17,0.302
8317,2019-03-23 01:34:17,0.286
8318,2019-03-23 01:34:17,0.292
8319,2019-03-23 01:34:18,0.295
8320,2019-03-23 01:34:18,0.299
8321,2019-03-23 01:34:18,0.303
8322,2019-03-23 01:34:19,0.287
8323,2019-03-23 01:34:20,0.302
8324,2019-03-23 01:34:20,0.297
8325,2019-03-23 01:34:20,0.291
8326,2019-03-23 01:34:21,0.292
8327,2019-03-23 01:34:21,0.305
8328,2019-03-23 01:34:23,0.292
8329,2019-03-23 01:34:23,0.301
8330,2019-03-23 01:34:23,0.300
8331,2019-03-23 01:34:23,0.301
8332,2019-03-23 01:34:24,0.305
8333,2019-03-23 01:34:24,0.288
8334,2019-03-23 01:34:24,0.299
8335,2019-03-23 01:34:25,0.282
8336,2019-03-23 01:34:25,0.294
8337,2019-03-23 01:34:25,0.294
8338,2019-03-23 01:34:26,0.291
8339,2019-03-23 01:34:26,0.298
8340,2019-03-23 01:34:27,0.213
8341,2019-03-23 01:34:27,0.296
8342,2019-03-23 01:34:27,0.291
8343,2019-03-23 01:34:28,0.212
8344,2019-03-23 01:34:29,0.296
8345,2019-03-23 01:34:30,0.281
8346,2019-03-23 01:34:30,0.287
8347,2019-03-23 01:34:32,0.287
8348,2019-03-23 01:34:32,0.310
8349,2019-03-23 01:34:33,0.287
8350,2019-03-23 01:34:33,0.296
8351,2019-03-23 01:34:33,0.302
8352,2019-03-23 01:34:33,0.300
8353,2019-03-23 01:34:34,0.301
8354,2019-03-23 01:34:34,0.303
8355,2019-03-23 01:34:34,0.306
8356,2019-03-23 01:34:34,0.305
8357,2019-03-23 01:34:35,0.290
8358,2019-03-23 01:34:35,0.298
8359,2019-03-23 01:34:35,0.310
8360,2019-03-23 01:34:35,0.309
8361,2019-03-23 01:34:36,0.299
8362,2019-03-23 01:34:36,0.292
8363,2019-03-23 01:34:37,0.296
8364,2019-03-23 01:34:38,0.305
8365,2019-03-23 01:34:38,0.287
8366,2019-03-23 01:34:38,0.303
8367,2019-03-23 01:34:38,0.292
8368,2019-03-23 01:34:39,0.304
8369,2019-03-23 01:34:39,0.299
8370,2019-03-23 01:34:39,0.286
8371,2019-03-23 01:34:40,0.298
8372,2019-03-23 01:34:41,0.300
8373,2019-03-23 01:34:43,0.296
8374,2019-03-23 01:34:43,0.295
8375,2019-03-23 01:34:43,0.304
8376,2019-03-23 01:34:44,0.304
8377,2019-03-23 01:34:45,0.299
8378,2019-03-23 01:34:45,0.294
8379,2019-03-23 01:34:46,0.291
8380,2019-03-23 01:34:46,0.288
8381,2019-03-23 01:34:47,0.285
8382,2019-03-23 01:34:47,0.304
8383,2019-03-23 01:34:48,0.287
8384,2019-03-23 01:34:48,0.302
8385,2019-03-23 01:34:48,0.214
8386,2019-03-23 01:34:48,0.298
8387,2019-03-23 01:34:48,0.279
8388,2019-03-23 01:34:49,0.288
8389,2019-03-23 01:34:49,0.291
8390,2019-03-23 01:34:50,0.300
8391,2019-03-23 01:34:51,0.287
8392,2019-03-23 01:34:52,0.305
8393,2019-03-23 01:34:53,0.297
8394,2019-03-23 01:34:53,0.303
8395,2019-03-23 01:34:54,0.314
8396,2019-03-23 01:34:55,0.283
8397,2019-03-23 01:34:55,0.283
8398,2019-03-23 01:34:57,0.311
8399,2019-03-23 01:34:57,0.310
8400,2019-03-23 01:34:57,0.303
8401,2019-03-23 01:34:58,0.293
8402,2019-03-23 01:34:58,0.300
8403,2019-03-23 01:34:58,0.288
8404,2019-03-23 01:34:58,0.300
8405,2019-03-23 01:34:59,0.212
8406,2019-03-23 01:34:59,0.295
8407,2019-03-23 01:34:59,0.290
8408,2019-03-23 01:35:00,0.289
8409,2019-03-23 01:35:00,0.212
8410,2019-03-23 01:35:00,0.300
8411,2019-03-23 01:35:01,0.304
8412,2019-03-23 01:35:01,0.291
8413,2019-03-23 01:35:02,0.291
8414,2019-03-23 01:35:03,0.293
8415,2019-03-23 01:35:04,0.277
8416,2019-03-23 01:35:04,0.305
8417,2019-03-23 01:35:04,0.301
8418,2019-03-23 01:35:05,0.303
8419,2019-03-23 01:35:07,0.293
8420,2019-03-23 01:35:07,0.311
8421,2019-03-23 01:35:08,0.296
8422,2019-03-23 01:35:08,0.298
8423,2019-03-23 01:35:08,0.297
8424,2019-03-23 01:35:09,0.282
8425,2019-03-23 01:35:09,0.284
8426,2019-03-23 01:35:09,0.279
8427,2019-03-23 01:35:10,0.289
8428,2019-03-23 01:35:10,0.211
8429,2019-03-23 01:35:12,0.293
8430,2019-03-23 01:35:13,0.285
8431,2019-03-23 01:35:13,0.294
8432,2019-03-23 01:35:14,0.296
8433,2019-03-23 01:35:15,0.308
8434,2019-03-23 01:35:15,0.296
8435,2019-03-23 01:35:16,0.295
8436,2019-03-23 01:35:16,0.294
8437,2019-03-23 01:35:17,0.296
8438,2019-03-23 01:35:19,0.299
8439,2019-03-23 01:35:19,0.212
8440,2019-03-23 01:35:20,0.281
8441,2019-03-23 01:35:21,0.296
8442,2019-03-23 01:35:22,0.311
8443,2019-03-23 01:35:22,0.213
8444,2019-03-23 01:35:23,0.298
8445,2019-03-23 01:35:24,0.300
8446,2019-03-23 01:35:24,0.291
8447,2019-03-23 01:35:24,0.301
8448,2019-03-23 01:35:25,0.296
8449,2019-03-23 01:35:25,0.294
8450,2019-03-23 01:35:26,0.340
8451,2019-03-23 01:35:26,0.294
8452,2019-03-23 01:35:27,0.300
8453,2019-03-23 01:35:27,0.305
8454,2019-03-23 01:35:30,0.280
8455,2019-03-23 01:35:32,0.302
8456,2019-03-23 01:35:33,0.296
8457,2019-03-23 01:35:33,0.298
8458,2019-03-23 01:35:33,0.299
8459,2019-03-23 01:35:33,0.294
8460,2019-03-23 01:35:34,0.302
8461,2019-03-23 01:35:35,0.286
8462,2019-03-23 01:35:35,0.292
8463,2019-03-23 01:35:36,0.296
8464,2019-03-23 01:35:36,0.289
8465,2019-03-23 01:35:37,0.308
8466,2019-03-23 01:35:37,0.217
8467,2019-03-23 01:35:38,0.299
8468,2019-03-23 01:35:39,0.297
8469,2019-03-23 01:35:40,0.301
8470,2019-03-23 01:35:40,0.301
8471,2019-03-23 01:35:41,0.297
8472,2019-03-23 01:35:41,0.213
8473,2019-03-23 01:35:42,0.302
8474,2019-03-23 01:35:43,0.295
8475,2019-03-23 01:35:43,0.297
8476,2019-03-23 01:35:44,0.294
8477,2019-03-23 01:35:44,0.291
8478,2019-03-23 01:35:44,0.285
8479,2019-03-23 01:35:45,0.301
8480,2019-03-23 01:35:45,0.280
8481,2019-03-23 01:35:45,0.287
8482,2019-03-23 01:35:46,0.359
8483,2019-03-23 01:35:46,0.298
8484,2019-03-23 01:35:47,0.287
8485,2019-03-23 01:35:47,0.293
8486,2019-03-23 01:35:47,0.293
8487,2019-03-23 01:35:47,0.300
8488,2019-03-23 01:35:49,0.288
8489,2019-03-23 01:35:49,0.301
8490,2019-03-23 01:35:49,0.302
8491,2019-03-23 01:35:52,0.289
8492,2019-03-23 01:35:52,0.287
8493,2019-03-23 01:35:54,0.294
8494,2019-03-23 01:35:54,0.301
8495,2019-03-23 01:35:54,0.303
8496,2019-03-23 01:35:55,0.295
8497,2019-03-23 01:35:55,0.290
8498,2019-03-23 01:35:55,0.289
8499,2019-03-23 01:35:56,0.303
8500,2019-03-23 01:35:56,0.311
8501,2019-03-23 01:35:56,0.339
8502,2019-03-23 01:35:57,0.291
8503,2019-03-23 01:35:58,0.283
8504,2019-03-23 01:35:59,0.298
8505,2019-03-23 01:36:00,0.292
8506,2019-03-23 01:36:00,0.308
8507,2019-03-23 01:36:00,0.213
8508,2019-03-23 01:36:01,0.301
8509,2019-03-23 01:36:01,0.284
8510,2019-03-23 01:36:02,0.293
8511,2019-03-23 01:36:02,0.292
8512,2019-03-23 01:36:02,0.289
8513,2019-03-23 01:36:03,0.296
8514,2019-03-23 01:36:04,0.280
8515,2019-03-23 01:36:04,0.294
8516,2019-03-23 01:36:04,0.291
8517,2019-03-23 01:36:06,0.296
8518,2019-03-23 01:36:06,0.212
8519,2019-03-23 01:36:06,0.301
8520,2019-03-23 01:36:06,0.289
8521,2019-03-23 01:36:07,0.281
8522,2019-03-23 01:36:07,0.294
8523,2019-03-23 01:36:08,0.290
8524,2019-03-23 01:36:08,0.294
8525,2019-03-23 01:36:10,0.320
8526,2019-03-23 01:36:10,0.298
8527,2019-03-23 01:36:11,0.299
8528,2019-03-23 01:36:11,0.309
8529,2019-03-23 01:36:12,0.310
8530,2019-03-23 01:36:12,0.296
8531,2019-03-23 01:36:13,0.307
8532,2019-03-23 01:36:14,0.281
8533,2019-03-23 01:36:15,0.300
8534,2019-03-23 01:36:16,0.306
8535,2019-03-23 01:36:17,0.349
8536,2019-03-23 01:36:17,0.301
8537,2019-03-23 01:36:19,0.320
8538,2019-03-23 01:36:19,0.302
8539,2019-03-23 01:36:20,0.308
8540,2019-03-23 01:36:21,0.314
8541,2019-03-23 01:36:22,0.316
8542,2019-03-23 01:36:23,0.304
8543,2019-03-23 01:36:23,0.308
8544,2019-03-23 01:36:24,0.305
8545,2019-03-23 01:36:25,0.310
8546,2019-03-23 01:36:25,0.295
8547,2019-03-23 01:36:25,0.311
8548,2019-03-23 01:36:26,0.431
8549,2019-03-23 01:36:27,0.289
8550,2019-03-23 01:36:28,0.294
8551,2019-03-23 01:36:29,0.299
8552,2019-03-23 01:36:29,0.305
8553,2019-03-23 01:36:30,0.288
8554,2019-03-23 01:36:31,0.293
8555,2019-03-23 01:36:31,0.281
8556,2019-03-23 01:36:32,0.294
8557,2019-03-23 01:36:33,0.290
8558,2019-03-23 01:36:33,0.282
8559,2019-03-23 01:36:33,0.286
8560,2019-03-23 01:36:34,0.294
8561,2019-03-23 01:36:34,0.290
8562,2019-03-23 01:36:34,0.301
8563,2019-03-23 01:36:35,0.213
8564,2019-03-23 01:36:35,0.292
8565,2019-03-23 01:36:35,0.292
8566,2019-03-23 01:36:36,0.291
8567,2019-03-23 01:36:36,0.292
8568,2019-03-23 01:36:36,0.289
8569,2019-03-23 01:36:37,0.299
8570,2019-03-23 01:36:38,0.284
8571,2019-03-23 01:36:39,0.289
8572,2019-03-23 01:36:40,0.277
8573,2019-03-23 01:36:40,0.290
8574,2019-03-23 01:36:40,0.283
8575,2019-03-23 01:36:40,0.298
8576,2019-03-23 01:36:41,0.284
8577,2019-03-23 01:36:41,0.303
8578,2019-03-23 01:36:41,0.214
8579,2019-03-23 01:36:42,0.285
8580,2019-03-23 01:36:43,0.299
8581,2019-03-23 01:36:43,0.298
8582,2019-03-23 01:36:44,0.288
8583,2019-03-23 01:36:44,0.329
8584,2019-03-23 01:36:44,0.291
8585,2019-03-23 01:36:44,0.299
8586,2019-03-23 01:36:44,0.286
8587,2019-03-23 01:36:45,0.296
8588,2019-03-23 01:36:46,0.295
8589,2019-03-23 01:36:46,0.300
8590,2019-03-23 01:36:47,0.387
8591,2019-03-23 01:36:48,0.304
8592,2019-03-23 01:36:48,0.291
8593,2019-03-23 01:36:50,0.301
8594,2019-03-23 01:36:50,0.304
8595,2019-03-23 01:36:50,0.289
8596,2019-03-23 01:36:52,0.223
8597,2019-03-23 01:36:52,0.288
8598,2019-03-23 01:36:53,0.292
8599,2019-03-23 01:36:53,0.305
8600,2019-03-23 01:36:54,0.302
8601,2019-03-23 01:36:55,0.294
8602,2019-03-23 01:36:55,0.296
8603,2019-03-23 01:36:55,0.290
8604,2019-03-23 01:36:55,0.296
8605,2019-03-23 01:36:56,0.302
8606,2019-03-23 01:36:56,0.212
8607,2019-03-23 01:36:57,0.212
8608,2019-03-23 01:36:58,0.292
8609,2019-03-23 01:36:58,0.282
8610,2019-03-23 01:36:58,0.216
8611,2019-03-23 01:36:59,0.300
8612,2019-03-23 01:37:00,0.305
8613,2019-03-23 01:37:00,0.308
8614,2019-03-23 01:37:01,0.303
8615,2019-03-23 01:37:02,0.285
8616,2019-03-23 01:37:02,0.287
8617,2019-03-23 01:37:02,0.296
8618,2019-03-23 01:37:03,0.289
8619,2019-03-23 01:37:03,0.283
8620,2019-03-23 01:37:04,0.278
8621,2019-03-23 01:37:05,0.284
8622,2019-03-23 01:37:06,0.286
8623,2019-03-23 01:37:07,0.291
8624,2019-03-23 01:37:07,0.302
8625,2019-03-23 01:37:07,0.296
8626,2019-03-23 01:37:07,0.303
8627,2019-03-23 01:37:07,0.293
8628,2019-03-23 01:37:08,0.286
8629,2019-03-23 01:37:08,0.309
8630,2019-03-23 01:37:08,0.290
8631,2019-03-23 01:37:09,0.214
8632,2019-03-23 01:37:09,0.300
8633,2019-03-23 01:37:10,0.298
8634,2019-03-23 01:37:10,0.303
8635,2019-03-23 01:37:12,0.296
8636,2019-03-23 01:37:12,0.285
8637,2019-03-23 01:37:13,0.312
8638,2019-03-23 01:37:13,0.296
8639,2019-03-23 01:37:13,0.303
8640,2019-03-23 01:37:13,0.297
8641,2019-03-23 01:37:13,0.303
8642,2019-03-23 01:37:14,0.311
8643,2019-03-23 01:37:14,0.295
8644,2019-03-23 01:37:16,0.300
8645,2019-03-23 01:37:17,0.297
8646,2019-03-23 01:37:17,0.287
8647,2019-03-23 01:37:17,0.293
8648,2019-03-23 01:37:17,0.308
8649,2019-03-23 01:37:18,0.311
8650,2019-03-23 01:37:19,0.217
8651,2019-03-23 01:37:19,0.212
8652,2019-03-23 01:37:19,0.307
8653,2019-03-23 01:37:20,0.288
8654,2019-03-23 01:37:21,0.303
8655,2019-03-23 01:37:23,0.296
8656,2019-03-23 01:37:23,0.214
8657,2019-03-23 01:37:26,0.294
8658,2019-03-23 01:37:27,0.293
8659,2019-03-23 01:37:28,0.302
8660,2019-03-23 01:37:29,0.281
8661,2019-03-23 01:37:29,0.300
8662,2019-03-23 01:37:31,0.383
8663,2019-03-23 01:37:31,0.292
8664,2019-03-23 01:37:31,0.292
8665,2019-03-23 01:37:32,0.303
8666,2019-03-23 01:37:32,0.293
8667,2019-03-23 01:37:33,0.296
8668,2019-03-23 01:37:33,0.291
8669,2019-03-23 01:37:34,0.311
8670,2019-03-23 01:37:34,0.293
8671,2019-03-23 01:37:35,0.285
8672,2019-03-23 01:37:36,0.287
8673,2019-03-23 01:37:36,0.291
8674,2019-03-23 01:37:36,0.303
8675,2019-03-23 01:37:36,0.291
8676,2019-03-23 01:37:37,0.296
8677,2019-03-23 01:37:37,0.301
8678,2019-03-23 01:37:38,0.212
8679,2019-03-23 01:37:39,0.299
8680,2019-03-23 01:37:40,0.294
8681,2019-03-23 01:37:41,0.317
8682,2019-03-23 01:37:41,0.296
8683,2019-03-23 01:37:42,0.284
8684,2019-03-23 01:37:43,0.297
8685,2019-03-23 01:37:43,0.275
8686,2019-03-23 01:37:43,0.289
8687,2019-03-23 01:37:44,0.292
8688,2019-03-23 01:37:44,0.291
8689,2019-03-23 01:37:44,0.311
8690,2019-03-23 01:37:45,0.296
8691,2019-03-23 01:37:45,0.276
8692,2019-03-23 01:37:46,0.286
8693,2019-03-23 01:37:46,0.310
8694,2019-03-23 01:37:46,0.203
8695,2019-03-23 01:37:47,0.284
8696,2019-03-23 01:37:48,0.285
8697,2019-03-23 01:37:48,0.284
8698,2019-03-23 01:37:49,0.287
8699,2019-03-23 01:37:49,0.278
8700,2019-03-23 01:37:50,0.286
8701,2019-03-23 01:37:50,0.292
8702,2019-03-23 01:37:51,0.296
8703,2019-03-23 01:37:52,0.302
8704,2019-03-23 01:37:53,0.288
8705,2019-03-23 01:37:53,0.297
8706,2019-03-23 01:37:54,0.293
8707,2019-03-23 01:37:55,0.310
8708,2019-03-23 01:37:56,0.304
8709,2019-03-23 01:37:56,0.307
8710,2019-03-23 01:37:57,0.300
8711,2019-03-23 01:37:57,0.213
8712,2019-03-23 01:37:58,0.305
8713,2019-03-23 01:37:58,0.285
8714,2019-03-23 01:38:01,0.292
8715,2019-03-23 01:38:01,0.316
8716,2019-03-23 01:38:01,0.216
8717,2019-03-23 01:38:02,0.298
8718,2019-03-23 01:38:02,0.286
8719,2019-03-23 01:38:03,0.285
8720,2019-03-23 01:38:03,0.305
8721,2019-03-23 01:38:04,0.289
8722,2019-03-23 01:38:04,0.300
8723,2019-03-23 01:38:04,0.294
8724,2019-03-23 01:38:05,0.289
8725,2019-03-23 01:38:06,0.282
8726,2019-03-23 01:38:07,0.285
8727,2019-03-23 01:38:07,0.282
8728,2019-03-23 01:38:08,0.287
8729,2019-03-23 01:38:08,0.298
8730,2019-03-23 01:38:08,0.283
8731,2019-03-23 01:38:08,0.292
8732,2019-03-23 01:38:09,0.289
8733,2019-03-23 01:38:10,0.288
8734,2019-03-23 01:38:10,0.299
8735,2019-03-23 01:38:10,0.289
8736,2019-03-23 01:38:11,0.287
8737,2019-03-23 01:38:11,0.289
8738,2019-03-23 01:38:12,0.299
8739,2019-03-23 01:38:12,0.284
8740,2019-03-23 01:38:13,0.294
8741,2019-03-23 01:38:13,0.295
8742,2019-03-23 01:38:14,0.296
8743,2019-03-23 01:38:15,0.295
8744,2019-03-23 01:38:17,0.312
8745,2019-03-23 01:38:17,0.215
8746,2019-03-23 01:38:18,0.286
8747,2019-03-23 01:38:18,0.298
8748,2019-03-23 01:38:19,0.290
8749,2019-03-23 01:38:20,0.286
8750,2019-03-23 01:38:20,0.287
8751,2019-03-23 01:38:20,0.282
8752,2019-03-23 01:38:21,0.311
8753,2019-03-23 01:38:21,0.216
8754,2019-03-23 01:38:22,0.213
8755,2019-03-23 01:38:23,0.295
8756,2019-03-23 01:38:23,0.299
8757,2019-03-23 01:38:23,0.288
8758,2019-03-23 01:38:23,0.287
8759,2019-03-23 01:38:24,0.293
8760,2019-03-23 01:38:24,0.292
8761,2019-03-23 01:38:25,0.296
8762,2019-03-23 01:38:25,0.290
8763,2019-03-23 01:38:26,0.288
8764,2019-03-23 01:38:26,0.307
8765,2019-03-23 01:38:27,0.289
8766,2019-03-23 01:38:29,0.288
8767,2019-03-23 01:38:29,0.298
8768,2019-03-23 01:38:30,0.286
8769,2019-03-23 01:38:31,0.296
8770,2019-03-23 01:38:31,0.291
8771,2019-03-23 01:38:32,0.304
8772,2019-03-23 01:38:33,0.290
8773,2019-03-23 01:38:33,0.268
8774,2019-03-23 01:38:33,0.299
8775,2019-03-23 01:38:34,0.307
8776,2019-03-23 01:38:35,0.298
8777,2019-03-23 01:38:35,0.289
8778,2019-03-23 01:38:35,0.314
8779,2019-03-23 01:38:36,0.291
8780,2019-03-23 01:38:36,0.288
8781,2019-03-23 01:38:37,0.294
8782,2019-03-23 01:38:38,0.291
8783,2019-03-23 01:38:38,0.299
8784,2019-03-23 01:38:39,0.299
8785,2019-03-23 01:38:40,0.304
8786,2019-03-23 01:38:40,0.306
8787,2019-03-23 01:38:40,0.306
8788,2019-03-23 01:38:40,0.293
8789,2019-03-23 01:38:41,0.296
8790,2019-03-23 01:38:41,0.297
8791,2019-03-23 01:38:42,0.311
8792,2019-03-23 01:38:43,0.293
8793,2019-03-23 01:38:43,0.308
8794,2019-03-23 01:38:43,0.289
8795,2019-03-23 01:38:44,0.285
8796,2019-03-23 01:38:44,0.212
8797,2019-03-23 01:38:45,0.290
8798,2019-03-23 01:38:46,0.307
8799,2019-03-23 01:38:46,0.299
8800,2019-03-23 01:38:47,0.283
8801,2019-03-23 01:38:47,0.288
8802,2019-03-23 01:38:47,0.298
8803,2019-03-23 01:38:48,0.296
8804,2019-03-23 01:38:48,0.284
8805,2019-03-23 01:38:48,0.308
8806,2019-03-23 01:38:48,0.298
8807,2019-03-23 01:38:49,0.302
8808,2019-03-23 01:38:49,0.303
8809,2019-03-23 01:38:50,0.294
8810,2019-03-23 01:38:51,0.373
8811,2019-03-23 01:38:51,0.310
8812,2019-03-23 01:38:52,0.295
8813,2019-03-23 01:38:52,0.304
8814,2019-03-23 01:38:53,0.313
8815,2019-03-23 01:38:53,0.296
8816,2019-03-23 01:38:54,0.290
8817,2019-03-23 01:38:54,0.302
8818,2019-03-23 01:38:54,0.294
8819,2019-03-23 01:38:54,0.286
8820,2019-03-23 01:38:55,0.301
8821,2019-03-23 01:38:55,0.286
8822,2019-03-23 01:38:55,0.304
8823,2019-03-23 01:38:56,0.291
8824,2019-03-23 01:38:56,0.283
8825,2019-03-23 01:38:56,0.294
8826,2019-03-23 01:38:57,0.297
8827,2019-03-23 01:38:57,0.298
8828,2019-03-23 01:38:58,0.289
8829,2019-03-23 01:38:58,0.254
8830,2019-03-23 01:38:58,0.291
8831,2019-03-23 01:38:59,0.289
8832,2019-03-23 01:39:00,0.304
8833,2019-03-23 01:39:00,0.294
8834,2019-03-23 01:39:00,0.289
8835,2019-03-23 01:39:01,0.297
8836,2019-03-23 01:39:03,0.285
8837,2019-03-23 01:39:03,0.296
8838,2019-03-23 01:39:04,0.304
8839,2019-03-23 01:39:04,0.310
8840,2019-03-23 01:39:04,0.211
8841,2019-03-23 01:39:04,0.292
8842,2019-03-23 01:39:05,0.292
8843,2019-03-23 01:39:05,0.287
8844,2019-03-23 01:39:05,0.310
8845,2019-03-23 01:39:06,0.293
8846,2019-03-23 01:39:07,0.292
8847,2019-03-23 01:39:07,0.293
8848,2019-03-23 01:39:08,0.289
8849,2019-03-23 01:39:08,0.288
8850,2019-03-23 01:39:09,0.288
8851,2019-03-23 01:39:09,0.281
8852,2019-03-23 01:39:09,0.298
8853,2019-03-23 01:39:10,0.295
8854,2019-03-23 01:39:10,0.298
8855,2019-03-23 01:39:10,0.291
8856,2019-03-23 01:39:11,0.299
8857,2019-03-23 01:41:28,0.305
8858,2019-03-23 01:41:28,0.300
8859,2019-03-23 01:41:28,0.292
8860,2019-03-23 01:41:28,0.293
8861,2019-03-23 01:41:29,0.303
8862,2019-03-23 01:41:29,0.308
8863,2019-03-23 01:41:29,0.289
8864,2019-03-23 01:41:30,0.297
8865,2019-03-23 01:41:30,0.292
8866,2019-03-23 01:41:30,0.283
8867,2019-03-23 01:41:30,0.292
8868,2019-03-23 01:41:30,0.297
8869,2019-03-23 01:41:30,0.303
8870,2019-03-23 01:41:31,0.289
8871,2019-03-23 01:41:31,0.302
8872,2019-03-23 01:41:31,0.304
8873,2019-03-23 01:41:32,0.311
8874,2019-03-23 01:41:32,0.282
8875,2019-03-23 01:41:32,0.277
8876,2019-03-23 01:41:32,0.295
8877,2019-03-23 01:41:32,0.302
8878,2019-03-23 01:41:33,0.211
8879,2019-03-23 01:41:33,0.279
8880,2019-03-23 01:41:33,0.281
8881,2019-03-23 01:41:34,0.295
8882,2019-03-23 01:41:34,0.303
8883,2019-03-23 01:41:34,0.308
8884,2019-03-23 01:41:34,0.287
8885,2019-03-23 01:41:34,0.298
8886,2019-03-23 01:41:34,0.283
8887,2019-03-23 01:41:34,0.296
8888,2019-03-23 01:41:34,0.280
8889,2019-03-23 01:41:35,0.284
8890,2019-03-23 01:41:35,0.288
8891,2019-03-23 01:41:35,0.297
8892,2019-03-23 01:41:35,0.295
8893,2019-03-23 01:41:35,0.285
8894,2019-03-23 01:41:35,0.296
8895,2019-03-23 01:41:36,0.280
8896,2019-03-23 01:41:36,0.294
8897,2019-03-23 01:41:36,0.288
8898,2019-03-23 01:41:36,0.293
8899,2019-03-23 01:41:36,0.302
8900,2019-03-23 01:41:36,0.283
8901,2019-03-23 01:41:37,0.290
8902,2019-03-23 01:41:37,0.303
8903,2019-03-23 01:41:37,0.287
8904,2019-03-23 01:41:37,0.293
8905,2019-03-23 01:41:38,0.282
8906,2019-03-23 01:41:38,0.213
8907,2019-03-23 01:41:38,0.213
8908,2019-03-23 01:41:38,0.290
8909,2019-03-23 01:41:39,0.295
8910,2019-03-23 01:41:39,0.296
8911,2019-03-23 01:41:39,0.295
8912,2019-03-23 01:41:39,0.298
8913,2019-03-23 01:41:40,0.286
8914,2019-03-23 01:41:40,0.281
8915,2019-03-23 01:41:40,0.287
8916,2019-03-23 01:41:41,0.302
8917,2019-03-23 01:41:41,0.304
8918,2019-03-23 01:41:41,0.296
8919,2019-03-23 01:41:42,0.294
8920,2019-03-23 01:41:42,0.295
8921,2019-03-23 01:41:42,0.294
8922,2019-03-23 01:41:42,0.288
8923,2019-03-23 01:41:42,0.286
8924,2019-03-23 01:41:43,0.286
8925,2019-03-23 01:41:43,0.303
8926,2019-03-23 01:41:44,0.293
8927,2019-03-23 01:41:44,0.297
8928,2019-03-23 01:41:45,0.292
8929,2019-03-23 01:41:45,0.293
8930,2019-03-23 01:41:46,0.293
8931,2019-03-23 01:41:46,0.308
8932,2019-03-23 01:41:46,0.293
8933,2019-03-23 01:41:46,0.295
8934,2019-03-23 01:41:46,0.292
8935,2019-03-23 01:41:47,0.285
8936,2019-03-23 01:41:47,0.295
8937,2019-03-23 01:41:47,0.292
8938,2019-03-23 01:41:48,0.292
8939,2019-03-23 01:41:48,0.292
8940,2019-03-23 01:41:48,0.302
8941,2019-03-23 01:41:48,0.289
8942,2019-03-23 01:41:48,0.294
8943,2019-03-23 01:41:49,0.302
8944,2019-03-23 01:41:49,0.297
8945,2019-03-23 01:41:49,0.209
8946,2019-03-23 01:41:49,0.279
8947,2019-03-23 01:41:49,0.280
8948,2019-03-23 01:41:50,0.303
8949,2019-03-23 01:41:50,0.301
8950,2019-03-23 01:41:51,0.286
8951,2019-03-23 01:41:51,0.295
8952,2019-03-23 01:41:51,0.299
8953,2019-03-23 01:41:52,0.298
8954,2019-03-23 01:41:52,0.289
8955,2019-03-23 01:41:52,0.288
8956,2019-03-23 01:41:52,0.291
8957,2019-03-23 01:41:53,0.296
8958,2019-03-23 01:41:53,0.293
8959,2019-03-23 01:41:53,0.300
8960,2019-03-23 01:41:53,0.214
8961,2019-03-23 01:41:54,0.297
8962,2019-03-23 01:41:54,0.292
8963,2019-03-23 01:41:54,0.212
8964,2019-03-23 01:41:54,0.294
8965,2019-03-23 01:41:55,0.291
8966,2019-03-23 01:41:55,0.302
8967,2019-03-23 01:41:56,0.282
8968,2019-03-23 01:41:56,1.071
8969,2019-03-23 01:41:57,0.282
8970,2019-03-23 01:41:57,0.300
8971,2019-03-23 01:41:57,0.306
8972,2019-03-23 01:41:58,0.308
8973,2019-03-23 01:41:58,0.299
8974,2019-03-23 01:41:58,0.292
8975,2019-03-23 01:41:58,0.299
8976,2019-03-23 01:41:58,0.381
8977,2019-03-23 01:41:58,0.298
8978,2019-03-23 01:41:58,0.305
8979,2019-03-23 01:42:00,0.305
8980,2019-03-23 01:42:00,0.213
8981,2019-03-23 01:42:01,0.212
8982,2019-03-23 01:42:01,0.309
8983,2019-03-23 01:42:02,0.306
8984,2019-03-23 01:42:03,0.300
8985,2019-03-23 01:42:04,0.294
8986,2019-03-23 01:42:04,0.303
8987,2019-03-23 01:42:04,0.332
8988,2019-03-23 01:42:05,0.216
8989,2019-03-23 01:42:05,0.276
8990,2019-03-23 01:42:06,0.297
8991,2019-03-23 01:42:06,0.294
8992,2019-03-23 01:42:06,0.290
8993,2019-03-23 01:42:07,0.301
8994,2019-03-23 01:42:08,0.296
8995,2019-03-23 01:42:08,0.304
8996,2019-03-23 01:42:08,0.294
8997,2019-03-23 01:42:10,0.300
8998,2019-03-23 01:42:10,0.300
8999,2019-03-23 01:42:10,0.300
9000,2019-03-23 01:42:11,0.293
9001,2019-03-23 01:42:11,0.295
9002,2019-03-23 01:42:12,0.297
9003,2019-03-23 01:42:12,0.286
9004,2019-03-23 01:42:12,0.301
9005,2019-03-23 01:42:13,0.293
9006,2019-03-23 01:42:14,0.286
9007,2019-03-23 01:42:14,0.309
9008,2019-03-23 01:42:15,0.213
9009,2019-03-23 01:42:15,0.285
9010,2019-03-23 01:42:16,0.292
9011,2019-03-23 01:42:16,0.212
9012,2019-03-23 01:42:16,0.309
9013,2019-03-23 01:42:17,0.305
9014,2019-03-23 01:42:17,0.293
9015,2019-03-23 01:42:18,0.307
9016,2019-03-23 01:42:18,0.294
9017,2019-03-23 01:42:19,0.295
9018,2019-03-23 01:42:19,0.291
9019,2019-03-23 01:42:20,0.305
9020,2019-03-23 01:42:20,0.293
9021,2019-03-23 01:42:21,0.369
9022,2019-03-23 01:42:22,0.294
9023,2019-03-23 01:42:23,0.301
9024,2019-03-23 01:42:23,0.294
9025,2019-03-23 01:42:24,0.212
9026,2019-03-23 01:42:24,0.301
9027,2019-03-23 01:42:24,0.291
9028,2019-03-23 01:42:25,0.295
9029,2019-03-23 01:42:25,0.307
9030,2019-03-23 01:42:25,0.304
9031,2019-03-23 01:42:25,0.299
9032,2019-03-23 01:42:26,0.288
9033,2019-03-23 01:42:26,0.280
9034,2019-03-23 01:42:27,0.328
9035,2019-03-23 01:42:27,0.298
9036,2019-03-23 01:42:27,0.212
9037,2019-03-23 01:42:28,0.284
9038,2019-03-23 01:42:29,0.284
9039,2019-03-23 01:42:30,0.294
9040,2019-03-23 01:42:31,0.294
9041,2019-03-23 01:42:32,0.214
9042,2019-03-23 01:42:32,0.290
9043,2019-03-23 01:42:32,0.291
9044,2019-03-23 01:42:33,0.366
9045,2019-03-23 01:42:33,0.297
9046,2019-03-23 01:42:34,0.294
9047,2019-03-23 01:42:35,0.305
9048,2019-03-23 01:42:35,0.296
9049,2019-03-23 01:42:36,0.285
9050,2019-03-23 01:42:36,0.299
9051,2019-03-23 01:42:36,0.294
9052,2019-03-23 01:42:39,0.297
9053,2019-03-23 01:42:39,0.296
9054,2019-03-23 01:42:40,0.282
9055,2019-03-23 01:42:40,0.212
9056,2019-03-23 01:42:40,0.305
9057,2019-03-23 01:42:41,0.280
9058,2019-03-23 01:42:43,0.296
9059,2019-03-23 01:42:44,0.284
9060,2019-03-23 01:42:45,0.294
9061,2019-03-23 01:42:45,0.285
9062,2019-03-23 01:42:45,0.294
9063,2019-03-23 01:42:45,0.299
9064,2019-03-23 01:42:46,0.305
9065,2019-03-23 01:42:48,0.286
9066,2019-03-23 01:42:49,0.281
9067,2019-03-23 01:42:49,0.292
9068,2019-03-23 01:42:50,0.289
9069,2019-03-23 01:42:52,0.301
9070,2019-03-23 01:42:53,0.295
9071,2019-03-23 01:42:54,0.294
9072,2019-03-23 01:42:54,0.287
9073,2019-03-23 01:42:55,0.297
9074,2019-03-23 01:42:56,0.294
9075,2019-03-23 01:42:56,0.288
9076,2019-03-23 01:42:57,0.289
9077,2019-03-23 01:42:58,0.291
9078,2019-03-23 01:42:59,0.298
9079,2019-03-23 01:42:59,0.301
9080,2019-03-23 01:42:59,0.308
9081,2019-03-23 01:43:00,0.297
9082,2019-03-23 01:43:01,0.302
9083,2019-03-23 01:43:01,0.288
9084,2019-03-23 01:43:02,0.289
9085,2019-03-23 01:43:03,0.350
9086,2019-03-23 01:43:03,0.293
9087,2019-03-23 01:43:04,0.297
9088,2019-03-23 01:43:04,0.305
9089,2019-03-23 01:43:04,0.301
9090,2019-03-23 01:43:05,0.290
9091,2019-03-23 01:43:06,0.212
9092,2019-03-23 01:43:06,0.295
9093,2019-03-23 01:43:07,0.296
9094,2019-03-23 01:43:08,0.292
9095,2019-03-23 01:43:08,0.291
9096,2019-03-23 01:43:08,0.303
9097,2019-03-23 01:43:09,0.294
9098,2019-03-23 01:43:10,0.321
9099,2019-03-23 01:43:10,0.316
9100,2019-03-23 01:43:11,0.322
9101,2019-03-23 01:43:11,0.285
9102,2019-03-23 01:43:13,0.313
9103,2019-03-23 01:43:13,0.295
9104,2019-03-23 01:43:13,0.293
9105,2019-03-23 01:43:14,0.212
9106,2019-03-23 01:43:14,0.297
9107,2019-03-23 01:43:15,0.291
9108,2019-03-23 01:43:16,0.313
9109,2019-03-23 01:43:16,0.290
9110,2019-03-23 01:43:16,0.278
9111,2019-03-23 01:43:16,0.280
9112,2019-03-23 01:43:16,0.298
9113,2019-03-23 01:43:17,0.292
9114,2019-03-23 01:43:17,0.290
9115,2019-03-23 01:43:17,0.304
9116,2019-03-23 01:43:19,0.284
9117,2019-03-23 01:43:19,0.298
9118,2019-03-23 01:43:20,0.304
9119,2019-03-23 01:43:21,0.306
9120,2019-03-23 01:43:22,0.295
9121,2019-03-23 01:43:22,0.293
9122,2019-03-23 01:43:23,0.298
9123,2019-03-23 01:43:23,0.290
9124,2019-03-23 01:43:23,1.396
9125,2019-03-23 01:43:24,0.291
9126,2019-03-23 01:43:25,0.293
9127,2019-03-23 01:43:25,0.212
9128,2019-03-23 01:43:25,0.213
9129,2019-03-23 01:43:26,0.298
9130,2019-03-23 01:43:27,0.292
9131,2019-03-23 01:43:27,0.319
9132,2019-03-23 01:43:28,0.299
9133,2019-03-23 01:43:28,0.289
9134,2019-03-23 01:43:29,0.574
9135,2019-03-23 01:43:30,0.291
9136,2019-03-23 01:43:30,0.293
9137,2019-03-23 01:43:31,0.290
9138,2019-03-23 01:43:31,0.296
9139,2019-03-23 01:43:32,0.306
9140,2019-03-23 01:43:32,0.306
9141,2019-03-23 01:43:33,0.298
9142,2019-03-23 01:43:33,0.296
9143,2019-03-23 01:43:33,0.288
9144,2019-03-23 01:43:35,0.290
9145,2019-03-23 01:43:35,0.304
9146,2019-03-23 01:43:35,0.302
9147,2019-03-23 01:43:36,0.297
9148,2019-03-23 01:43:37,0.301
9149,2019-03-23 01:43:38,0.292
9150,2019-03-23 01:43:39,0.305
9151,2019-03-23 01:43:40,0.291
9152,2019-03-23 01:43:40,0.286
9153,2019-03-23 01:43:41,0.294
9154,2019-03-23 01:43:43,0.300
9155,2019-03-23 01:43:43,0.213
9156,2019-03-23 01:43:44,0.289
9157,2019-03-23 01:43:45,0.302
9158,2019-03-23 01:43:45,0.293
9159,2019-03-23 01:43:45,0.292
9160,2019-03-23 01:43:45,0.284
9161,2019-03-23 01:43:46,0.298
9162,2019-03-23 01:43:46,0.289
9163,2019-03-23 01:43:47,0.308
9164,2019-03-23 01:43:47,0.292
9165,2019-03-23 01:43:47,0.289
9166,2019-03-23 01:43:48,0.296
9167,2019-03-23 01:43:49,0.301
9168,2019-03-23 01:43:49,0.284
9169,2019-03-23 01:43:50,0.290
9170,2019-03-23 01:43:50,0.302
9171,2019-03-23 01:43:52,0.303
9172,2019-03-23 01:43:52,0.301
9173,2019-03-23 01:43:52,0.307
9174,2019-03-23 01:43:52,0.295
9175,2019-03-23 01:43:53,0.282
9176,2019-03-23 01:43:53,0.295
9177,2019-03-23 01:43:54,0.297
9178,2019-03-23 01:43:55,0.287
9179,2019-03-23 01:43:55,0.289
9180,2019-03-23 01:43:56,0.281
9181,2019-03-23 01:43:56,0.294
9182,2019-03-23 01:43:58,0.291
9183,2019-03-23 01:43:58,0.288
9184,2019-03-23 01:43:59,0.296
9185,2019-03-23 01:44:00,0.300
9186,2019-03-23 01:44:00,0.291
9187,2019-03-23 01:44:01,0.307
9188,2019-03-23 01:44:01,0.290
9189,2019-03-23 01:44:02,0.292
9190,2019-03-23 01:44:02,0.306
9191,2019-03-23 01:44:03,0.288
9192,2019-03-23 01:44:03,0.291
9193,2019-03-23 01:44:03,0.299
9194,2019-03-23 01:44:03,0.204
9195,2019-03-23 01:44:03,0.301
9196,2019-03-23 01:44:03,0.293
9197,2019-03-23 01:44:05,0.298
9198,2019-03-23 01:44:05,0.280
9199,2019-03-23 01:44:06,0.287
9200,2019-03-23 01:44:07,0.290
9201,2019-03-23 01:44:07,0.298
9202,2019-03-23 01:44:08,0.291
9203,2019-03-23 01:44:08,0.308
9204,2019-03-23 01:44:08,0.295
9205,2019-03-23 01:44:08,0.289
9206,2019-03-23 01:44:09,0.267
9207,2019-03-23 01:44:09,0.291
9208,2019-03-23 01:44:09,0.285
9209,2019-03-23 01:44:10,0.288
9210,2019-03-23 01:44:10,0.268
9211,2019-03-23 01:44:10,0.293
9212,2019-03-23 01:44:11,0.298
9213,2019-03-23 01:44:12,0.215
9214,2019-03-23 01:44:12,0.300
9215,2019-03-23 01:44:13,0.298
9216,2019-03-23 01:44:13,0.286
9217,2019-03-23 01:44:14,0.296
9218,2019-03-23 01:44:15,0.212
9219,2019-03-23 01:44:15,0.277
9220,2019-03-23 01:44:16,0.299
9221,2019-03-23 01:44:16,0.309
9222,2019-03-23 01:44:17,0.291
9223,2019-03-23 01:44:18,0.281
9224,2019-03-23 01:44:18,0.293
9225,2019-03-23 01:44:19,0.306
9226,2019-03-23 01:44:19,0.346
9227,2019-03-23 01:44:20,0.291
9228,2019-03-23 01:44:21,0.300
9229,2019-03-23 01:44:21,0.214
9230,2019-03-23 01:44:22,0.293
9231,2019-03-23 01:44:22,0.291
9232,2019-03-23 01:44:23,0.292
9233,2019-03-23 01:44:24,0.288
9234,2019-03-23 01:44:24,0.310
9235,2019-03-23 01:44:24,0.294
9236,2019-03-23 01:44:25,0.301
9237,2019-03-23 01:44:26,0.289
9238,2019-03-23 01:44:26,0.296
9239,2019-03-23 01:44:27,0.302
9240,2019-03-23 01:44:27,0.297
9241,2019-03-23 01:44:27,0.292
9242,2019-03-23 01:44:28,0.304
9243,2019-03-23 01:44:29,0.300
9244,2019-03-23 01:44:29,0.310
9245,2019-03-23 01:44:30,0.286
9246,2019-03-23 01:44:30,0.287
9247,2019-03-23 01:44:30,0.296
9248,2019-03-23 01:44:31,0.286
9249,2019-03-23 01:44:31,0.295
9250,2019-03-23 01:44:31,0.303
9251,2019-03-23 01:44:32,0.284
9252,2019-03-23 01:44:33,0.282
9253,2019-03-23 01:44:34,0.287
9254,2019-03-23 01:44:34,0.321
9255,2019-03-23 01:44:35,0.292
9256,2019-03-23 01:44:35,0.291
9257,2019-03-23 01:44:36,0.298
9258,2019-03-23 01:44:37,0.293
9259,2019-03-23 01:44:38,0.308
9260,2019-03-23 01:44:39,0.296
9261,2019-03-23 01:44:39,0.307
9262,2019-03-23 01:44:39,0.296
9263,2019-03-23 01:44:40,0.300
9264,2019-03-23 01:44:40,0.212
9265,2019-03-23 01:44:43,0.292
9266,2019-03-23 01:44:44,0.301
9267,2019-03-23 01:44:45,0.297
9268,2019-03-23 01:44:46,0.306
9269,2019-03-23 01:44:46,0.293
9270,2019-03-23 01:44:46,0.312
9271,2019-03-23 01:44:48,0.305
9272,2019-03-23 01:44:50,0.213
9273,2019-03-23 01:44:52,0.286
9274,2019-03-23 01:44:52,0.300
9275,2019-03-23 01:44:53,0.297
9276,2019-03-23 01:44:53,0.294
9277,2019-03-23 01:44:54,0.291
9278,2019-03-23 01:44:54,0.300
9279,2019-03-23 01:44:54,0.295
9280,2019-03-23 01:44:56,0.299
9281,2019-03-23 01:44:57,0.287
9282,2019-03-23 01:44:58,0.295
9283,2019-03-23 01:44:58,0.294
9284,2019-03-23 01:44:58,0.287
9285,2019-03-23 01:44:59,0.296
9286,2019-03-23 01:44:59,0.300
9287,2019-03-23 01:44:59,0.289
9288,2019-03-23 01:44:59,0.287
9289,2019-03-23 01:45:02,0.308
9290,2019-03-23 01:45:02,0.308
9291,2019-03-23 01:45:02,0.296
9292,2019-03-23 01:45:02,0.302
9293,2019-03-23 01:45:03,0.296
9294,2019-03-23 01:45:04,0.301
9295,2019-03-23 01:45:04,0.293
9296,2019-03-23 01:45:04,0.295
9297,2019-03-23 01:45:05,0.285
9298,2019-03-23 01:45:05,0.289
9299,2019-03-23 01:45:07,0.302
9300,2019-03-23 01:45:07,0.340
9301,2019-03-23 01:45:07,0.304
9302,2019-03-23 01:45:08,0.298
9303,2019-03-23 01:45:09,0.295
9304,2019-03-23 01:45:09,0.298
9305,2019-03-23 01:45:09,0.294
9306,2019-03-23 01:45:09,0.302
9307,2019-03-23 01:45:10,0.300
9308,2019-03-23 01:45:10,0.287
9309,2019-03-23 01:45:11,0.291
9310,2019-03-23 01:45:12,0.291
9311,2019-03-23 01:45:12,0.213
9312,2019-03-23 01:45:13,0.282
9313,2019-03-23 01:45:13,0.296
9314,2019-03-23 01:45:14,0.299
9315,2019-03-23 01:45:15,0.301
9316,2019-03-23 01:45:16,0.300
9317,2019-03-23 01:45:16,0.294
9318,2019-03-23 01:45:17,0.298
9319,2019-03-23 01:45:17,0.299
9320,2019-03-23 01:45:18,0.291
9321,2019-03-23 01:45:19,0.291
9322,2019-03-23 01:45:19,0.291
9323,2019-03-23 01:45:19,0.300
9324,2019-03-23 01:45:20,0.290
9325,2019-03-23 01:45:20,0.290
9326,2019-03-23 01:45:20,0.306
9327,2019-03-23 01:45:20,0.306
9328,2019-03-23 01:45:22,0.298
9329,2019-03-23 01:45:22,0.286
9330,2019-03-23 01:45:23,0.304
9331,2019-03-23 01:45:23,0.300
9332,2019-03-23 01:45:23,0.293
9333,2019-03-23 01:45:24,0.294
9334,2019-03-23 01:45:24,0.298
9335,2019-03-23 01:45:25,0.293
9336,2019-03-23 01:45:26,0.305
9337,2019-03-23 01:45:26,0.310
9338,2019-03-23 01:45:27,0.324
9339,2019-03-23 01:45:27,0.296
9340,2019-03-23 01:45:27,0.277
9341,2019-03-23 01:45:27,0.300
9342,2019-03-23 01:45:28,0.295
9343,2019-03-23 01:45:28,0.303
9344,2019-03-23 01:45:28,0.303
9345,2019-03-23 01:45:29,0.300
9346,2019-03-23 01:45:30,0.288
9347,2019-03-23 01:45:30,0.300
9348,2019-03-23 01:45:31,0.300
9349,2019-03-23 01:45:31,0.293
9350,2019-03-23 01:45:31,0.294
9351,2019-03-23 01:45:31,0.308
9352,2019-03-23 01:45:32,0.297
9353,2019-03-23 01:45:32,0.310
9354,2019-03-23 01:45:32,0.295
9355,2019-03-23 01:45:33,0.290
9356,2019-03-23 01:45:34,0.303
9357,2019-03-23 01:45:35,0.298
9358,2019-03-23 01:45:35,0.289
9359,2019-03-23 01:45:37,0.309
9360,2019-03-23 01:45:38,0.296
9361,2019-03-23 01:45:38,0.290
9362,2019-03-23 01:45:38,0.213
9363,2019-03-23 01:45:39,0.286
9364,2019-03-23 01:45:39,0.285
9365,2019-03-23 01:45:40,0.306
9366,2019-03-23 01:45:41,0.289
9367,2019-03-23 01:45:41,0.295
9368,2019-03-23 01:45:42,0.293
9369,2019-03-23 01:45:42,0.292
9370,2019-03-23 01:45:42,0.304
9371,2019-03-23 01:45:42,0.297
9372,2019-03-23 01:45:42,0.296
9373,2019-03-23 01:45:43,0.300
9374,2019-03-23 01:45:44,0.287
9375,2019-03-23 01:45:46,0.312
9376,2019-03-23 01:45:46,0.291
9377,2019-03-23 01:45:47,0.304
9378,2019-03-23 01:45:47,0.299
9379,2019-03-23 01:45:47,0.292
9380,2019-03-23 01:45:47,0.214
9381,2019-03-23 01:45:48,0.294
9382,2019-03-23 01:45:48,0.298
9383,2019-03-23 01:45:48,0.280
9384,2019-03-23 01:45:49,0.307
9385,2019-03-23 01:45:49,0.292
9386,2019-03-23 01:45:49,0.304
9387,2019-03-23 01:45:51,0.300
9388,2019-03-23 01:45:52,0.325
9389,2019-03-23 01:45:53,0.212
9390,2019-03-23 01:45:54,0.293
9391,2019-03-23 01:45:54,0.284
9392,2019-03-23 01:45:55,0.296
9393,2019-03-23 01:45:55,0.295
9394,2019-03-23 01:45:56,0.305
9395,2019-03-23 01:45:56,0.213
9396,2019-03-23 01:45:56,0.281
9397,2019-03-23 01:45:57,0.352
9398,2019-03-23 01:45:57,0.308
9399,2019-03-23 01:45:58,0.305
9400,2019-03-23 01:45:58,0.297
9401,2019-03-23 01:45:58,0.300
9402,2019-03-23 01:45:59,0.293
9403,2019-03-23 01:45:59,0.304
9404,2019-03-23 01:46:00,0.288
9405,2019-03-23 01:46:00,0.292
9406,2019-03-23 01:46:01,0.278
9407,2019-03-23 01:46:01,0.295
9408,2019-03-23 01:46:02,0.296
9409,2019-03-23 01:46:03,0.317
9410,2019-03-23 01:46:03,0.212
9411,2019-03-23 01:46:04,0.288
9412,2019-03-23 01:46:04,0.297
9413,2019-03-23 01:46:05,0.297
9414,2019-03-23 01:46:05,0.288
9415,2019-03-23 01:46:06,0.301
9416,2019-03-23 01:46:06,0.292
9417,2019-03-23 01:46:06,0.280
9418,2019-03-23 01:46:07,0.302
9419,2019-03-23 01:46:08,0.294
9420,2019-03-23 01:46:09,0.302
9421,2019-03-23 01:46:10,0.299
9422,2019-03-23 01:46:10,0.307
9423,2019-03-23 01:46:10,0.284
9424,2019-03-23 01:46:11,0.295
9425,2019-03-23 01:46:11,0.304
9426,2019-03-23 01:46:12,0.315
9427,2019-03-23 01:46:13,0.294
9428,2019-03-23 01:46:13,0.288
9429,2019-03-23 01:46:14,0.283
9430,2019-03-23 01:46:14,0.297
9431,2019-03-23 01:46:16,0.295
9432,2019-03-23 01:46:16,0.304
9433,2019-03-23 01:46:17,0.303
9434,2019-03-23 01:46:17,0.202
9435,2019-03-23 01:46:18,0.291
9436,2019-03-23 01:46:18,0.290
9437,2019-03-23 01:46:19,0.300
9438,2019-03-23 01:46:19,0.420
9439,2019-03-23 01:46:19,0.304
9440,2019-03-23 01:46:20,0.302
9441,2019-03-23 01:46:22,0.306
9442,2019-03-23 01:46:23,0.306
9443,2019-03-23 01:46:23,0.290
9444,2019-03-23 01:46:24,0.289
9445,2019-03-23 01:46:24,0.291
9446,2019-03-23 01:46:24,0.290
9447,2019-03-23 01:46:25,0.293
9448,2019-03-23 01:46:25,0.294
9449,2019-03-23 01:46:26,0.297
9450,2019-03-23 01:46:26,0.283
9451,2019-03-23 01:46:26,0.290
9452,2019-03-23 01:46:27,0.311
9453,2019-03-23 01:46:28,0.291
9454,2019-03-23 01:46:28,0.296
9455,2019-03-23 01:46:29,0.282
9456,2019-03-23 01:46:29,0.295
9457,2019-03-23 01:46:30,0.297
9458,2019-03-23 01:46:31,0.285
9459,2019-03-23 01:46:31,0.337
9460,2019-03-23 01:46:32,0.303
9461,2019-03-23 01:46:32,0.285
9462,2019-03-23 01:46:32,0.303
9463,2019-03-23 01:46:33,0.296
9464,2019-03-23 01:46:33,0.301
9465,2019-03-23 01:46:34,0.298
9466,2019-03-23 01:46:35,0.291
9467,2019-03-23 01:46:35,0.297
9468,2019-03-23 01:46:36,0.213
9469,2019-03-23 01:46:36,0.299
9470,2019-03-23 01:46:37,0.296
9471,2019-03-23 01:46:37,0.286
9472,2019-03-23 01:46:38,0.279
9473,2019-03-23 01:46:38,0.294
9474,2019-03-23 01:46:39,0.299
9475,2019-03-23 01:46:39,0.297
9476,2019-03-23 01:46:40,0.303
9477,2019-03-23 01:46:40,0.300
9478,2019-03-23 01:46:40,0.299
9479,2019-03-23 01:46:41,0.308
9480,2019-03-23 01:46:42,0.315
9481,2019-03-23 01:46:43,0.203
9482,2019-03-23 01:46:43,0.299
9483,2019-03-23 01:46:44,0.286
9484,2019-03-23 01:46:44,0.296
9485,2019-03-23 01:46:44,0.301
9486,2019-03-23 01:46:45,0.285
9487,2019-03-23 01:46:45,0.307
9488,2019-03-23 01:46:46,0.291
9489,2019-03-23 01:46:47,0.285
9490,2019-03-23 01:46:47,0.293
9491,2019-03-23 01:46:47,0.290
9492,2019-03-23 01:46:47,0.213
9493,2019-03-23 01:46:48,0.295
9494,2019-03-23 01:46:49,0.300
9495,2019-03-23 01:46:49,0.300
9496,2019-03-23 01:46:50,0.293
9497,2019-03-23 01:46:50,0.215
9498,2019-03-23 01:46:50,0.298
9499,2019-03-23 01:46:51,0.298
9500,2019-03-23 01:46:52,0.290
9501,2019-03-23 01:46:52,0.288
9502,2019-03-23 01:46:53,0.296
9503,2019-03-23 01:46:53,0.213
9504,2019-03-23 01:46:53,0.290
9505,2019-03-23 01:46:54,0.294
9506,2019-03-23 01:46:54,0.297
9507,2019-03-23 01:46:54,0.303
9508,2019-03-23 01:46:54,0.289
9509,2019-03-23 01:46:55,0.294
9510,2019-03-23 01:46:56,0.293
9511,2019-03-23 01:46:56,0.309
9512,2019-03-23 01:46:57,0.304
9513,2019-03-23 01:46:57,0.213
9514,2019-03-23 01:46:57,0.290
9515,2019-03-23 01:46:58,0.303
9516,2019-03-23 01:46:58,0.296
9517,2019-03-23 01:46:58,0.286
9518,2019-03-23 01:47:01,0.302
9519,2019-03-23 01:47:01,0.298
9520,2019-03-23 01:47:01,0.296
9521,2019-03-23 01:47:01,0.305
9522,2019-03-23 01:47:02,0.308
9523,2019-03-23 01:47:02,0.309
9524,2019-03-23 01:47:03,0.295
9525,2019-03-23 01:47:03,0.292
9526,2019-03-23 01:47:03,0.307
9527,2019-03-23 01:47:04,0.296
9528,2019-03-23 01:47:04,0.292
9529,2019-03-23 01:47:05,0.303
9530,2019-03-23 01:47:06,0.295
9531,2019-03-23 01:47:07,0.299
9532,2019-03-23 01:47:08,0.285
9533,2019-03-23 01:47:09,0.292
9534,2019-03-23 01:47:09,0.308
9535,2019-03-23 01:47:10,0.303
9536,2019-03-23 01:47:10,0.301
9537,2019-03-23 01:47:11,0.301
9538,2019-03-23 01:47:11,0.296
9539,2019-03-23 01:47:11,0.292
9540,2019-03-23 01:47:12,0.307
9541,2019-03-23 01:47:12,0.299
9542,2019-03-23 01:47:13,0.294
9543,2019-03-23 01:47:13,0.292
9544,2019-03-23 01:47:13,0.289
9545,2019-03-23 01:47:14,0.287
9546,2019-03-23 01:47:14,0.299
9547,2019-03-23 01:47:15,0.302
9548,2019-03-23 01:47:16,0.292
9549,2019-03-23 01:47:16,0.301
9550,2019-03-23 01:47:18,0.294
9551,2019-03-23 01:47:19,0.277
9552,2019-03-23 01:47:19,0.297
9553,2019-03-23 01:47:19,0.294
9554,2019-03-23 01:47:19,0.305
9555,2019-03-23 01:47:20,0.297
9556,2019-03-23 01:47:20,0.300
9557,2019-03-23 01:47:21,0.289
9558,2019-03-23 01:47:22,0.281
9559,2019-03-23 01:47:23,0.295
9560,2019-03-23 01:47:23,0.300
9561,2019-03-23 01:47:24,0.328
9562,2019-03-23 01:47:25,0.293
9563,2019-03-23 01:47:25,0.288
9564,2019-03-23 01:47:25,0.290
9565,2019-03-23 01:47:26,0.300
9566,2019-03-23 01:47:27,0.290
9567,2019-03-23 01:47:27,0.296
9568,2019-03-23 01:47:27,0.285
9569,2019-03-23 01:47:28,0.294
9570,2019-03-23 01:47:28,0.296
9571,2019-03-23 01:47:29,0.296
9572,2019-03-23 01:47:30,0.288
9573,2019-03-23 01:47:31,0.298
9574,2019-03-23 01:47:31,0.294
9575,2019-03-23 01:47:32,0.301
9576,2019-03-23 01:47:32,0.213
9577,2019-03-23 01:47:32,0.285
9578,2019-03-23 01:47:32,0.299
9579,2019-03-23 01:47:33,0.292
9580,2019-03-23 01:47:33,0.292
9581,2019-03-23 01:47:33,0.296
9582,2019-03-23 01:47:35,0.280
9583,2019-03-23 01:47:35,0.210
9584,2019-03-23 01:47:36,0.289
9585,2019-03-23 01:47:37,0.307
9586,2019-03-23 01:47:37,0.298
9587,2019-03-23 01:47:38,0.311
9588,2019-03-23 01:47:38,0.284
9589,2019-03-23 01:47:39,0.312
9590,2019-03-23 01:47:40,0.297
9591,2019-03-23 01:47:41,0.298
9592,2019-03-23 01:47:41,0.299
9593,2019-03-23 01:47:41,0.290
9594,2019-03-23 01:47:42,0.311
9595,2019-03-23 01:47:42,0.294
9596,2019-03-23 01:47:43,0.312
9597,2019-03-23 01:47:44,0.292
9598,2019-03-23 01:47:44,0.295
9599,2019-03-23 01:47:44,0.307
9600,2019-03-23 01:47:44,0.301
9601,2019-03-23 01:47:45,0.315
9602,2019-03-23 01:47:45,0.295
9603,2019-03-23 01:47:45,0.316
9604,2019-03-23 01:47:47,0.301
9605,2019-03-23 01:47:47,0.298
9606,2019-03-23 01:47:48,0.290
9607,2019-03-23 01:47:48,0.292
9608,2019-03-23 01:47:48,0.302
9609,2019-03-23 01:47:49,0.315
9610,2019-03-23 01:47:49,0.303
9611,2019-03-23 01:47:50,0.309
9612,2019-03-23 01:47:50,0.285
9613,2019-03-23 01:47:51,0.307
9614,2019-03-23 01:47:51,0.307
9615,2019-03-23 01:47:52,0.299
9616,2019-03-23 01:47:52,0.293
9617,2019-03-23 01:47:52,0.313
9618,2019-03-23 01:47:53,0.304
9619,2019-03-23 01:47:54,0.297
9620,2019-03-23 01:47:54,0.212
9621,2019-03-23 01:47:55,0.213
9622,2019-03-23 01:47:55,0.280
9623,2019-03-23 01:47:57,0.286
9624,2019-03-23 01:47:59,0.293
9625,2019-03-23 01:47:59,0.294
9626,2019-03-23 01:48:00,0.291
9627,2019-03-23 01:48:00,0.291
9628,2019-03-23 01:48:00,0.294
9629,2019-03-23 01:48:02,0.290
9630,2019-03-23 01:48:04,0.280
9631,2019-03-23 01:48:07,0.301
9632,2019-03-23 01:48:07,0.298
9633,2019-03-23 01:48:07,0.313
9634,2019-03-23 01:48:08,0.300
9635,2019-03-23 01:48:08,0.300
9636,2019-03-23 01:48:09,0.285
9637,2019-03-23 01:48:10,0.292
9638,2019-03-23 01:48:10,0.212
9639,2019-03-23 01:48:10,0.300
9640,2019-03-23 01:48:10,0.288
9641,2019-03-23 01:48:10,0.297
9642,2019-03-23 01:48:10,0.309
9643,2019-03-23 01:50:24,0.278
9644,2019-03-23 01:50:24,0.290
9645,2019-03-23 01:50:25,0.212
9646,2019-03-23 01:50:25,0.293
9647,2019-03-23 01:50:25,0.287
9648,2019-03-23 01:50:25,0.284
9649,2019-03-23 01:50:25,0.275
9650,2019-03-23 01:50:25,0.283
9651,2019-03-23 01:50:25,0.292
9652,2019-03-23 01:50:26,0.292
9653,2019-03-23 01:50:26,0.298
9654,2019-03-23 01:50:26,0.294
9655,2019-03-23 01:50:26,0.286
9656,2019-03-23 01:50:27,0.357
9657,2019-03-23 01:50:27,0.285
9658,2019-03-23 01:50:27,0.290
9659,2019-03-23 01:50:27,0.291
9660,2019-03-23 01:50:28,0.299
9661,2019-03-23 01:50:28,0.295
9662,2019-03-23 01:50:29,0.301
9663,2019-03-23 01:50:29,0.289
9664,2019-03-23 01:50:29,0.293
9665,2019-03-23 01:50:29,0.286
9666,2019-03-23 01:50:29,0.286
9667,2019-03-23 01:50:30,0.304
9668,2019-03-23 01:50:30,0.278
9669,2019-03-23 01:50:30,0.296
9670,2019-03-23 01:50:30,0.289
9671,2019-03-23 01:50:30,0.298
9672,2019-03-23 01:50:31,0.293
9673,2019-03-23 01:50:31,0.299
9674,2019-03-23 01:50:31,0.279
9675,2019-03-23 01:50:31,0.303
9676,2019-03-23 01:50:31,0.290
9677,2019-03-23 01:50:32,0.302
9678,2019-03-23 01:50:32,0.300
9679,2019-03-23 01:50:32,0.302
9680,2019-03-23 01:50:32,0.292
9681,2019-03-23 01:50:33,0.286
9682,2019-03-23 01:50:33,0.279
9683,2019-03-23 01:50:33,0.293
9684,2019-03-23 01:50:33,0.284
9685,2019-03-23 01:50:34,0.310
9686,2019-03-23 01:50:34,0.299
9687,2019-03-23 01:50:34,0.311
9688,2019-03-23 01:50:34,0.293
9689,2019-03-23 01:50:35,0.289
9690,2019-03-23 01:50:35,0.299
9691,2019-03-23 01:50:35,0.286
9692,2019-03-23 01:50:36,0.302
9693,2019-03-23 01:50:36,0.292
9694,2019-03-23 01:50:36,0.293
9695,2019-03-23 01:50:37,0.300
9696,2019-03-23 01:50:37,0.309
9697,2019-03-23 01:50:37,0.296
9698,2019-03-23 01:50:38,0.297
9699,2019-03-23 01:50:38,0.294
9700,2019-03-23 01:50:38,0.293
9701,2019-03-23 01:50:38,0.293
9702,2019-03-23 01:50:39,0.281
9703,2019-03-23 01:50:39,0.286
9704,2019-03-23 01:50:39,0.281
9705,2019-03-23 01:50:40,0.298
9706,2019-03-23 01:50:40,0.285
9707,2019-03-23 01:50:40,0.290
9708,2019-03-23 01:50:40,0.277
9709,2019-03-23 01:50:41,0.297
9710,2019-03-23 01:50:41,0.286
9711,2019-03-23 01:50:41,0.285
9712,2019-03-23 01:50:42,0.289
9713,2019-03-23 01:50:42,0.295
9714,2019-03-23 01:50:42,0.299
9715,2019-03-23 01:50:42,0.305
9716,2019-03-23 01:50:43,0.296
9717,2019-03-23 01:50:43,0.280
9718,2019-03-23 01:50:43,0.291
9719,2019-03-23 01:50:44,0.298
9720,2019-03-23 01:50:44,0.300
9721,2019-03-23 01:50:44,0.288
9722,2019-03-23 01:50:45,0.297
9723,2019-03-23 01:50:45,0.305
9724,2019-03-23 01:50:46,0.291
9725,2019-03-23 01:50:46,0.290
9726,2019-03-23 01:50:46,0.284
9727,2019-03-23 01:50:47,0.299
9728,2019-03-23 01:50:47,0.288
9729,2019-03-23 01:50:47,0.282
9730,2019-03-23 01:50:47,0.301
9731,2019-03-23 01:50:48,0.289
9732,2019-03-23 01:50:48,0.305
9733,2019-03-23 01:50:48,0.298
9734,2019-03-23 01:50:48,0.298
9735,2019-03-23 01:50:49,0.293
9736,2019-03-23 01:50:49,0.300
9737,2019-03-23 01:50:49,0.300
9738,2019-03-23 01:50:51,0.287
9739,2019-03-23 01:50:51,0.289
9740,2019-03-23 01:50:51,0.286
9741,2019-03-23 01:50:51,0.280
9742,2019-03-23 01:50:51,0.292
9743,2019-03-23 01:50:51,0.407
9744,2019-03-23 01:50:52,0.287
9745,2019-03-23 01:50:53,0.296
9746,2019-03-23 01:50:53,0.211
9747,2019-03-23 01:50:53,0.282
9748,2019-03-23 01:50:53,0.297
9749,2019-03-23 01:50:54,0.295
9750,2019-03-23 01:50:54,0.289
9751,2019-03-23 01:50:54,0.296
9752,2019-03-23 01:50:54,0.299
9753,2019-03-23 01:50:54,0.207
9754,2019-03-23 01:50:55,0.289
9755,2019-03-23 01:50:56,0.306
9756,2019-03-23 01:50:56,0.295
9757,2019-03-23 01:50:57,0.301
9758,2019-03-23 01:50:57,0.289
9759,2019-03-23 01:50:57,0.291
9760,2019-03-23 01:50:58,0.302
9761,2019-03-23 01:50:58,0.283
9762,2019-03-23 01:50:58,0.285
9763,2019-03-23 01:50:59,0.300
9764,2019-03-23 01:50:59,0.308
9765,2019-03-23 01:50:59,0.304
9766,2019-03-23 01:51:00,0.310
9767,2019-03-23 01:51:01,0.309
9768,2019-03-23 01:51:02,0.300
9769,2019-03-23 01:51:03,0.302
9770,2019-03-23 01:51:03,0.293
9771,2019-03-23 01:51:04,0.305
9772,2019-03-23 01:51:05,0.213
9773,2019-03-23 01:51:06,0.303
9774,2019-03-23 01:51:06,0.295
9775,2019-03-23 01:51:06,0.298
9776,2019-03-23 01:51:07,0.289
9777,2019-03-23 01:51:07,0.305
9778,2019-03-23 01:51:07,0.298
9779,2019-03-23 01:51:07,0.214
9780,2019-03-23 01:51:08,0.295
9781,2019-03-23 01:51:08,0.289
9782,2019-03-23 01:51:09,0.294
9783,2019-03-23 01:51:09,0.213
9784,2019-03-23 01:51:10,0.298
9785,2019-03-23 01:51:11,0.296
9786,2019-03-23 01:51:11,0.212
9787,2019-03-23 01:51:11,0.284
9788,2019-03-23 01:51:11,0.272
9789,2019-03-23 01:51:12,0.212
9790,2019-03-23 01:51:12,0.297
9791,2019-03-23 01:51:14,0.283
9792,2019-03-23 01:51:14,0.297
9793,2019-03-23 01:51:16,0.304
9794,2019-03-23 01:51:17,0.310
9795,2019-03-23 01:51:18,0.291
9796,2019-03-23 01:51:19,0.307
9797,2019-03-23 01:51:23,0.308
9798,2019-03-23 01:51:23,0.301
9799,2019-03-23 01:51:24,0.212
9800,2019-03-23 01:51:24,0.284
9801,2019-03-23 01:51:24,0.289
9802,2019-03-23 01:51:25,0.304
9803,2019-03-23 01:51:26,0.303
9804,2019-03-23 01:51:26,0.301
9805,2019-03-23 01:51:26,0.302
9806,2019-03-23 01:51:28,0.296
9807,2019-03-23 01:51:28,0.282
9808,2019-03-23 01:51:29,0.306
9809,2019-03-23 01:51:30,0.308
9810,2019-03-23 01:51:30,0.282
9811,2019-03-23 01:51:30,0.299
9812,2019-03-23 01:51:31,0.213
9813,2019-03-23 01:51:32,0.300
9814,2019-03-23 01:51:32,0.312
9815,2019-03-23 01:51:32,0.285
9816,2019-03-23 01:51:33,0.302
9817,2019-03-23 01:51:34,0.292
9818,2019-03-23 01:51:34,0.291
9819,2019-03-23 01:51:34,0.292
9820,2019-03-23 01:51:34,0.307
9821,2019-03-23 01:51:35,0.300
9822,2019-03-23 01:51:35,0.304
9823,2019-03-23 01:51:35,0.315
9824,2019-03-23 01:51:36,0.297
9825,2019-03-23 01:51:36,0.292
9826,2019-03-23 01:51:37,0.294
9827,2019-03-23 01:51:39,0.296
9828,2019-03-23 01:51:40,0.213
9829,2019-03-23 01:51:40,0.302
9830,2019-03-23 01:51:41,0.290
9831,2019-03-23 01:51:42,0.302
9832,2019-03-23 01:51:43,0.300
9833,2019-03-23 01:51:44,0.292
9834,2019-03-23 01:51:44,0.297
9835,2019-03-23 01:51:46,0.277
9836,2019-03-23 01:51:46,0.304
9837,2019-03-23 01:51:48,0.312
9838,2019-03-23 01:51:48,0.402
9839,2019-03-23 01:51:49,0.299
9840,2019-03-23 01:51:49,0.292
9841,2019-03-23 01:51:50,0.288
9842,2019-03-23 01:51:50,0.291
9843,2019-03-23 01:51:51,0.292
9844,2019-03-23 01:51:51,0.287
9845,2019-03-23 01:51:52,0.292
9846,2019-03-23 01:51:52,0.292
9847,2019-03-23 01:51:52,0.300
9848,2019-03-23 01:51:53,0.291
9849,2019-03-23 01:51:53,0.204
9850,2019-03-23 01:51:53,0.293
9851,2019-03-23 01:51:53,0.287
9852,2019-03-23 01:51:54,0.329
9853,2019-03-23 01:51:54,0.288
9854,2019-03-23 01:51:54,0.314
9855,2019-03-23 01:51:55,0.289
9856,2019-03-23 01:51:55,0.295
9857,2019-03-23 01:51:55,0.286
9858,2019-03-23 01:51:56,0.303
9859,2019-03-23 01:51:56,0.290
9860,2019-03-23 01:51:56,0.302
9861,2019-03-23 01:51:57,0.290
9862,2019-03-23 01:51:57,0.295
9863,2019-03-23 01:51:58,0.298
9864,2019-03-23 01:51:59,0.214
9865,2019-03-23 01:51:59,0.213
9866,2019-03-23 01:52:00,0.296
9867,2019-03-23 01:52:00,0.292
9868,2019-03-23 01:52:01,0.289
9869,2019-03-23 01:52:01,0.298
9870,2019-03-23 01:52:03,0.303
9871,2019-03-23 01:52:03,0.292
9872,2019-03-23 01:52:03,0.289
9873,2019-03-23 01:52:04,0.279
9874,2019-03-23 01:52:06,0.296
9875,2019-03-23 01:52:08,0.288
9876,2019-03-23 01:52:08,0.298
9877,2019-03-23 01:52:08,0.289
9878,2019-03-23 01:52:08,0.297
9879,2019-03-23 01:52:09,0.297
9880,2019-03-23 01:52:09,0.302
9881,2019-03-23 01:52:10,0.299
9882,2019-03-23 01:52:11,0.277
9883,2019-03-23 01:52:12,0.286
9884,2019-03-23 01:52:13,0.286
9885,2019-03-23 01:52:14,0.316
9886,2019-03-23 01:52:14,0.301
9887,2019-03-23 01:52:15,0.286
9888,2019-03-23 01:52:15,0.212
9889,2019-03-23 01:52:16,0.296
9890,2019-03-23 01:52:16,0.303
9891,2019-03-23 01:52:17,0.304
9892,2019-03-23 01:52:18,0.292
9893,2019-03-23 01:52:19,0.299
9894,2019-03-23 01:52:19,0.289
9895,2019-03-23 01:52:19,0.289
9896,2019-03-23 01:52:19,0.302
9897,2019-03-23 01:52:20,0.301
9898,2019-03-23 01:52:20,0.284
9899,2019-03-23 01:52:21,0.213
9900,2019-03-23 01:52:21,0.295
9901,2019-03-23 01:52:22,0.279
9902,2019-03-23 01:52:22,0.296
9903,2019-03-23 01:52:23,0.285
9904,2019-03-23 01:52:23,0.299
9905,2019-03-23 01:52:24,0.286
9906,2019-03-23 01:52:24,0.304
9907,2019-03-23 01:52:24,0.295
9908,2019-03-23 01:52:24,0.298
9909,2019-03-23 01:52:25,0.296
9910,2019-03-23 01:52:26,0.301
9911,2019-03-23 01:52:26,0.285
9912,2019-03-23 01:52:27,0.289
9913,2019-03-23 01:52:27,0.319
9914,2019-03-23 01:52:27,0.298
9915,2019-03-23 01:52:27,0.295
9916,2019-03-23 01:52:28,0.299
9917,2019-03-23 01:52:29,0.289
9918,2019-03-23 01:52:29,0.288
9919,2019-03-23 01:52:29,0.290
9920,2019-03-23 01:52:30,0.292
9921,2019-03-23 01:52:30,0.280
9922,2019-03-23 01:52:30,0.285
9923,2019-03-23 01:52:31,0.300
9924,2019-03-23 01:52:31,0.295
9925,2019-03-23 01:52:31,0.293
9926,2019-03-23 01:52:31,0.304
9927,2019-03-23 01:52:32,0.300
9928,2019-03-23 01:52:32,0.295
9929,2019-03-23 01:52:33,0.299
9930,2019-03-23 01:52:34,0.292
9931,2019-03-23 01:52:34,0.288
9932,2019-03-23 01:52:34,0.311
9933,2019-03-23 01:52:35,0.308
9934,2019-03-23 01:52:35,0.286
9935,2019-03-23 01:52:35,0.291
9936,2019-03-23 01:52:36,0.305
9937,2019-03-23 01:52:36,0.309
9938,2019-03-23 01:52:37,0.304
9939,2019-03-23 01:52:37,0.293
9940,2019-03-23 01:52:38,0.292
9941,2019-03-23 01:52:38,0.287
9942,2019-03-23 01:52:38,0.304
9943,2019-03-23 01:52:39,0.298
9944,2019-03-23 01:52:39,0.311
9945,2019-03-23 01:52:40,0.358
9946,2019-03-23 01:52:40,0.299
9947,2019-03-23 01:52:41,0.212
9948,2019-03-23 01:52:41,0.294
9949,2019-03-23 01:52:42,0.290
9950,2019-03-23 01:52:42,0.296
9951,2019-03-23 01:52:42,0.301
9952,2019-03-23 01:52:42,0.295
9953,2019-03-23 01:52:46,0.284
9954,2019-03-23 01:52:46,0.298
9955,2019-03-23 01:52:46,0.213
9956,2019-03-23 01:52:47,0.300
9957,2019-03-23 01:52:47,0.301
9958,2019-03-23 01:52:48,0.302
9959,2019-03-23 01:52:48,0.293
9960,2019-03-23 01:52:48,0.291
9961,2019-03-23 01:52:49,0.292
9962,2019-03-23 01:52:49,0.291
9963,2019-03-23 01:52:49,0.299
9964,2019-03-23 01:52:50,0.291
9965,2019-03-23 01:52:51,0.285
9966,2019-03-23 01:52:51,0.296
9967,2019-03-23 01:52:52,0.283
9968,2019-03-23 01:52:52,0.294
9969,2019-03-23 01:52:53,0.283
9970,2019-03-23 01:52:53,0.297
9971,2019-03-23 01:52:53,0.297
9972,2019-03-23 01:52:54,0.303
9973,2019-03-23 01:52:55,0.305
9974,2019-03-23 01:52:55,0.290
9975,2019-03-23 01:52:56,0.293
9976,2019-03-23 01:52:59,0.290
9977,2019-03-23 01:52:59,0.309
9978,2019-03-23 01:53:00,0.301
9979,2019-03-23 01:53:02,0.294
9980,2019-03-23 01:53:02,0.295
9981,2019-03-23 01:53:02,0.313
9982,2019-03-23 01:53:02,0.314
9983,2019-03-23 01:53:03,0.302
9984,2019-03-23 01:53:03,0.308
9985,2019-03-23 01:53:04,0.302
9986,2019-03-23 01:53:04,0.287
9987,2019-03-23 01:53:05,0.297
9988,2019-03-23 01:53:05,0.305
9989,2019-03-23 01:53:05,0.313
9990,2019-03-23 01:53:05,0.297
9991,2019-03-23 01:53:06,0.298
9992,2019-03-23 01:53:07,0.301
9993,2019-03-23 01:53:07,0.287
9994,2019-03-23 01:53:07,0.303
9995,2019-03-23 01:53:10,0.289
9996,2019-03-23 01:53:10,0.312
9997,2019-03-23 01:53:11,0.291
9998,2019-03-23 01:53:11,0.289
9999,2019-03-23 01:53:12,0.294
10000,2019-03-23 01:53:13,0.296
10001,2019-03-23 01:53:14,0.303
10002,2019-03-23 01:53:14,0.290
10003,2019-03-23 01:53:15,0.302
10004,2019-03-23 01:53:15,0.291
10005,2019-03-23 01:53:15,0.297
10006,2019-03-23 01:53:15,0.298
10007,2019-03-23 01:53:16,0.295
10008,2019-03-23 01:53:17,0.305
10009,2019-03-23 01:53:17,0.281
10010,2019-03-23 01:53:17,0.304
10011,2019-03-23 01:53:18,0.296
10012,2019-03-23 01:53:18,0.285
10013,2019-03-23 01:53:19,0.217
10014,2019-03-23 01:53:19,0.298
10015,2019-03-23 01:53:19,0.367
10016,2019-03-23 01:53:20,0.214
10017,2019-03-23 01:53:20,0.290
10018,2019-03-23 01:53:22,0.292
10019,2019-03-23 01:53:22,0.213
10020,2019-03-23 01:53:24,0.299
10021,2019-03-23 01:53:25,0.311
10022,2019-03-23 01:53:26,0.291
10023,2019-03-23 01:53:26,0.297
10024,2019-03-23 01:53:26,0.300
10025,2019-03-23 01:53:27,0.307
10026,2019-03-23 01:53:27,0.284
10027,2019-03-23 01:53:28,0.212
10028,2019-03-23 01:53:28,0.298
10029,2019-03-23 01:53:29,0.290
10030,2019-03-23 01:53:29,0.306
10031,2019-03-23 01:53:29,0.291
10032,2019-03-23 01:53:30,0.299
10033,2019-03-23 01:53:31,0.314
10034,2019-03-23 01:53:31,0.212
10035,2019-03-23 01:53:31,0.304
10036,2019-03-23 01:53:31,0.292
10037,2019-03-23 01:53:33,0.311
10038,2019-03-23 01:53:34,0.348
10039,2019-03-23 01:53:34,0.295
10040,2019-03-23 01:53:35,0.294
10041,2019-03-23 01:53:36,0.298
10042,2019-03-23 01:53:36,0.295
10043,2019-03-23 01:53:38,0.295
10044,2019-03-23 01:53:39,0.213
10045,2019-03-23 01:53:39,0.306
10046,2019-03-23 01:53:40,0.300
10047,2019-03-23 01:53:40,0.286
10048,2019-03-23 01:53:41,0.301
10049,2019-03-23 01:53:41,0.277
10050,2019-03-23 01:53:41,0.300
10051,2019-03-23 01:53:41,0.313
10052,2019-03-23 01:53:43,0.214
10053,2019-03-23 01:53:43,0.389
10054,2019-03-23 01:53:44,0.292
10055,2019-03-23 01:53:44,0.295
10056,2019-03-23 01:53:46,0.310
10057,2019-03-23 01:53:46,0.304
10058,2019-03-23 01:53:46,0.300
10059,2019-03-23 01:53:47,0.309
10060,2019-03-23 01:53:47,0.297
10061,2019-03-23 01:53:47,0.286
10062,2019-03-23 01:53:47,0.297
10063,2019-03-23 01:53:48,0.307
10064,2019-03-23 01:53:51,0.301
10065,2019-03-23 01:53:51,0.306
10066,2019-03-23 01:53:51,0.302
10067,2019-03-23 01:53:52,0.295
10068,2019-03-23 01:53:52,0.308
10069,2019-03-23 01:53:52,0.297
10070,2019-03-23 01:53:52,0.292
10071,2019-03-23 01:53:52,0.282
10072,2019-03-23 01:53:53,0.287
10073,2019-03-23 01:53:53,0.289
10074,2019-03-23 01:53:53,0.306
10075,2019-03-23 01:53:55,0.296
10076,2019-03-23 01:53:55,0.296
10077,2019-03-23 01:53:56,0.294
10078,2019-03-23 01:53:58,0.287
10079,2019-03-23 01:53:58,0.306
10080,2019-03-23 01:53:59,0.315
10081,2019-03-23 01:54:00,0.304
10082,2019-03-23 01:54:00,0.304
10083,2019-03-23 01:54:01,0.369
10084,2019-03-23 01:54:02,0.300
10085,2019-03-23 01:54:03,0.304
10086,2019-03-23 01:54:03,0.319
10087,2019-03-23 01:54:03,0.290
10088,2019-03-23 01:54:04,0.300
10089,2019-03-23 01:54:04,0.275
10090,2019-03-23 01:54:04,0.286
10091,2019-03-23 01:54:05,0.305
10092,2019-03-23 01:54:05,0.284
10093,2019-03-23 01:54:05,0.317
10094,2019-03-23 01:54:06,0.317
10095,2019-03-23 01:54:06,0.299
10096,2019-03-23 01:54:06,0.306
10097,2019-03-23 01:54:07,0.212
10098,2019-03-23 01:54:08,0.303
10099,2019-03-23 01:54:10,0.293
10100,2019-03-23 01:54:10,0.304
10101,2019-03-23 01:54:12,0.214
10102,2019-03-23 01:54:12,0.305
10103,2019-03-23 01:54:13,0.304
10104,2019-03-23 01:54:13,0.216
10105,2019-03-23 01:54:16,0.300
10106,2019-03-23 01:54:16,0.293
10107,2019-03-23 01:54:17,0.313
10108,2019-03-23 01:54:18,0.292
10109,2019-03-23 01:54:18,0.306
10110,2019-03-23 01:54:19,0.302
10111,2019-03-23 01:54:19,0.318
10112,2019-03-23 01:54:20,0.302
10113,2019-03-23 01:54:20,0.294
10114,2019-03-23 01:54:20,0.306
10115,2019-03-23 01:54:21,0.307
10116,2019-03-23 01:54:21,0.305
10117,2019-03-23 01:54:23,0.305
10118,2019-03-23 01:54:23,0.301
10119,2019-03-23 01:54:24,0.299
10120,2019-03-23 01:54:24,0.290
10121,2019-03-23 01:54:24,0.295
10122,2019-03-23 01:54:25,0.314
10123,2019-03-23 01:54:25,0.300
10124,2019-03-23 01:54:26,0.297
10125,2019-03-23 01:54:26,0.296
10126,2019-03-23 01:54:27,0.285
10127,2019-03-23 01:54:28,0.302
10128,2019-03-23 01:54:29,0.303
10129,2019-03-23 01:54:29,0.308
10130,2019-03-23 01:54:29,0.299
10131,2019-03-23 01:54:30,0.304
10132,2019-03-23 01:54:30,0.300
10133,2019-03-23 01:54:30,0.290
10134,2019-03-23 01:54:32,0.312
10135,2019-03-23 01:54:33,0.311
10136,2019-03-23 01:54:33,0.304
10137,2019-03-23 01:54:34,0.299
10138,2019-03-23 01:54:35,0.292
10139,2019-03-23 01:54:36,0.295
10140,2019-03-23 01:54:36,0.301
10141,2019-03-23 01:54:37,0.297
10142,2019-03-23 01:54:37,0.293
10143,2019-03-23 01:54:38,0.286
10144,2019-03-23 01:54:38,0.285
10145,2019-03-23 01:54:39,0.297
10146,2019-03-23 01:54:39,0.301
10147,2019-03-23 01:54:39,0.286
10148,2019-03-23 01:54:40,0.295
10149,2019-03-23 01:54:41,0.299
10150,2019-03-23 01:54:41,0.296
10151,2019-03-23 01:54:41,0.294
10152,2019-03-23 01:54:42,0.294
10153,2019-03-23 01:54:42,0.228
10154,2019-03-23 01:54:42,0.307
10155,2019-03-23 01:54:44,0.291
10156,2019-03-23 01:54:45,0.301
10157,2019-03-23 01:54:45,0.301
10158,2019-03-23 01:54:46,0.299
10159,2019-03-23 01:54:47,0.274
10160,2019-03-23 01:54:47,0.290
10161,2019-03-23 01:54:48,0.213
10162,2019-03-23 01:54:48,0.296
10163,2019-03-23 01:54:48,0.295
10164,2019-03-23 01:54:48,0.295
10165,2019-03-23 01:54:49,0.298
10166,2019-03-23 01:54:49,0.291
10167,2019-03-23 01:54:51,0.292
10168,2019-03-23 01:54:51,0.277
10169,2019-03-23 01:54:51,0.300
10170,2019-03-23 01:54:52,0.291
10171,2019-03-23 01:54:52,0.292
10172,2019-03-23 01:54:52,0.212
10173,2019-03-23 01:54:52,0.300
10174,2019-03-23 01:54:53,0.304
10175,2019-03-23 01:54:53,0.297
10176,2019-03-23 01:54:53,0.295
10177,2019-03-23 01:54:54,0.310
10178,2019-03-23 01:54:54,0.300
10179,2019-03-23 01:54:55,0.290
10180,2019-03-23 01:54:55,0.300
10181,2019-03-23 01:54:56,0.286
10182,2019-03-23 01:54:56,0.299
10183,2019-03-23 01:54:57,0.308
10184,2019-03-23 01:54:57,0.213
10185,2019-03-23 01:54:57,0.287
10186,2019-03-23 01:54:57,0.291
10187,2019-03-23 01:54:58,0.213
10188,2019-03-23 01:54:58,0.212
10189,2019-03-23 01:54:58,0.295
10190,2019-03-23 01:54:59,0.293
10191,2019-03-23 01:54:59,0.286
10192,2019-03-23 01:55:00,0.309
10193,2019-03-23 01:55:00,0.309
10194,2019-03-23 01:55:00,0.310
10195,2019-03-23 01:55:01,0.295
10196,2019-03-23 01:55:02,0.295
10197,2019-03-23 01:55:02,0.301
10198,2019-03-23 01:55:03,0.208
10199,2019-03-23 01:55:03,0.302
10200,2019-03-23 01:55:03,0.291
10201,2019-03-23 01:55:03,0.283
10202,2019-03-23 01:55:03,0.297
10203,2019-03-23 01:55:04,0.305
10204,2019-03-23 01:55:04,0.291
10205,2019-03-23 01:55:05,0.297
10206,2019-03-23 01:55:06,0.296
10207,2019-03-23 01:55:06,0.302
10208,2019-03-23 01:55:06,0.306
10209,2019-03-23 01:55:06,0.298
10210,2019-03-23 01:55:07,0.293
10211,2019-03-23 01:55:08,0.297
10212,2019-03-23 01:55:09,0.308
10213,2019-03-23 01:55:09,0.304
10214,2019-03-23 01:55:10,0.212
10215,2019-03-23 01:55:10,0.212
10216,2019-03-23 01:55:10,0.300
10217,2019-03-23 01:55:11,0.284
10218,2019-03-23 01:55:11,0.302
10219,2019-03-23 01:55:12,0.298
10220,2019-03-23 01:55:12,0.315
10221,2019-03-23 01:55:13,0.299
10222,2019-03-23 01:55:13,0.296
10223,2019-03-23 01:55:13,0.292
10224,2019-03-23 01:55:13,0.292
10225,2019-03-23 01:55:14,0.293
10226,2019-03-23 01:55:15,0.292
10227,2019-03-23 01:55:15,0.301
10228,2019-03-23 01:55:16,0.302
10229,2019-03-23 01:55:18,0.299
10230,2019-03-23 01:55:18,0.288
10231,2019-03-23 01:55:19,0.297
10232,2019-03-23 01:55:20,0.305
10233,2019-03-23 01:55:20,0.281
10234,2019-03-23 01:55:20,0.293
10235,2019-03-23 01:55:20,0.287
10236,2019-03-23 01:55:22,0.320
10237,2019-03-23 01:55:22,0.297
10238,2019-03-23 01:55:23,0.307
10239,2019-03-23 01:55:24,0.298
10240,2019-03-23 01:55:24,0.309
10241,2019-03-23 01:55:25,0.297
10242,2019-03-23 01:55:25,0.306
10243,2019-03-23 01:55:25,0.292
10244,2019-03-23 01:55:26,0.293
10245,2019-03-23 01:55:26,0.292
10246,2019-03-23 01:55:26,0.292
10247,2019-03-23 01:55:27,0.300
10248,2019-03-23 01:55:27,0.290
10249,2019-03-23 01:55:29,0.287
10250,2019-03-23 01:55:29,0.294
10251,2019-03-23 01:55:29,0.292
10252,2019-03-23 01:55:29,0.287
10253,2019-03-23 01:55:30,0.296
10254,2019-03-23 01:55:30,0.277
10255,2019-03-23 01:55:30,0.300
10256,2019-03-23 01:55:30,0.297
10257,2019-03-23 01:55:32,0.300
10258,2019-03-23 01:55:32,0.283
10259,2019-03-23 01:55:32,0.286
10260,2019-03-23 01:55:33,0.294
10261,2019-03-23 01:55:33,0.303
10262,2019-03-23 01:55:33,0.277
10263,2019-03-23 01:55:35,0.302
10264,2019-03-23 01:55:35,0.214
10265,2019-03-23 01:55:35,0.213
10266,2019-03-23 01:55:36,0.297
10267,2019-03-23 01:55:37,0.303
10268,2019-03-23 01:55:38,0.290
10269,2019-03-23 01:55:38,0.307
10270,2019-03-23 01:55:38,0.300
10271,2019-03-23 01:55:39,0.297
10272,2019-03-23 01:55:39,0.292
10273,2019-03-23 01:55:39,0.289
10274,2019-03-23 01:55:40,0.292
10275,2019-03-23 01:55:40,0.213
10276,2019-03-23 01:55:40,0.295
10277,2019-03-23 01:55:41,0.297
10278,2019-03-23 01:55:41,0.289
10279,2019-03-23 01:55:41,0.300
10280,2019-03-23 01:55:41,0.397
10281,2019-03-23 01:55:41,0.301
10282,2019-03-23 01:55:42,0.307
10283,2019-03-23 01:55:43,0.298
10284,2019-03-23 01:55:44,0.348
10285,2019-03-23 01:55:44,0.290
10286,2019-03-23 01:55:45,0.213
10287,2019-03-23 01:55:46,0.299
10288,2019-03-23 01:55:46,0.304
10289,2019-03-23 01:55:46,0.296
10290,2019-03-23 01:55:47,0.299
10291,2019-03-23 01:55:48,0.293
10292,2019-03-23 01:55:48,0.303
10293,2019-03-23 01:55:48,0.292
10294,2019-03-23 01:55:49,0.296
10295,2019-03-23 01:55:50,0.302
10296,2019-03-23 01:55:50,0.300
10297,2019-03-23 01:55:50,0.301
10298,2019-03-23 01:55:53,0.288
10299,2019-03-23 01:55:54,0.304
10300,2019-03-23 01:55:54,0.292
10301,2019-03-23 01:55:54,0.297
10302,2019-03-23 01:55:56,0.288
10303,2019-03-23 01:55:56,0.305
10304,2019-03-23 01:55:56,0.300
10305,2019-03-23 01:55:57,0.297
10306,2019-03-23 01:55:57,0.305
10307,2019-03-23 01:55:58,0.311
10308,2019-03-23 01:55:58,0.301
10309,2019-03-23 01:55:58,0.286
10310,2019-03-23 01:55:59,0.301
10311,2019-03-23 01:55:59,0.316
10312,2019-03-23 01:56:00,0.280
10313,2019-03-23 01:56:00,0.289
10314,2019-03-23 01:56:01,0.299
10315,2019-03-23 01:56:01,0.290
10316,2019-03-23 01:56:01,0.281
10317,2019-03-23 01:56:01,0.297
10318,2019-03-23 01:56:03,0.297
10319,2019-03-23 01:56:03,0.297
10320,2019-03-23 01:56:04,0.292
10321,2019-03-23 01:56:05,0.295
10322,2019-03-23 01:56:05,0.298
10323,2019-03-23 01:56:06,0.280
10324,2019-03-23 01:56:06,0.290
10325,2019-03-23 01:56:06,0.294
10326,2019-03-23 01:56:06,0.300
10327,2019-03-23 01:56:08,0.209
10328,2019-03-23 01:56:08,0.296
10329,2019-03-23 01:56:09,0.297
10330,2019-03-23 01:56:09,0.287
10331,2019-03-23 01:56:09,0.300
10332,2019-03-23 01:56:09,0.297
10333,2019-03-23 01:56:10,0.298
10334,2019-03-23 01:56:10,0.297
10335,2019-03-23 01:56:10,0.303
10336,2019-03-23 01:56:11,0.213
10337,2019-03-23 01:56:11,0.311
10338,2019-03-23 01:56:12,0.286
10339,2019-03-23 01:56:12,0.307
10340,2019-03-23 01:56:12,0.287
10341,2019-03-23 01:56:13,0.297
10342,2019-03-23 01:56:13,0.296
10343,2019-03-23 01:56:13,0.289
10344,2019-03-23 01:56:14,0.292
10345,2019-03-23 01:56:14,0.292
10346,2019-03-23 01:56:15,0.293
10347,2019-03-23 01:56:15,0.292
10348,2019-03-23 01:56:15,0.300
10349,2019-03-23 01:56:16,0.298
10350,2019-03-23 01:56:17,0.292
10351,2019-03-23 01:56:17,0.297
10352,2019-03-23 01:56:17,0.283
10353,2019-03-23 01:56:18,0.299
10354,2019-03-23 01:56:18,0.301
10355,2019-03-23 01:56:19,0.307
10356,2019-03-23 01:56:20,0.297
10357,2019-03-23 01:56:20,0.302
10358,2019-03-23 01:56:21,0.289
10359,2019-03-23 01:56:21,0.304
10360,2019-03-23 01:56:21,0.284
10361,2019-03-23 01:56:21,0.334
10362,2019-03-23 01:56:22,0.311
10363,2019-03-23 01:56:22,0.309
10364,2019-03-23 01:56:23,0.305
10365,2019-03-23 01:56:23,0.302
10366,2019-03-23 01:56:23,0.297
10367,2019-03-23 01:56:23,0.315
10368,2019-03-23 01:56:24,0.310
10369,2019-03-23 01:56:24,0.214
10370,2019-03-23 01:56:24,0.312
10371,2019-03-23 01:56:25,0.303
10372,2019-03-23 01:56:26,0.300
10373,2019-03-23 01:56:27,0.290
10374,2019-03-23 01:56:28,0.309
10375,2019-03-23 01:56:28,0.302
10376,2019-03-23 01:56:29,0.302
10377,2019-03-23 01:56:29,0.308
10378,2019-03-23 01:56:30,0.304
10379,2019-03-23 01:56:31,0.297
10380,2019-03-23 01:56:32,0.300
10381,2019-03-23 01:56:32,0.309
10382,2019-03-23 01:56:33,0.301
10383,2019-03-23 01:56:33,0.305
10384,2019-03-23 01:56:33,0.303
10385,2019-03-23 01:56:34,0.302
10386,2019-03-23 01:56:34,0.296
10387,2019-03-23 01:56:34,0.306
10388,2019-03-23 01:56:34,0.290
10389,2019-03-23 01:56:35,0.290
10390,2019-03-23 01:56:35,0.294
10391,2019-03-23 01:56:36,0.303
10392,2019-03-23 01:56:36,0.310
10393,2019-03-23 01:56:37,0.305
10394,2019-03-23 01:56:37,0.299
10395,2019-03-23 01:56:37,0.292
10396,2019-03-23 01:56:38,0.299
10397,2019-03-23 01:56:38,0.304
10398,2019-03-23 01:56:39,0.300
10399,2019-03-23 01:56:39,0.301
10400,2019-03-23 01:56:39,0.212
10401,2019-03-23 01:56:39,0.301
10402,2019-03-23 01:56:40,0.306
10403,2019-03-23 01:56:40,0.298
10404,2019-03-23 01:56:41,0.300
10405,2019-03-23 01:56:42,0.292
10406,2019-03-23 01:56:43,0.368
10407,2019-03-23 01:56:43,0.299
10408,2019-03-23 01:56:44,0.303
10409,2019-03-23 01:56:45,0.303
10410,2019-03-23 01:56:45,0.213
10411,2019-03-23 01:56:46,0.319
10412,2019-03-23 01:56:46,0.281
10413,2019-03-23 01:56:47,0.295
10414,2019-03-23 01:56:47,0.302
10415,2019-03-23 01:56:48,0.311
10416,2019-03-23 01:56:48,0.299
10417,2019-03-23 01:56:49,0.302
10418,2019-03-23 01:56:49,0.282
10419,2019-03-23 01:56:49,0.302
10420,2019-03-23 01:56:52,0.298
10421,2019-03-23 01:56:52,0.296
10422,2019-03-23 01:56:53,0.386
10423,2019-03-23 01:56:54,0.315
10424,2019-03-23 01:56:54,0.298
10425,2019-03-23 01:56:55,0.317
10426,2019-03-23 01:56:55,0.299
10427,2019-03-23 01:56:56,0.313
10428,2019-03-23 01:56:56,0.308
10429,2019-03-23 01:56:56,0.304
10430,2019-03-23 01:56:57,0.300
10431,2019-03-23 01:56:57,0.302
10432,2019-03-23 01:56:57,0.212
10433,2019-03-23 01:56:57,0.278
10434,2019-03-23 01:56:58,0.274
10435,2019-03-23 01:56:58,0.294
10436,2019-03-23 01:56:58,0.300
10437,2019-03-23 01:56:59,0.296
10438,2019-03-23 01:56:59,0.332
10439,2019-03-23 01:56:59,0.313
10440,2019-03-23 01:57:00,0.307
10441,2019-03-23 01:57:00,0.298
10442,2019-03-23 01:57:00,0.293
10443,2019-03-23 01:57:01,0.305
10444,2019-03-23 01:59:47,0.302
10445,2019-03-23 01:59:47,0.293
10446,2019-03-23 01:59:47,0.295
10447,2019-03-23 01:59:47,0.288
10448,2019-03-23 01:59:47,0.296
10449,2019-03-23 01:59:48,0.288
10450,2019-03-23 01:59:48,0.297
10451,2019-03-23 01:59:48,0.301
10452,2019-03-23 01:59:48,0.214
10453,2019-03-23 01:59:48,0.286
10454,2019-03-23 01:59:49,0.292
10455,2019-03-23 01:59:49,0.286
10456,2019-03-23 01:59:49,0.294
10457,2019-03-23 01:59:49,0.283
10458,2019-03-23 01:59:49,0.294
10459,2019-03-23 01:59:50,0.302
10460,2019-03-23 01:59:50,0.212
10461,2019-03-23 01:59:50,0.288
10462,2019-03-23 01:59:50,0.306
10463,2019-03-23 01:59:50,0.299
10464,2019-03-23 01:59:51,0.306
10465,2019-03-23 01:59:51,0.287
10466,2019-03-23 01:59:52,0.286
10467,2019-03-23 01:59:52,0.287
10468,2019-03-23 01:59:52,0.307
10469,2019-03-23 01:59:52,0.291
10470,2019-03-23 01:59:52,0.302
10471,2019-03-23 01:59:52,0.289
10472,2019-03-23 01:59:52,0.294
10473,2019-03-23 01:59:53,0.316
10474,2019-03-23 01:59:53,0.292
10475,2019-03-23 01:59:53,0.294
10476,2019-03-23 01:59:53,0.296
10477,2019-03-23 01:59:54,0.287
10478,2019-03-23 01:59:54,0.273
10479,2019-03-23 01:59:54,0.300
10480,2019-03-23 01:59:55,0.289
10481,2019-03-23 01:59:55,0.295
10482,2019-03-23 01:59:55,0.296
10483,2019-03-23 01:59:55,0.287
10484,2019-03-23 01:59:55,0.287
10485,2019-03-23 01:59:55,0.302
10486,2019-03-23 01:59:55,0.289
10487,2019-03-23 01:59:55,0.282
10488,2019-03-23 01:59:56,0.212
10489,2019-03-23 01:59:56,0.294
10490,2019-03-23 01:59:57,0.299
10491,2019-03-23 01:59:57,0.290
10492,2019-03-23 01:59:57,0.289
10493,2019-03-23 01:59:57,0.288
10494,2019-03-23 01:59:58,0.299
10495,2019-03-23 01:59:58,0.294
10496,2019-03-23 01:59:58,0.288
10497,2019-03-23 01:59:59,0.290
10498,2019-03-23 01:59:59,0.291
10499,2019-03-23 01:59:59,0.284
10500,2019-03-23 01:59:59,0.297
10501,2019-03-23 01:59:59,0.321
10502,2019-03-23 02:00:00,0.292
10503,2019-03-23 02:00:00,0.302
10504,2019-03-23 02:00:00,0.280
10505,2019-03-23 02:00:00,0.294
10506,2019-03-23 02:00:01,0.288
10507,2019-03-23 02:00:01,0.291
10508,2019-03-23 02:00:01,0.291
10509,2019-03-23 02:00:01,0.299
10510,2019-03-23 02:00:02,0.286
10511,2019-03-23 02:00:02,0.284
10512,2019-03-23 02:00:02,0.299
10513,2019-03-23 02:00:03,0.313
10514,2019-03-23 02:00:03,0.285
10515,2019-03-23 02:00:03,0.298
10516,2019-03-23 02:00:03,0.299
10517,2019-03-23 02:00:04,0.289
10518,2019-03-23 02:00:04,0.282
10519,2019-03-23 02:00:04,0.298
10520,2019-03-23 02:00:05,0.274
10521,2019-03-23 02:00:05,0.288
10522,2019-03-23 02:00:05,0.295
10523,2019-03-23 02:00:05,0.294
10524,2019-03-23 02:00:06,0.290
10525,2019-03-23 02:00:06,0.286
10526,2019-03-23 02:00:06,0.292
10527,2019-03-23 02:00:06,0.290
10528,2019-03-23 02:00:07,0.292
10529,2019-03-23 02:00:07,0.293
10530,2019-03-23 02:00:07,0.297
10531,2019-03-23 02:00:08,0.287
10532,2019-03-23 02:00:08,0.287
10533,2019-03-23 02:00:08,0.278
10534,2019-03-23 02:00:09,0.282
10535,2019-03-23 02:00:09,0.294
10536,2019-03-23 02:00:09,0.280
10537,2019-03-23 02:00:10,0.302
10538,2019-03-23 02:00:11,0.294
10539,2019-03-23 02:00:11,0.299
10540,2019-03-23 02:00:11,0.273
10541,2019-03-23 02:00:11,0.295
10542,2019-03-23 02:00:12,0.285
10543,2019-03-23 02:00:12,0.292
10544,2019-03-23 02:00:12,0.319
10545,2019-03-23 02:00:13,0.292
10546,2019-03-23 02:00:13,0.297
10547,2019-03-23 02:00:13,0.299
10548,2019-03-23 02:00:14,0.296
10549,2019-03-23 02:00:16,0.301
10550,2019-03-23 02:00:16,0.297
10551,2019-03-23 02:00:17,0.311
10552,2019-03-23 02:00:17,0.292
10553,2019-03-23 02:00:17,0.304
10554,2019-03-23 02:00:18,0.300
10555,2019-03-23 02:00:19,0.290
10556,2019-03-23 02:00:20,0.282
10557,2019-03-23 02:00:20,0.284
10558,2019-03-23 02:00:20,0.300
10559,2019-03-23 02:00:21,0.266
10560,2019-03-23 02:00:21,0.299
10561,2019-03-23 02:00:21,0.295
10562,2019-03-23 02:00:22,0.267
10563,2019-03-23 02:00:22,0.300
10564,2019-03-23 02:00:23,0.298
10565,2019-03-23 02:00:24,0.309
10566,2019-03-23 02:00:24,0.289
10567,2019-03-23 02:00:25,0.302
10568,2019-03-23 02:00:25,0.283
10569,2019-03-23 02:00:27,0.314
10570,2019-03-23 02:00:27,0.363
10571,2019-03-23 02:00:28,0.290
10572,2019-03-23 02:00:28,0.287
10573,2019-03-23 02:00:28,0.287
10574,2019-03-23 02:00:29,0.295
10575,2019-03-23 02:00:29,0.303
10576,2019-03-23 02:00:30,0.287
10577,2019-03-23 02:00:30,0.307
10578,2019-03-23 02:00:31,0.303
10579,2019-03-23 02:00:31,0.288
10580,2019-03-23 02:00:31,0.301
10581,2019-03-23 02:00:32,0.302
10582,2019-03-23 02:00:32,0.306
10583,2019-03-23 02:00:34,0.298
10584,2019-03-23 02:00:34,0.292
10585,2019-03-23 02:00:35,0.314
10586,2019-03-23 02:00:35,0.308
10587,2019-03-23 02:00:36,0.298
10588,2019-03-23 02:00:37,0.282
10589,2019-03-23 02:00:37,0.304
10590,2019-03-23 02:00:37,0.300
10591,2019-03-23 02:00:38,0.307
10592,2019-03-23 02:00:38,0.305
10593,2019-03-23 02:00:38,0.279
10594,2019-03-23 02:00:39,0.297
10595,2019-03-23 02:00:39,0.291
10596,2019-03-23 02:00:39,0.292
10597,2019-03-23 02:00:40,0.293
10598,2019-03-23 02:00:41,0.264
10599,2019-03-23 02:00:41,0.306
10600,2019-03-23 02:00:43,0.298
10601,2019-03-23 02:00:43,0.301
10602,2019-03-23 02:00:44,0.307
10603,2019-03-23 02:00:44,0.296
10604,2019-03-23 02:00:45,0.295
10605,2019-03-23 02:00:45,0.281
10606,2019-03-23 02:00:46,0.289
10607,2019-03-23 02:00:46,0.286
10608,2019-03-23 02:00:46,0.293
10609,2019-03-23 02:00:46,0.342
10610,2019-03-23 02:00:48,0.299
10611,2019-03-23 02:00:49,0.295
10612,2019-03-23 02:00:51,0.302
10613,2019-03-23 02:00:51,0.295
10614,2019-03-23 02:00:53,0.219
10615,2019-03-23 02:00:53,0.304
10616,2019-03-23 02:00:54,0.297
10617,2019-03-23 02:00:54,0.304
10618,2019-03-23 02:00:55,0.305
10619,2019-03-23 02:00:55,0.307
10620,2019-03-23 02:00:56,0.283
10621,2019-03-23 02:00:56,0.295
10622,2019-03-23 02:00:56,0.289
10623,2019-03-23 02:00:57,0.310
10624,2019-03-23 02:00:59,0.299
10625,2019-03-23 02:00:59,0.297
10626,2019-03-23 02:01:00,0.291
10627,2019-03-23 02:01:01,0.285
10628,2019-03-23 02:01:01,0.303
10629,2019-03-23 02:01:02,0.282
10630,2019-03-23 02:01:03,0.303
10631,2019-03-23 02:01:03,0.287
10632,2019-03-23 02:01:04,0.285
10633,2019-03-23 02:01:04,0.296
10634,2019-03-23 02:01:04,0.296
10635,2019-03-23 02:01:04,0.283
10636,2019-03-23 02:01:05,0.285
10637,2019-03-23 02:01:06,0.291
10638,2019-03-23 02:01:06,0.302
10639,2019-03-23 02:01:07,0.291
10640,2019-03-23 02:01:07,0.315
10641,2019-03-23 02:01:08,0.283
10642,2019-03-23 02:01:08,0.303
10643,2019-03-23 02:01:08,0.284
10644,2019-03-23 02:01:09,0.293
10645,2019-03-23 02:01:10,0.290
10646,2019-03-23 02:01:10,0.281
10647,2019-03-23 02:01:11,0.291
10648,2019-03-23 02:01:13,0.284
10649,2019-03-23 02:01:13,0.297
10650,2019-03-23 02:01:13,0.310
10651,2019-03-23 02:01:14,0.297
10652,2019-03-23 02:01:14,0.295
10653,2019-03-23 02:01:14,0.298
10654,2019-03-23 02:01:15,0.295
10655,2019-03-23 02:01:15,0.292
10656,2019-03-23 02:01:16,0.305
10657,2019-03-23 02:01:16,0.284
10658,2019-03-23 02:01:17,0.304
10659,2019-03-23 02:01:17,0.291
10660,2019-03-23 02:01:17,0.303
10661,2019-03-23 02:01:18,0.305
10662,2019-03-23 02:01:18,0.306
10663,2019-03-23 02:01:18,0.300
10664,2019-03-23 02:01:19,0.302
10665,2019-03-23 02:01:19,0.290
10666,2019-03-23 02:01:20,0.288
10667,2019-03-23 02:01:21,0.295
10668,2019-03-23 02:01:21,0.298
10669,2019-03-23 02:01:21,0.290
10670,2019-03-23 02:01:22,0.293
10671,2019-03-23 02:01:22,0.297
10672,2019-03-23 02:01:24,0.289
10673,2019-03-23 02:01:24,0.291
10674,2019-03-23 02:01:25,0.294
10675,2019-03-23 02:01:25,0.297
10676,2019-03-23 02:01:25,0.294
10677,2019-03-23 02:01:25,0.293
10678,2019-03-23 02:01:27,0.303
10679,2019-03-23 02:01:27,0.306
10680,2019-03-23 02:01:29,0.317
10681,2019-03-23 02:01:29,0.288
10682,2019-03-23 02:01:31,0.293
10683,2019-03-23 02:01:31,0.298
10684,2019-03-23 02:01:31,0.352
10685,2019-03-23 02:01:32,0.296
10686,2019-03-23 02:01:32,0.286
10687,2019-03-23 02:01:33,0.293
10688,2019-03-23 02:01:33,0.300
10689,2019-03-23 02:01:34,0.367
10690,2019-03-23 02:01:34,0.289
10691,2019-03-23 02:01:34,0.300
10692,2019-03-23 02:01:35,0.219
10693,2019-03-23 02:01:35,0.287
10694,2019-03-23 02:01:36,0.284
10695,2019-03-23 02:01:36,0.297
10696,2019-03-23 02:01:36,0.308
10697,2019-03-23 02:01:37,0.307
10698,2019-03-23 02:01:37,0.306
10699,2019-03-23 02:01:38,0.292
10700,2019-03-23 02:01:38,0.301
10701,2019-03-23 02:01:39,0.282
10702,2019-03-23 02:01:39,0.294
10703,2019-03-23 02:01:40,0.293
10704,2019-03-23 02:01:40,0.309
10705,2019-03-23 02:01:40,0.337
10706,2019-03-23 02:01:41,0.293
10707,2019-03-23 02:01:41,0.284
10708,2019-03-23 02:01:41,0.285
10709,2019-03-23 02:01:43,0.293
10710,2019-03-23 02:01:44,0.294
10711,2019-03-23 02:01:45,0.297
10712,2019-03-23 02:01:45,0.299
10713,2019-03-23 02:01:46,0.291
10714,2019-03-23 02:01:46,0.288
10715,2019-03-23 02:01:46,0.374
10716,2019-03-23 02:01:46,0.296
10717,2019-03-23 02:01:47,0.287
10718,2019-03-23 02:01:47,0.296
10719,2019-03-23 02:01:47,0.284
10720,2019-03-23 02:01:48,0.295
10721,2019-03-23 02:01:48,0.300
10722,2019-03-23 02:01:49,0.290
10723,2019-03-23 02:01:49,0.293
10724,2019-03-23 02:01:50,0.302
10725,2019-03-23 02:01:50,0.300
10726,2019-03-23 02:01:50,0.286
10727,2019-03-23 02:01:51,0.297
10728,2019-03-23 02:01:51,0.299
10729,2019-03-23 02:01:52,0.213
10730,2019-03-23 02:01:52,0.291
10731,2019-03-23 02:01:52,0.297
10732,2019-03-23 02:01:53,0.314
10733,2019-03-23 02:01:53,0.267
10734,2019-03-23 02:01:55,0.296
10735,2019-03-23 02:01:56,0.314
10736,2019-03-23 02:01:56,0.298
10737,2019-03-23 02:01:56,0.295
10738,2019-03-23 02:01:57,0.289
10739,2019-03-23 02:01:57,0.298
10740,2019-03-23 02:01:58,0.290
10741,2019-03-23 02:01:58,0.311
10742,2019-03-23 02:01:58,0.298
10743,2019-03-23 02:01:58,0.284
10744,2019-03-23 02:01:58,0.311
10745,2019-03-23 02:01:58,0.291
10746,2019-03-23 02:02:00,0.287
10747,2019-03-23 02:02:01,0.266
10748,2019-03-23 02:02:02,0.291
10749,2019-03-23 02:02:02,0.299
10750,2019-03-23 02:02:03,0.286
10751,2019-03-23 02:02:04,0.293
10752,2019-03-23 02:02:04,0.286
10753,2019-03-23 02:02:05,0.297
10754,2019-03-23 02:02:05,0.294
10755,2019-03-23 02:02:05,0.296
10756,2019-03-23 02:02:05,0.310
10757,2019-03-23 02:02:06,0.313
10758,2019-03-23 02:02:06,0.290
10759,2019-03-23 02:02:06,0.313
10760,2019-03-23 02:02:06,0.294
10761,2019-03-23 02:02:07,0.289
10762,2019-03-23 02:02:07,0.293
10763,2019-03-23 02:02:07,0.295
10764,2019-03-23 02:02:08,0.280
10765,2019-03-23 02:02:08,0.285
10766,2019-03-23 02:02:08,0.278
10767,2019-03-23 02:02:08,0.286
10768,2019-03-23 02:02:09,0.281
10769,2019-03-23 02:02:09,0.283
10770,2019-03-23 02:02:09,0.287
10771,2019-03-23 02:02:09,0.154
10772,2019-03-23 02:02:11,0.299
10773,2019-03-23 02:02:12,0.268
10774,2019-03-23 02:02:12,0.296
10775,2019-03-23 02:02:12,0.300
10776,2019-03-23 02:02:13,0.290
10777,2019-03-23 02:02:13,0.298
10778,2019-03-23 02:02:13,0.292
10779,2019-03-23 02:02:13,0.267
10780,2019-03-23 02:02:13,0.295
10781,2019-03-23 02:02:14,0.312
10782,2019-03-23 02:02:14,0.302
10783,2019-03-23 02:02:15,0.290
10784,2019-03-23 02:02:16,0.290
10785,2019-03-23 02:02:16,0.313
10786,2019-03-23 02:02:16,0.286
10787,2019-03-23 02:02:17,0.296
10788,2019-03-23 02:02:18,0.288
10789,2019-03-23 02:02:18,0.304
10790,2019-03-23 02:02:18,0.299
10791,2019-03-23 02:02:19,0.279
10792,2019-03-23 02:02:19,0.291
10793,2019-03-23 02:02:19,0.296
10794,2019-03-23 02:02:20,0.293
10795,2019-03-23 02:02:21,0.301
10796,2019-03-23 02:02:21,0.304
10797,2019-03-23 02:02:22,0.286
10798,2019-03-23 02:02:22,0.293
10799,2019-03-23 02:02:23,0.298
10800,2019-03-23 02:02:24,0.321
10801,2019-03-23 02:02:24,0.296
10802,2019-03-23 02:02:25,0.295
10803,2019-03-23 02:02:27,0.305
10804,2019-03-23 02:02:28,0.282
10805,2019-03-23 02:02:29,0.295
10806,2019-03-23 02:02:30,0.292
10807,2019-03-23 02:02:31,0.302
10808,2019-03-23 02:02:31,0.305
10809,2019-03-23 02:02:31,0.296
10810,2019-03-23 02:02:31,0.284
10811,2019-03-23 02:02:32,0.294
10812,2019-03-23 02:02:32,0.299
10813,2019-03-23 02:02:33,0.290
10814,2019-03-23 02:02:33,0.282
10815,2019-03-23 02:02:34,0.302
10816,2019-03-23 02:02:35,0.306
10817,2019-03-23 02:02:35,0.299
10818,2019-03-23 02:02:36,0.311
10819,2019-03-23 02:02:37,0.310
10820,2019-03-23 02:02:37,0.283
10821,2019-03-23 02:02:37,0.306
10822,2019-03-23 02:02:37,0.297
10823,2019-03-23 02:02:38,0.300
10824,2019-03-23 02:02:38,0.301
10825,2019-03-23 02:02:38,0.314
10826,2019-03-23 02:02:38,0.292
10827,2019-03-23 02:02:39,0.305
10828,2019-03-23 02:02:39,0.295
10829,2019-03-23 02:02:39,0.292
10830,2019-03-23 02:02:40,0.267
10831,2019-03-23 02:02:42,0.283
10832,2019-03-23 02:02:44,0.309
10833,2019-03-23 02:02:44,0.290
10834,2019-03-23 02:02:44,0.300
10835,2019-03-23 02:02:46,0.289
10836,2019-03-23 02:02:46,0.295
10837,2019-03-23 02:02:48,0.303
10838,2019-03-23 02:02:49,0.272
10839,2019-03-23 02:02:49,0.307
10840,2019-03-23 02:02:49,0.290
10841,2019-03-23 02:02:50,0.293
10842,2019-03-23 02:02:51,0.305
10843,2019-03-23 02:02:51,0.291
10844,2019-03-23 02:02:52,0.285
10845,2019-03-23 02:02:52,0.291
10846,2019-03-23 02:02:53,0.285
10847,2019-03-23 02:02:54,0.294
10848,2019-03-23 02:02:54,0.288
10849,2019-03-23 02:02:54,0.289
10850,2019-03-23 02:02:56,0.303
10851,2019-03-23 02:02:56,0.282
10852,2019-03-23 02:02:57,0.293
10853,2019-03-23 02:02:58,0.292
10854,2019-03-23 02:02:58,0.306
10855,2019-03-23 02:02:58,0.307
10856,2019-03-23 02:02:59,0.288
10857,2019-03-23 02:03:00,0.311
10858,2019-03-23 02:03:02,0.278
10859,2019-03-23 02:03:02,0.289
10860,2019-03-23 02:03:03,0.290
10861,2019-03-23 02:03:03,0.304
10862,2019-03-23 02:03:04,0.291
10863,2019-03-23 02:03:04,0.302
10864,2019-03-23 02:03:04,0.279
10865,2019-03-23 02:03:07,0.297
10866,2019-03-23 02:03:07,0.400
10867,2019-03-23 02:03:08,0.277
10868,2019-03-23 02:03:09,0.297
10869,2019-03-23 02:03:10,0.299
10870,2019-03-23 02:03:10,0.299
10871,2019-03-23 02:03:12,0.281
10872,2019-03-23 02:03:12,0.293
10873,2019-03-23 02:03:12,0.291
10874,2019-03-23 02:03:13,0.295
10875,2019-03-23 02:03:13,0.303
10876,2019-03-23 02:03:14,0.292
10877,2019-03-23 02:03:15,0.297
10878,2019-03-23 02:03:15,0.299
10879,2019-03-23 02:03:15,0.292
10880,2019-03-23 02:03:15,0.295
10881,2019-03-23 02:03:17,0.288
10882,2019-03-23 02:03:17,0.293
10883,2019-03-23 02:03:18,0.293
10884,2019-03-23 02:03:18,0.218
10885,2019-03-23 02:03:18,0.298
10886,2019-03-23 02:03:18,0.304
10887,2019-03-23 02:03:19,0.302
10888,2019-03-23 02:03:19,0.285
10889,2019-03-23 02:03:20,0.283
10890,2019-03-23 02:03:20,0.304
10891,2019-03-23 02:03:21,0.300
10892,2019-03-23 02:03:21,0.282
10893,2019-03-23 02:03:22,0.303
10894,2019-03-23 02:03:22,0.284
10895,2019-03-23 02:03:23,0.295
10896,2019-03-23 02:03:23,0.295
10897,2019-03-23 02:03:24,0.298
10898,2019-03-23 02:03:24,0.297
10899,2019-03-23 02:03:25,0.285
10900,2019-03-23 02:03:25,0.297
10901,2019-03-23 02:03:25,0.306
10902,2019-03-23 02:03:26,0.274
10903,2019-03-23 02:03:26,0.287
10904,2019-03-23 02:03:27,0.302
10905,2019-03-23 02:03:27,0.296
10906,2019-03-23 02:03:28,0.291
10907,2019-03-23 02:03:29,0.285
10908,2019-03-23 02:03:29,0.294
10909,2019-03-23 02:03:30,0.303
10910,2019-03-23 02:03:30,0.297
10911,2019-03-23 02:03:30,0.281
10912,2019-03-23 02:03:31,0.294
10913,2019-03-23 02:03:31,0.297
10914,2019-03-23 02:03:32,0.291
10915,2019-03-23 02:03:32,0.291
10916,2019-03-23 02:03:33,0.305
10917,2019-03-23 02:03:34,0.293
10918,2019-03-23 02:03:35,0.292
10919,2019-03-23 02:03:36,0.307
10920,2019-03-23 02:03:37,0.295
10921,2019-03-23 02:03:38,0.287
10922,2019-03-23 02:03:39,0.284
10923,2019-03-23 02:03:39,0.284
10924,2019-03-23 02:03:39,0.294
10925,2019-03-23 02:03:40,0.295
10926,2019-03-23 02:03:40,0.297
10927,2019-03-23 02:03:41,0.294
10928,2019-03-23 02:03:41,0.267
10929,2019-03-23 02:03:41,0.301
10930,2019-03-23 02:03:41,0.302
10931,2019-03-23 02:03:43,0.309
10932,2019-03-23 02:03:43,0.293
10933,2019-03-23 02:03:43,0.292
10934,2019-03-23 02:03:44,0.285
10935,2019-03-23 02:03:44,0.297
10936,2019-03-23 02:03:45,0.279
10937,2019-03-23 02:03:45,0.281
10938,2019-03-23 02:03:46,0.217
10939,2019-03-23 02:03:46,0.300
10940,2019-03-23 02:03:47,0.298
10941,2019-03-23 02:03:47,0.296
10942,2019-03-23 02:03:48,0.305
10943,2019-03-23 02:03:49,0.278
10944,2019-03-23 02:03:50,0.306
10945,2019-03-23 02:03:51,0.297
10946,2019-03-23 02:03:52,0.297
10947,2019-03-23 02:03:52,0.284
10948,2019-03-23 02:03:53,0.302
10949,2019-03-23 02:03:54,0.220
10950,2019-03-23 02:03:55,0.286
10951,2019-03-23 02:03:55,0.300
10952,2019-03-23 02:03:55,0.299
10953,2019-03-23 02:03:56,0.207
10954,2019-03-23 02:03:56,0.309
10955,2019-03-23 02:03:57,0.301
10956,2019-03-23 02:03:57,0.296
10957,2019-03-23 02:03:57,0.293
10958,2019-03-23 02:03:59,0.296
10959,2019-03-23 02:03:59,0.290
10960,2019-03-23 02:04:00,0.297
10961,2019-03-23 02:04:01,0.304
10962,2019-03-23 02:04:01,0.293
10963,2019-03-23 02:04:03,0.297
10964,2019-03-23 02:04:03,0.301
10965,2019-03-23 02:04:04,0.303
10966,2019-03-23 02:04:04,0.289
10967,2019-03-23 02:04:05,0.296
10968,2019-03-23 02:04:05,0.285
10969,2019-03-23 02:04:06,0.298
10970,2019-03-23 02:04:07,0.291
10971,2019-03-23 02:04:07,0.307
10972,2019-03-23 02:04:08,0.294
10973,2019-03-23 02:04:09,0.287
10974,2019-03-23 02:04:10,0.288
10975,2019-03-23 02:04:10,0.304
10976,2019-03-23 02:04:10,0.318
10977,2019-03-23 02:04:11,0.301
10978,2019-03-23 02:04:11,0.285
10979,2019-03-23 02:04:13,0.298
10980,2019-03-23 02:04:14,0.288
10981,2019-03-23 02:04:14,0.297
10982,2019-03-23 02:04:14,0.302
10983,2019-03-23 02:04:14,0.293
10984,2019-03-23 02:04:15,0.298
10985,2019-03-23 02:04:15,0.304
10986,2019-03-23 02:04:15,0.295
10987,2019-03-23 02:04:16,0.299
10988,2019-03-23 02:04:16,0.294
10989,2019-03-23 02:04:17,0.300
10990,2019-03-23 02:04:17,0.302
10991,2019-03-23 02:04:18,0.296
10992,2019-03-23 02:04:18,0.296
10993,2019-03-23 02:04:19,0.292
10994,2019-03-23 02:04:19,0.298
10995,2019-03-23 02:04:19,0.287
10996,2019-03-23 02:04:19,0.292
10997,2019-03-23 02:04:20,0.291
10998,2019-03-23 02:04:21,0.294
10999,2019-03-23 02:04:21,0.299
11000,2019-03-23 02:04:22,0.302
11001,2019-03-23 02:04:22,0.286
11002,2019-03-23 02:04:23,0.307
11003,2019-03-23 02:04:23,0.301
11004,2019-03-23 02:04:24,0.215
11005,2019-03-23 02:04:24,0.281
11006,2019-03-23 02:04:24,0.295
11007,2019-03-23 02:04:25,0.291
11008,2019-03-23 02:04:25,0.301
11009,2019-03-23 02:04:25,0.304
11010,2019-03-23 02:04:26,0.296
11011,2019-03-23 02:04:26,0.282
11012,2019-03-23 02:04:27,0.305
11013,2019-03-23 02:04:27,0.289
11014,2019-03-23 02:04:29,0.287
11015,2019-03-23 02:04:29,0.292
11016,2019-03-23 02:04:29,0.293
11017,2019-03-23 02:04:30,0.286
11018,2019-03-23 02:04:30,0.291
11019,2019-03-23 02:04:31,0.296
11020,2019-03-23 02:04:32,0.318
11021,2019-03-23 02:04:32,0.294
11022,2019-03-23 02:04:33,0.291
11023,2019-03-23 02:04:34,0.285
11024,2019-03-23 02:04:34,0.286
11025,2019-03-23 02:04:35,0.303
11026,2019-03-23 02:04:36,0.295
11027,2019-03-23 02:04:36,0.291
11028,2019-03-23 02:04:37,0.301
11029,2019-03-23 02:04:37,0.306
11030,2019-03-23 02:04:37,0.295
11031,2019-03-23 02:04:38,0.288
11032,2019-03-23 02:04:39,0.283
11033,2019-03-23 02:04:40,0.309
11034,2019-03-23 02:04:42,0.303
11035,2019-03-23 02:04:43,0.299
11036,2019-03-23 02:04:46,0.294
11037,2019-03-23 02:04:46,0.316
11038,2019-03-23 02:04:47,0.295
11039,2019-03-23 02:04:47,0.292
11040,2019-03-23 02:04:48,0.291
11041,2019-03-23 02:04:48,0.300
11042,2019-03-23 02:04:49,0.298
11043,2019-03-23 02:04:49,0.284
11044,2019-03-23 02:04:49,0.280
11045,2019-03-23 02:04:50,0.295
11046,2019-03-23 02:04:50,0.290
11047,2019-03-23 02:04:51,0.293
11048,2019-03-23 02:04:51,0.289
11049,2019-03-23 02:04:51,0.287
11050,2019-03-23 02:04:52,0.310
11051,2019-03-23 02:04:52,0.291
11052,2019-03-23 02:04:53,0.294
11053,2019-03-23 02:04:56,0.288
11054,2019-03-23 02:04:56,0.291
11055,2019-03-23 02:04:56,0.283
11056,2019-03-23 02:04:57,0.305
11057,2019-03-23 02:04:57,0.285
11058,2019-03-23 02:04:57,0.289
11059,2019-03-23 02:04:57,0.291
11060,2019-03-23 02:04:57,0.305
11061,2019-03-23 02:04:58,0.293
11062,2019-03-23 02:04:58,0.286
11063,2019-03-23 02:04:58,0.301
11064,2019-03-23 02:04:59,0.287
11065,2019-03-23 02:04:59,0.287
11066,2019-03-23 02:04:59,0.297
11067,2019-03-23 02:05:00,0.321
11068,2019-03-23 02:05:01,0.300
11069,2019-03-23 02:05:02,0.307
11070,2019-03-23 02:05:02,0.303
11071,2019-03-23 02:05:02,0.290
11072,2019-03-23 02:05:03,0.286
11073,2019-03-23 02:05:03,0.282
11074,2019-03-23 02:05:03,0.294
11075,2019-03-23 02:05:04,0.293
11076,2019-03-23 02:05:05,0.291
11077,2019-03-23 02:05:05,0.271
11078,2019-03-23 02:05:05,0.298
11079,2019-03-23 02:05:05,0.289
11080,2019-03-23 02:05:07,0.279
11081,2019-03-23 02:05:07,0.287
11082,2019-03-23 02:05:08,0.297
11083,2019-03-23 02:05:08,0.296
11084,2019-03-23 02:05:09,0.306
11085,2019-03-23 02:05:09,0.292
11086,2019-03-23 02:05:10,0.301
11087,2019-03-23 02:05:10,0.309
11088,2019-03-23 02:05:11,0.268
11089,2019-03-23 02:05:11,0.298
11090,2019-03-23 02:05:12,0.287
11091,2019-03-23 02:05:12,0.301
11092,2019-03-23 02:05:12,0.302
11093,2019-03-23 02:05:12,0.299
11094,2019-03-23 02:05:13,0.289
11095,2019-03-23 02:05:14,0.267
11096,2019-03-23 02:05:15,0.283
11097,2019-03-23 02:05:17,0.297
11098,2019-03-23 02:05:17,0.300
11099,2019-03-23 02:05:17,0.298
11100,2019-03-23 02:05:18,0.288
11101,2019-03-23 02:05:18,0.294
11102,2019-03-23 02:05:18,0.293
11103,2019-03-23 02:05:19,0.298
11104,2019-03-23 02:05:19,0.277
11105,2019-03-23 02:05:19,0.306
11106,2019-03-23 02:05:20,0.284
11107,2019-03-23 02:05:20,0.298
11108,2019-03-23 02:05:21,0.299
11109,2019-03-23 02:05:21,0.298
11110,2019-03-23 02:05:23,0.285
11111,2019-03-23 02:05:25,0.303
11112,2019-03-23 02:05:26,0.301
11113,2019-03-23 02:05:26,0.294
11114,2019-03-23 02:05:27,0.293
11115,2019-03-23 02:05:27,0.291
11116,2019-03-23 02:05:28,0.292
11117,2019-03-23 02:05:28,0.289
11118,2019-03-23 02:05:29,0.290
11119,2019-03-23 02:05:30,0.300
11120,2019-03-23 02:05:31,0.298
11121,2019-03-23 02:05:31,0.296
11122,2019-03-23 02:05:33,0.285
11123,2019-03-23 02:05:33,0.318
11124,2019-03-23 02:05:34,0.304
11125,2019-03-23 02:05:34,0.286
11126,2019-03-23 02:05:35,0.282
11127,2019-03-23 02:05:36,0.286
11128,2019-03-23 02:05:36,0.297
11129,2019-03-23 02:05:37,0.300
11130,2019-03-23 02:05:37,0.307
11131,2019-03-23 02:05:37,0.292
11132,2019-03-23 02:05:38,0.283
11133,2019-03-23 02:05:38,0.293
11134,2019-03-23 02:05:38,0.218
11135,2019-03-23 02:05:39,0.297
11136,2019-03-23 02:05:39,0.297
11137,2019-03-23 02:05:39,0.295
11138,2019-03-23 02:05:39,0.278
11139,2019-03-23 02:05:39,0.292
11140,2019-03-23 02:05:40,0.293
11141,2019-03-23 02:05:41,0.288
11142,2019-03-23 02:05:41,0.295
11143,2019-03-23 02:05:41,0.291
11144,2019-03-23 02:05:42,0.284
11145,2019-03-23 02:05:43,0.289
11146,2019-03-23 02:05:43,0.303
11147,2019-03-23 02:05:43,0.302
11148,2019-03-23 02:05:43,0.300
11149,2019-03-23 02:05:44,0.299
11150,2019-03-23 02:05:44,0.303
11151,2019-03-23 02:05:44,0.289
11152,2019-03-23 02:05:45,0.277
11153,2019-03-23 02:05:45,0.290
11154,2019-03-23 02:05:45,0.274
11155,2019-03-23 02:05:45,0.295
11156,2019-03-23 02:05:46,0.296
11157,2019-03-23 02:05:46,0.292
11158,2019-03-23 02:05:47,0.296
11159,2019-03-23 02:05:47,0.300
11160,2019-03-23 02:05:48,0.284
11161,2019-03-23 02:05:48,0.296
11162,2019-03-23 02:05:49,0.279
11163,2019-03-23 02:05:49,0.219
11164,2019-03-23 02:05:49,0.294
11165,2019-03-23 02:05:49,0.289
11166,2019-03-23 02:05:51,0.281
11167,2019-03-23 02:05:51,0.314
11168,2019-03-23 02:05:53,0.297
11169,2019-03-23 02:05:53,0.301
11170,2019-03-23 02:05:54,0.306
11171,2019-03-23 02:05:55,0.297
11172,2019-03-23 02:05:55,0.306
11173,2019-03-23 02:05:56,0.312
11174,2019-03-23 02:05:57,0.306
11175,2019-03-23 02:05:59,0.307
11176,2019-03-23 02:06:00,0.313
11177,2019-03-23 02:06:01,0.289
11178,2019-03-23 02:06:02,0.303
11179,2019-03-23 02:06:02,0.298
11180,2019-03-23 02:06:03,0.286
11181,2019-03-23 02:06:03,0.304
11182,2019-03-23 02:06:04,0.306
11183,2019-03-23 02:06:04,0.306
11184,2019-03-23 02:06:05,0.298
11185,2019-03-23 02:06:06,0.312
11186,2019-03-23 02:06:08,0.304
11187,2019-03-23 02:06:08,0.305
11188,2019-03-23 02:06:08,0.299
11189,2019-03-23 02:06:09,0.313
11190,2019-03-23 02:06:10,0.301
11191,2019-03-23 02:06:10,0.301
11192,2019-03-23 02:06:10,0.292
11193,2019-03-23 02:06:11,0.310
11194,2019-03-23 02:06:11,0.302
11195,2019-03-23 02:06:12,0.301
11196,2019-03-23 02:06:13,0.301
11197,2019-03-23 02:06:13,0.312
11198,2019-03-23 02:06:13,0.301
11199,2019-03-23 02:06:14,0.303
11200,2019-03-23 02:06:14,0.298
11201,2019-03-23 02:06:15,0.303
11202,2019-03-23 02:06:16,0.295
11203,2019-03-23 02:06:17,0.301
11204,2019-03-23 02:06:19,0.375
11205,2019-03-23 02:06:19,0.313
11206,2019-03-23 02:06:19,0.300
11207,2019-03-23 02:06:19,0.306
11208,2019-03-23 02:06:19,0.312
11209,2019-03-23 02:06:20,0.293
11210,2019-03-23 02:06:20,0.292
11211,2019-03-23 02:06:20,0.312
11212,2019-03-23 02:06:21,0.308
11213,2019-03-23 02:06:21,0.310
11214,2019-03-23 02:06:22,0.303
11215,2019-03-23 02:06:22,0.290
11216,2019-03-23 02:06:23,0.301
11217,2019-03-23 02:06:23,0.308
11218,2019-03-23 02:06:25,0.308
11219,2019-03-23 02:06:25,0.292
11220,2019-03-23 02:06:26,0.292
11221,2019-03-23 02:06:27,0.298
11222,2019-03-23 02:06:27,0.299
11223,2019-03-23 02:06:28,0.312
11224,2019-03-23 02:06:29,0.289
11225,2019-03-23 02:06:30,0.300
11226,2019-03-23 02:06:30,0.314
11227,2019-03-23 02:06:30,0.290
11228,2019-03-23 02:06:31,0.220
11229,2019-03-23 02:06:31,0.302
11230,2019-03-23 02:08:49,0.279
11231,2019-03-23 02:08:49,0.289
11232,2019-03-23 02:08:50,0.286
11233,2019-03-23 02:08:50,0.283
11234,2019-03-23 02:08:50,0.298
11235,2019-03-23 02:08:50,0.289
11236,2019-03-23 02:08:51,0.285
11237,2019-03-23 02:08:51,0.292
11238,2019-03-23 02:08:52,0.292
11239,2019-03-23 02:08:52,0.297
11240,2019-03-23 02:08:52,0.290
11241,2019-03-23 02:08:52,0.291
11242,2019-03-23 02:08:53,0.298
11243,2019-03-23 02:08:53,0.290
11244,2019-03-23 02:08:53,0.312
11245,2019-03-23 02:08:53,0.288
11246,2019-03-23 02:08:53,0.297
11247,2019-03-23 02:08:53,0.297
11248,2019-03-23 02:08:53,0.281
11249,2019-03-23 02:08:54,0.288
11250,2019-03-23 02:08:54,0.285
11251,2019-03-23 02:08:54,0.294
11252,2019-03-23 02:08:54,0.283
11253,2019-03-23 02:08:54,0.298
11254,2019-03-23 02:08:54,0.297
11255,2019-03-23 02:08:55,0.283
11256,2019-03-23 02:08:55,0.292
11257,2019-03-23 02:08:55,0.293
11258,2019-03-23 02:08:55,0.292
11259,2019-03-23 02:08:55,0.293
11260,2019-03-23 02:08:55,0.300
11261,2019-03-23 02:08:55,0.296
11262,2019-03-23 02:08:55,0.295
11263,2019-03-23 02:08:56,0.299
11264,2019-03-23 02:08:56,0.282
11265,2019-03-23 02:08:56,0.279
11266,2019-03-23 02:08:56,0.287
11267,2019-03-23 02:08:57,0.283
11268,2019-03-23 02:08:57,0.302
11269,2019-03-23 02:08:57,0.278
11270,2019-03-23 02:08:57,0.280
11271,2019-03-23 02:08:57,0.293
11272,2019-03-23 02:08:57,0.307
11273,2019-03-23 02:08:58,0.287
11274,2019-03-23 02:08:58,0.298
11275,2019-03-23 02:08:58,0.289
11276,2019-03-23 02:08:58,0.297
11277,2019-03-23 02:08:58,0.286
11278,2019-03-23 02:08:58,0.287
11279,2019-03-23 02:08:59,0.288
11280,2019-03-23 02:08:59,0.299
11281,2019-03-23 02:08:59,0.293
11282,2019-03-23 02:08:59,0.306
11283,2019-03-23 02:08:59,0.291
11284,2019-03-23 02:08:59,0.293
11285,2019-03-23 02:09:00,0.291
11286,2019-03-23 02:09:00,0.280
11287,2019-03-23 02:09:00,0.288
11288,2019-03-23 02:09:00,0.288
11289,2019-03-23 02:09:01,0.305
11290,2019-03-23 02:09:01,0.306
11291,2019-03-23 02:09:01,0.295
11292,2019-03-23 02:09:01,0.302
11293,2019-03-23 02:09:02,0.287
11294,2019-03-23 02:09:02,0.291
11295,2019-03-23 02:09:03,0.300
11296,2019-03-23 02:09:03,0.360
11297,2019-03-23 02:09:03,0.214
11298,2019-03-23 02:09:03,0.293
11299,2019-03-23 02:09:03,0.281
11300,2019-03-23 02:09:04,0.288
11301,2019-03-23 02:09:04,0.288
11302,2019-03-23 02:09:05,0.309
11303,2019-03-23 02:09:05,0.279
11304,2019-03-23 02:09:05,0.282
11305,2019-03-23 02:09:06,0.292
11306,2019-03-23 02:09:06,0.296
11307,2019-03-23 02:09:06,0.286
11308,2019-03-23 02:09:06,0.279
11309,2019-03-23 02:09:07,0.287
11310,2019-03-23 02:09:07,0.286
11311,2019-03-23 02:09:07,0.289
11312,2019-03-23 02:09:07,0.300
11313,2019-03-23 02:09:08,0.342
11314,2019-03-23 02:09:08,0.291
11315,2019-03-23 02:09:08,0.281
11316,2019-03-23 02:09:08,0.284
11317,2019-03-23 02:09:09,0.295
11318,2019-03-23 02:09:09,0.295
11319,2019-03-23 02:09:09,0.293
11320,2019-03-23 02:09:09,0.289
11321,2019-03-23 02:09:10,0.303
11322,2019-03-23 02:09:10,0.293
11323,2019-03-23 02:09:11,0.276
11324,2019-03-23 02:09:11,0.292
11325,2019-03-23 02:09:11,0.296
11326,2019-03-23 02:09:11,0.305
11327,2019-03-23 02:09:12,0.294
11328,2019-03-23 02:09:12,0.283
11329,2019-03-23 02:09:12,0.285
11330,2019-03-23 02:09:12,0.299
11331,2019-03-23 02:09:13,0.306
11332,2019-03-23 02:09:13,0.297
11333,2019-03-23 02:09:13,0.291
11334,2019-03-23 02:09:13,0.291
11335,2019-03-23 02:09:13,0.290
11336,2019-03-23 02:09:14,0.289
11337,2019-03-23 02:09:14,0.280
11338,2019-03-23 02:09:14,0.288
11339,2019-03-23 02:09:15,0.298
11340,2019-03-23 02:09:15,0.294
11341,2019-03-23 02:09:15,0.355
11342,2019-03-23 02:09:15,0.279
11343,2019-03-23 02:09:15,0.297
11344,2019-03-23 02:09:15,0.293
11345,2019-03-23 02:09:16,0.296
11346,2019-03-23 02:09:16,0.291
11347,2019-03-23 02:09:16,0.279
11348,2019-03-23 02:09:17,0.293
11349,2019-03-23 02:09:17,0.284
11350,2019-03-23 02:09:17,0.265
11351,2019-03-23 02:09:18,0.287
11352,2019-03-23 02:09:19,0.291
11353,2019-03-23 02:09:19,0.282
11354,2019-03-23 02:09:20,0.297
11355,2019-03-23 02:09:20,0.293
11356,2019-03-23 02:09:20,0.278
11357,2019-03-23 02:09:22,0.286
11358,2019-03-23 02:09:23,0.288
11359,2019-03-23 02:09:24,0.290
11360,2019-03-23 02:09:24,0.281
11361,2019-03-23 02:09:24,0.292
11362,2019-03-23 02:09:25,0.293
11363,2019-03-23 02:09:25,0.282
11364,2019-03-23 02:09:25,0.307
11365,2019-03-23 02:09:26,0.285
11366,2019-03-23 02:09:27,0.293
11367,2019-03-23 02:09:27,0.284
11368,2019-03-23 02:09:28,0.300
11369,2019-03-23 02:09:30,0.287
11370,2019-03-23 02:09:30,0.392
11371,2019-03-23 02:09:31,0.287
11372,2019-03-23 02:09:31,0.293
11373,2019-03-23 02:09:32,0.263
11374,2019-03-23 02:09:32,0.272
11375,2019-03-23 02:09:33,0.281
11376,2019-03-23 02:09:33,0.286
11377,2019-03-23 02:09:34,0.303
11378,2019-03-23 02:09:35,0.284
11379,2019-03-23 02:09:35,0.281
11380,2019-03-23 02:09:36,0.281
11381,2019-03-23 02:09:37,0.289
11382,2019-03-23 02:09:37,0.294
11383,2019-03-23 02:09:38,0.293
11384,2019-03-23 02:09:38,0.304
11385,2019-03-23 02:09:39,0.294
11386,2019-03-23 02:09:39,0.284
11387,2019-03-23 02:09:40,0.213
11388,2019-03-23 02:09:40,0.300
11389,2019-03-23 02:09:41,0.281
11390,2019-03-23 02:09:41,0.290
11391,2019-03-23 02:09:41,0.280
11392,2019-03-23 02:09:41,0.295
11393,2019-03-23 02:09:41,0.292
11394,2019-03-23 02:09:42,0.285
11395,2019-03-23 02:09:42,0.289
11396,2019-03-23 02:09:43,0.293
11397,2019-03-23 02:09:43,0.296
11398,2019-03-23 02:09:43,0.290
11399,2019-03-23 02:09:44,0.286
11400,2019-03-23 02:09:44,0.289
11401,2019-03-23 02:09:44,0.292
11402,2019-03-23 02:09:44,0.290
11403,2019-03-23 02:09:45,0.277
11404,2019-03-23 02:09:45,0.296
11405,2019-03-23 02:09:46,0.293
11406,2019-03-23 02:09:46,0.275
11407,2019-03-23 02:09:46,0.289
11408,2019-03-23 02:09:46,0.319
11409,2019-03-23 02:09:47,0.301
11410,2019-03-23 02:09:48,0.302
11411,2019-03-23 02:09:48,0.297
11412,2019-03-23 02:09:48,0.286
11413,2019-03-23 02:09:48,0.292
11414,2019-03-23 02:09:49,0.300
11415,2019-03-23 02:09:49,0.298
11416,2019-03-23 02:09:50,0.287
11417,2019-03-23 02:09:50,0.314
11418,2019-03-23 02:09:51,0.293
11419,2019-03-23 02:09:52,0.296
11420,2019-03-23 02:09:53,0.308
11421,2019-03-23 02:09:53,0.287
11422,2019-03-23 02:09:54,0.312
11423,2019-03-23 02:09:55,0.286
11424,2019-03-23 02:09:55,0.290
11425,2019-03-23 02:09:56,0.279
11426,2019-03-23 02:09:57,0.261
11427,2019-03-23 02:09:57,0.298
11428,2019-03-23 02:09:57,0.285
11429,2019-03-23 02:09:58,0.285
11430,2019-03-23 02:09:58,0.281
11431,2019-03-23 02:09:59,0.292
11432,2019-03-23 02:09:59,0.299
11433,2019-03-23 02:09:59,0.289
11434,2019-03-23 02:09:59,0.296
11435,2019-03-23 02:10:00,0.302
11436,2019-03-23 02:10:01,0.283
11437,2019-03-23 02:10:02,0.292
11438,2019-03-23 02:10:02,0.295
11439,2019-03-23 02:10:02,0.280
11440,2019-03-23 02:10:05,0.289
11441,2019-03-23 02:10:05,0.296
11442,2019-03-23 02:10:05,0.288
11443,2019-03-23 02:10:05,0.288
11444,2019-03-23 02:10:06,0.290
11445,2019-03-23 02:10:06,0.302
11446,2019-03-23 02:10:06,0.286
11447,2019-03-23 02:10:07,0.290
11448,2019-03-23 02:10:07,0.287
11449,2019-03-23 02:10:08,0.295
11450,2019-03-23 02:10:08,0.263
11451,2019-03-23 02:10:09,0.281
11452,2019-03-23 02:10:10,0.215
11453,2019-03-23 02:10:10,0.293
11454,2019-03-23 02:10:11,0.292
11455,2019-03-23 02:10:11,0.293
11456,2019-03-23 02:10:12,0.289
11457,2019-03-23 02:10:14,0.286
11458,2019-03-23 02:10:14,0.289
11459,2019-03-23 02:10:15,0.288
11460,2019-03-23 02:10:15,0.291
11461,2019-03-23 02:10:16,0.311
11462,2019-03-23 02:10:18,0.296
11463,2019-03-23 02:10:20,0.295
11464,2019-03-23 02:10:20,0.275
11465,2019-03-23 02:10:20,0.301
11466,2019-03-23 02:10:21,0.285
11467,2019-03-23 02:10:21,0.287
11468,2019-03-23 02:10:21,0.282
11469,2019-03-23 02:10:21,0.272
11470,2019-03-23 02:10:22,0.305
11471,2019-03-23 02:10:22,0.321
11472,2019-03-23 02:10:23,0.286
11473,2019-03-23 02:10:23,0.302
11474,2019-03-23 02:10:23,0.296
11475,2019-03-23 02:10:24,0.286
11476,2019-03-23 02:10:25,0.266
11477,2019-03-23 02:10:25,0.291
11478,2019-03-23 02:10:25,0.291
11479,2019-03-23 02:10:26,0.297
11480,2019-03-23 02:10:26,0.292
11481,2019-03-23 02:10:26,0.280
11482,2019-03-23 02:10:27,0.300
11483,2019-03-23 02:10:28,0.294
11484,2019-03-23 02:10:29,0.306
11485,2019-03-23 02:10:30,0.305
11486,2019-03-23 02:10:31,0.292
11487,2019-03-23 02:10:31,0.286
11488,2019-03-23 02:10:31,0.289
11489,2019-03-23 02:10:32,0.288
11490,2019-03-23 02:10:32,0.284
11491,2019-03-23 02:10:32,0.301
11492,2019-03-23 02:10:33,0.294
11493,2019-03-23 02:10:33,0.286
11494,2019-03-23 02:10:33,0.295
11495,2019-03-23 02:10:33,0.290
11496,2019-03-23 02:10:33,0.282
11497,2019-03-23 02:10:34,0.297
11498,2019-03-23 02:10:34,0.295
11499,2019-03-23 02:10:35,0.297
11500,2019-03-23 02:10:36,0.307
11501,2019-03-23 02:10:36,0.289
11502,2019-03-23 02:10:37,0.277
11503,2019-03-23 02:10:37,0.290
11504,2019-03-23 02:10:38,0.296
11505,2019-03-23 02:10:39,0.288
11506,2019-03-23 02:10:39,0.282
11507,2019-03-23 02:10:40,0.284
11508,2019-03-23 02:10:40,0.294
11509,2019-03-23 02:10:41,0.279
11510,2019-03-23 02:10:41,0.273
11511,2019-03-23 02:10:42,0.316
11512,2019-03-23 02:10:43,0.279
11513,2019-03-23 02:10:43,0.287
11514,2019-03-23 02:10:43,0.303
11515,2019-03-23 02:10:43,0.286
11516,2019-03-23 02:10:44,0.278
11517,2019-03-23 02:10:45,0.270
11518,2019-03-23 02:10:45,0.288
11519,2019-03-23 02:10:45,0.282
11520,2019-03-23 02:10:45,0.358
11521,2019-03-23 02:10:46,0.291
11522,2019-03-23 02:10:46,0.289
11523,2019-03-23 02:10:46,0.291
11524,2019-03-23 02:10:46,0.285
11525,2019-03-23 02:10:48,0.296
11526,2019-03-23 02:10:48,0.290
11527,2019-03-23 02:10:49,0.291
11528,2019-03-23 02:10:50,0.303
11529,2019-03-23 02:10:50,0.274
11530,2019-03-23 02:10:50,0.293
11531,2019-03-23 02:10:51,0.286
11532,2019-03-23 02:10:51,0.285
11533,2019-03-23 02:10:51,0.300
11534,2019-03-23 02:10:52,0.305
11535,2019-03-23 02:10:52,0.291
11536,2019-03-23 02:10:53,0.295
11537,2019-03-23 02:10:53,0.284
11538,2019-03-23 02:10:54,0.282
11539,2019-03-23 02:10:54,0.317
11540,2019-03-23 02:10:54,0.284
11541,2019-03-23 02:10:54,0.301
11542,2019-03-23 02:10:55,0.289
11543,2019-03-23 02:10:55,0.292
11544,2019-03-23 02:10:56,0.279
11545,2019-03-23 02:10:56,0.292
11546,2019-03-23 02:10:56,0.296
11547,2019-03-23 02:10:57,0.298
11548,2019-03-23 02:10:57,0.286
11549,2019-03-23 02:10:58,0.304
11550,2019-03-23 02:10:58,0.284
11551,2019-03-23 02:10:59,0.283
11552,2019-03-23 02:11:01,0.298
11553,2019-03-23 02:11:01,0.299
11554,2019-03-23 02:11:02,0.280
11555,2019-03-23 02:11:02,0.299
11556,2019-03-23 02:11:03,0.293
11557,2019-03-23 02:11:03,0.290
11558,2019-03-23 02:11:03,0.280
11559,2019-03-23 02:11:04,0.298
11560,2019-03-23 02:11:04,0.308
11561,2019-03-23 02:11:05,0.289
11562,2019-03-23 02:11:05,0.302
11563,2019-03-23 02:11:05,0.291
11564,2019-03-23 02:11:06,0.286
11565,2019-03-23 02:11:06,0.307
11566,2019-03-23 02:11:06,0.298
11567,2019-03-23 02:11:06,0.293
11568,2019-03-23 02:11:07,0.294
11569,2019-03-23 02:11:07,0.290
11570,2019-03-23 02:11:07,0.297
11571,2019-03-23 02:11:07,0.213
11572,2019-03-23 02:11:08,0.277
11573,2019-03-23 02:11:08,0.289
11574,2019-03-23 02:11:08,0.290
11575,2019-03-23 02:11:09,0.310
11576,2019-03-23 02:11:10,0.280
11577,2019-03-23 02:11:11,0.307
11578,2019-03-23 02:11:11,0.262
11579,2019-03-23 02:11:12,0.286
11580,2019-03-23 02:11:12,0.283
11581,2019-03-23 02:11:13,0.294
11582,2019-03-23 02:11:13,0.290
11583,2019-03-23 02:11:13,0.291
11584,2019-03-23 02:11:13,0.295
11585,2019-03-23 02:11:14,0.213
11586,2019-03-23 02:11:14,0.292
11587,2019-03-23 02:11:14,0.297
11588,2019-03-23 02:11:15,0.272
11589,2019-03-23 02:11:15,0.293
11590,2019-03-23 02:11:16,0.293
11591,2019-03-23 02:11:16,0.292
11592,2019-03-23 02:11:17,0.293
11593,2019-03-23 02:11:17,0.280
11594,2019-03-23 02:11:17,0.274
11595,2019-03-23 02:11:18,0.291
11596,2019-03-23 02:11:18,0.300
11597,2019-03-23 02:11:18,0.285
11598,2019-03-23 02:11:18,0.297
11599,2019-03-23 02:11:18,0.301
11600,2019-03-23 02:11:19,0.294
11601,2019-03-23 02:11:19,0.288
11602,2019-03-23 02:11:19,0.300
11603,2019-03-23 02:11:20,0.294
11604,2019-03-23 02:11:20,0.296
11605,2019-03-23 02:11:20,0.277
11606,2019-03-23 02:11:21,0.304
11607,2019-03-23 02:11:21,0.291
11608,2019-03-23 02:11:21,0.312
11609,2019-03-23 02:11:21,0.287
11610,2019-03-23 02:11:22,0.285
11611,2019-03-23 02:11:22,0.296
11612,2019-03-23 02:11:23,0.295
11613,2019-03-23 02:11:23,0.270
11614,2019-03-23 02:11:24,0.296
11615,2019-03-23 02:11:26,0.286
11616,2019-03-23 02:11:26,0.290
11617,2019-03-23 02:11:27,0.292
11618,2019-03-23 02:11:27,0.286
11619,2019-03-23 02:11:27,0.278
11620,2019-03-23 02:11:28,0.293
11621,2019-03-23 02:11:28,0.282
11622,2019-03-23 02:11:29,0.298
11623,2019-03-23 02:11:30,0.214
11624,2019-03-23 02:11:30,0.296
11625,2019-03-23 02:11:31,0.292
11626,2019-03-23 02:11:31,0.294
11627,2019-03-23 02:11:32,0.299
11628,2019-03-23 02:11:32,0.275
11629,2019-03-23 02:11:33,0.286
11630,2019-03-23 02:11:34,0.277
11631,2019-03-23 02:11:35,0.284
11632,2019-03-23 02:11:35,0.291
11633,2019-03-23 02:11:36,0.301
11634,2019-03-23 02:11:36,0.289
11635,2019-03-23 02:11:37,0.310
11636,2019-03-23 02:11:37,0.212
11637,2019-03-23 02:11:38,0.296
11638,2019-03-23 02:11:38,0.283
11639,2019-03-23 02:11:39,0.312
11640,2019-03-23 02:11:39,0.297
11641,2019-03-23 02:11:40,0.295
11642,2019-03-23 02:11:40,0.292
11643,2019-03-23 02:11:42,0.291
11644,2019-03-23 02:11:42,0.293
11645,2019-03-23 02:11:43,0.290
11646,2019-03-23 02:11:43,0.301
11647,2019-03-23 02:11:44,0.282
11648,2019-03-23 02:11:45,0.285
11649,2019-03-23 02:11:46,0.266
11650,2019-03-23 02:11:47,0.285
11651,2019-03-23 02:11:47,0.291
11652,2019-03-23 02:11:48,0.296
11653,2019-03-23 02:11:49,0.295
11654,2019-03-23 02:11:49,0.307
11655,2019-03-23 02:11:49,0.299
11656,2019-03-23 02:11:50,0.296
11657,2019-03-23 02:11:50,0.292
11658,2019-03-23 02:11:51,0.286
11659,2019-03-23 02:11:52,0.299
11660,2019-03-23 02:11:52,0.272
11661,2019-03-23 02:11:53,0.292
11662,2019-03-23 02:11:54,0.297
11663,2019-03-23 02:11:54,0.289
11664,2019-03-23 02:11:54,0.279
11665,2019-03-23 02:11:55,0.291
11666,2019-03-23 02:11:55,0.288
11667,2019-03-23 02:11:55,0.279
11668,2019-03-23 02:11:57,0.289
11669,2019-03-23 02:11:58,0.284
11670,2019-03-23 02:11:58,0.319
11671,2019-03-23 02:11:58,0.307
11672,2019-03-23 02:11:58,0.298
11673,2019-03-23 02:11:59,0.213
11674,2019-03-23 02:11:59,0.288
11675,2019-03-23 02:12:00,0.292
11676,2019-03-23 02:12:01,0.283
11677,2019-03-23 02:12:02,0.288
11678,2019-03-23 02:12:02,0.286
11679,2019-03-23 02:12:03,0.294
11680,2019-03-23 02:12:03,0.284
11681,2019-03-23 02:12:03,0.292
11682,2019-03-23 02:12:03,0.289
11683,2019-03-23 02:12:04,0.279
11684,2019-03-23 02:12:05,0.280
11685,2019-03-23 02:12:06,0.288
11686,2019-03-23 02:12:07,0.290
11687,2019-03-23 02:12:08,0.306
11688,2019-03-23 02:12:08,0.292
11689,2019-03-23 02:12:08,0.288
11690,2019-03-23 02:12:08,0.298
11691,2019-03-23 02:12:09,0.295
11692,2019-03-23 02:12:10,0.280
11693,2019-03-23 02:12:11,0.288
11694,2019-03-23 02:12:11,0.295
11695,2019-03-23 02:12:11,0.283
11696,2019-03-23 02:12:12,0.292
11697,2019-03-23 02:12:13,0.298
11698,2019-03-23 02:12:14,0.283
11699,2019-03-23 02:12:15,0.290
11700,2019-03-23 02:12:15,0.286
11701,2019-03-23 02:12:16,0.298
11702,2019-03-23 02:12:16,0.318
11703,2019-03-23 02:12:16,0.299
11704,2019-03-23 02:12:17,0.284
11705,2019-03-23 02:12:17,0.284
11706,2019-03-23 02:12:18,0.281
11707,2019-03-23 02:12:18,0.306
11708,2019-03-23 02:12:18,0.297
11709,2019-03-23 02:12:19,0.310
11710,2019-03-23 02:12:20,0.303
11711,2019-03-23 02:12:20,0.280
11712,2019-03-23 02:12:20,0.279
11713,2019-03-23 02:12:21,0.286
11714,2019-03-23 02:12:22,0.275
11715,2019-03-23 02:12:22,0.295
11716,2019-03-23 02:12:23,0.303
11717,2019-03-23 02:12:23,0.284
11718,2019-03-23 02:12:23,0.278
11719,2019-03-23 02:12:24,0.301
11720,2019-03-23 02:12:24,0.287
11721,2019-03-23 02:12:25,0.288
11722,2019-03-23 02:12:25,0.289
11723,2019-03-23 02:12:26,0.291
11724,2019-03-23 02:12:26,0.294
11725,2019-03-23 02:12:26,0.307
11726,2019-03-23 02:12:27,0.290
11727,2019-03-23 02:12:27,0.293
11728,2019-03-23 02:12:27,0.278
11729,2019-03-23 02:12:28,0.288
11730,2019-03-23 02:12:28,0.287
11731,2019-03-23 02:12:29,0.300
11732,2019-03-23 02:12:29,0.291
11733,2019-03-23 02:12:30,0.303
11734,2019-03-23 02:12:30,0.294
11735,2019-03-23 02:12:30,0.397
11736,2019-03-23 02:12:31,0.295
11737,2019-03-23 02:12:31,0.292
11738,2019-03-23 02:12:32,0.286
11739,2019-03-23 02:12:32,0.294
11740,2019-03-23 02:12:32,0.292
11741,2019-03-23 02:12:33,0.292
11742,2019-03-23 02:12:34,0.284
11743,2019-03-23 02:12:35,0.286
11744,2019-03-23 02:12:35,0.290
11745,2019-03-23 02:12:36,0.293
11746,2019-03-23 02:12:36,0.308
11747,2019-03-23 02:12:36,0.305
11748,2019-03-23 02:12:36,0.274
11749,2019-03-23 02:12:38,0.296
11750,2019-03-23 02:12:38,0.291
11751,2019-03-23 02:12:39,0.286
11752,2019-03-23 02:12:41,0.304
11753,2019-03-23 02:12:41,0.291
11754,2019-03-23 02:12:41,0.306
11755,2019-03-23 02:12:41,0.286
11756,2019-03-23 02:12:42,0.292
11757,2019-03-23 02:12:42,0.285
11758,2019-03-23 02:12:42,0.297
11759,2019-03-23 02:12:43,0.298
11760,2019-03-23 02:12:43,0.285
11761,2019-03-23 02:12:43,0.284
11762,2019-03-23 02:12:44,0.289
11763,2019-03-23 02:12:45,0.294
11764,2019-03-23 02:12:46,0.290
11765,2019-03-23 02:12:46,0.289
11766,2019-03-23 02:12:47,0.312
11767,2019-03-23 02:12:48,0.288
11768,2019-03-23 02:12:49,0.275
11769,2019-03-23 02:12:50,0.302
11770,2019-03-23 02:12:53,0.281
11771,2019-03-23 02:12:53,0.293
11772,2019-03-23 02:12:53,0.317
11773,2019-03-23 02:12:54,0.296
11774,2019-03-23 02:12:54,0.289
11775,2019-03-23 02:12:54,0.297
11776,2019-03-23 02:12:55,0.293
11777,2019-03-23 02:12:55,0.286
11778,2019-03-23 02:12:55,0.284
11779,2019-03-23 02:12:56,0.282
11780,2019-03-23 02:12:57,0.311
11781,2019-03-23 02:12:57,0.302
11782,2019-03-23 02:12:58,0.291
11783,2019-03-23 02:12:58,0.280
11784,2019-03-23 02:12:58,0.298
11785,2019-03-23 02:12:58,0.278
11786,2019-03-23 02:13:00,0.299
11787,2019-03-23 02:13:00,0.289
11788,2019-03-23 02:13:00,0.282
11789,2019-03-23 02:13:01,0.305
11790,2019-03-23 02:13:03,0.297
11791,2019-03-23 02:13:03,0.295
11792,2019-03-23 02:13:05,0.296
11793,2019-03-23 02:13:05,0.290
11794,2019-03-23 02:13:06,0.302
11795,2019-03-23 02:13:06,0.290
11796,2019-03-23 02:13:06,0.278
11797,2019-03-23 02:13:07,0.295
11798,2019-03-23 02:13:08,0.282
11799,2019-03-23 02:13:08,0.287
11800,2019-03-23 02:13:09,0.273
11801,2019-03-23 02:13:09,0.283
11802,2019-03-23 02:13:10,0.295
11803,2019-03-23 02:13:10,0.293
11804,2019-03-23 02:13:11,0.271
11805,2019-03-23 02:13:13,0.297
11806,2019-03-23 02:13:13,0.290
11807,2019-03-23 02:13:13,0.281
11808,2019-03-23 02:13:13,0.294
11809,2019-03-23 02:13:14,0.286
11810,2019-03-23 02:13:14,0.278
11811,2019-03-23 02:13:14,0.303
11812,2019-03-23 02:13:15,0.287
11813,2019-03-23 02:13:15,0.209
11814,2019-03-23 02:13:16,0.298
11815,2019-03-23 02:13:16,0.290
11816,2019-03-23 02:13:16,0.265
11817,2019-03-23 02:13:17,0.287
11818,2019-03-23 02:13:17,0.294
11819,2019-03-23 02:13:18,0.285
11820,2019-03-23 02:13:18,0.284
11821,2019-03-23 02:13:20,0.296
11822,2019-03-23 02:13:20,0.288
11823,2019-03-23 02:13:21,0.287
11824,2019-03-23 02:13:21,0.299
11825,2019-03-23 02:13:21,0.300
11826,2019-03-23 02:13:22,0.298
11827,2019-03-23 02:13:23,0.279
11828,2019-03-23 02:13:23,0.293
11829,2019-03-23 02:13:23,0.295
11830,2019-03-23 02:13:23,0.302
11831,2019-03-23 02:13:23,0.212
11832,2019-03-23 02:13:23,0.298
11833,2019-03-23 02:13:24,0.289
11834,2019-03-23 02:13:24,0.293
11835,2019-03-23 02:13:24,0.294
11836,2019-03-23 02:13:25,0.283
11837,2019-03-23 02:13:25,0.296
11838,2019-03-23 02:13:25,0.288
11839,2019-03-23 02:13:25,0.292
11840,2019-03-23 02:13:26,0.291
11841,2019-03-23 02:13:26,0.295
11842,2019-03-23 02:13:26,0.283
11843,2019-03-23 02:13:27,0.283
11844,2019-03-23 02:13:28,0.300
11845,2019-03-23 02:13:28,0.296
11846,2019-03-23 02:13:29,0.289
11847,2019-03-23 02:13:30,0.288
11848,2019-03-23 02:13:30,0.293
11849,2019-03-23 02:13:31,0.303
11850,2019-03-23 02:13:31,0.214
11851,2019-03-23 02:13:32,0.298
11852,2019-03-23 02:13:32,0.297
11853,2019-03-23 02:13:32,0.310
11854,2019-03-23 02:13:32,0.300
11855,2019-03-23 02:13:33,0.291
11856,2019-03-23 02:13:34,0.287
11857,2019-03-23 02:13:35,0.292
11858,2019-03-23 02:13:36,0.296
11859,2019-03-23 02:13:37,0.337
11860,2019-03-23 02:13:37,0.280
11861,2019-03-23 02:13:38,0.291
11862,2019-03-23 02:13:38,0.284
11863,2019-03-23 02:13:39,0.292
11864,2019-03-23 02:13:40,0.291
11865,2019-03-23 02:13:40,0.274
11866,2019-03-23 02:13:40,0.285
11867,2019-03-23 02:13:41,0.291
11868,2019-03-23 02:13:41,0.306
11869,2019-03-23 02:13:41,0.279
11870,2019-03-23 02:13:42,0.292
11871,2019-03-23 02:13:42,0.290
11872,2019-03-23 02:13:43,0.298
11873,2019-03-23 02:13:43,0.279
11874,2019-03-23 02:13:44,0.289
11875,2019-03-23 02:13:44,0.294
11876,2019-03-23 02:13:46,0.302
11877,2019-03-23 02:13:47,0.284
11878,2019-03-23 02:13:47,0.289
11879,2019-03-23 02:13:48,0.292
11880,2019-03-23 02:13:48,0.287
11881,2019-03-23 02:13:49,0.279
11882,2019-03-23 02:13:50,0.294
11883,2019-03-23 02:13:50,0.311
11884,2019-03-23 02:13:52,0.295
11885,2019-03-23 02:13:53,0.289
11886,2019-03-23 02:13:53,0.289
11887,2019-03-23 02:13:53,0.287
11888,2019-03-23 02:13:55,0.294
11889,2019-03-23 02:13:56,0.270
11890,2019-03-23 02:13:56,0.277
11891,2019-03-23 02:13:57,0.287
11892,2019-03-23 02:13:58,0.287
11893,2019-03-23 02:13:58,0.293
11894,2019-03-23 02:13:59,0.289
11895,2019-03-23 02:13:59,0.283
11896,2019-03-23 02:14:00,0.286
11897,2019-03-23 02:14:00,0.292
11898,2019-03-23 02:14:01,0.282
11899,2019-03-23 02:14:01,0.300
11900,2019-03-23 02:14:03,0.290
11901,2019-03-23 02:14:03,0.292
11902,2019-03-23 02:14:04,0.285
11903,2019-03-23 02:14:04,0.279
11904,2019-03-23 02:14:05,0.290
11905,2019-03-23 02:14:05,0.280
11906,2019-03-23 02:14:06,0.293
11907,2019-03-23 02:14:06,0.273
11908,2019-03-23 02:14:06,0.278
11909,2019-03-23 02:14:07,0.290
11910,2019-03-23 02:14:07,0.294
11911,2019-03-23 02:14:08,0.296
11912,2019-03-23 02:14:08,0.294
11913,2019-03-23 02:14:08,0.291
11914,2019-03-23 02:14:09,0.292
11915,2019-03-23 02:14:09,0.280
11916,2019-03-23 02:14:10,0.299
11917,2019-03-23 02:14:10,0.290
11918,2019-03-23 02:14:11,0.288
11919,2019-03-23 02:14:13,0.291
11920,2019-03-23 02:14:13,0.292
11921,2019-03-23 02:14:15,0.285
11922,2019-03-23 02:14:15,0.306
11923,2019-03-23 02:14:16,0.293
11924,2019-03-23 02:14:16,0.290
11925,2019-03-23 02:14:16,0.275
11926,2019-03-23 02:14:17,0.299
11927,2019-03-23 02:14:17,0.301
11928,2019-03-23 02:14:17,0.288
11929,2019-03-23 02:14:17,0.293
11930,2019-03-23 02:14:18,0.295
11931,2019-03-23 02:14:18,0.311
11932,2019-03-23 02:14:19,0.301
11933,2019-03-23 02:14:19,0.402
11934,2019-03-23 02:14:20,0.282
11935,2019-03-23 02:14:21,0.306
11936,2019-03-23 02:14:22,0.283
11937,2019-03-23 02:14:22,0.297
11938,2019-03-23 02:14:22,0.298
11939,2019-03-23 02:14:22,0.289
11940,2019-03-23 02:14:23,0.295
11941,2019-03-23 02:14:23,0.290
11942,2019-03-23 02:14:24,0.313
11943,2019-03-23 02:14:24,0.295
11944,2019-03-23 02:14:24,0.305
11945,2019-03-23 02:14:24,0.292
11946,2019-03-23 02:14:25,0.296
11947,2019-03-23 02:14:25,0.284
11948,2019-03-23 02:14:25,0.284
11949,2019-03-23 02:14:26,0.288
11950,2019-03-23 02:14:27,0.289
11951,2019-03-23 02:14:27,0.279
11952,2019-03-23 02:14:28,0.291
11953,2019-03-23 02:14:28,0.282
11954,2019-03-23 02:14:29,0.286
11955,2019-03-23 02:14:30,0.297
11956,2019-03-23 02:14:30,0.299
11957,2019-03-23 02:14:31,0.288
11958,2019-03-23 02:14:31,0.286
11959,2019-03-23 02:14:32,0.285
11960,2019-03-23 02:14:32,0.291
11961,2019-03-23 02:14:33,0.284
11962,2019-03-23 02:14:33,0.283
11963,2019-03-23 02:14:34,0.296
11964,2019-03-23 02:14:34,0.285
11965,2019-03-23 02:14:35,0.292
11966,2019-03-23 02:14:35,0.287
11967,2019-03-23 02:14:38,0.276
11968,2019-03-23 02:14:40,0.304
11969,2019-03-23 02:14:41,0.279
11970,2019-03-23 02:14:41,0.291
11971,2019-03-23 02:14:42,0.288
11972,2019-03-23 02:14:42,0.277
11973,2019-03-23 02:14:43,0.296
11974,2019-03-23 02:14:43,0.283
11975,2019-03-23 02:14:44,0.284
11976,2019-03-23 02:14:44,0.291
11977,2019-03-23 02:14:45,0.278
11978,2019-03-23 02:14:46,0.294
11979,2019-03-23 02:14:46,0.284
11980,2019-03-23 02:14:46,0.293
11981,2019-03-23 02:14:47,0.301
11982,2019-03-23 02:14:48,0.295
11983,2019-03-23 02:14:48,0.292
11984,2019-03-23 02:14:48,0.276
11985,2019-03-23 02:14:48,0.298
11986,2019-03-23 02:14:48,0.280
11987,2019-03-23 02:14:49,0.292
11988,2019-03-23 02:14:49,0.280
11989,2019-03-23 02:14:50,0.299
11990,2019-03-23 02:14:51,0.292
11991,2019-03-23 02:14:51,0.311
11992,2019-03-23 02:14:51,0.292
11993,2019-03-23 02:14:52,0.293
11994,2019-03-23 02:14:53,0.290
11995,2019-03-23 02:14:53,0.299
11996,2019-03-23 02:14:53,0.291
11997,2019-03-23 02:14:54,0.305
11998,2019-03-23 02:14:54,0.286
11999,2019-03-23 02:14:54,0.303
12000,2019-03-23 02:14:55,0.307
12001,2019-03-23 02:14:55,0.278
12002,2019-03-23 02:14:55,0.295
12003,2019-03-23 02:14:55,0.292
12004,2019-03-23 02:14:56,0.304
12005,2019-03-23 02:14:56,0.309
12006,2019-03-23 02:14:57,0.295
12007,2019-03-23 02:14:57,0.299
12008,2019-03-23 02:14:58,0.301
12009,2019-03-23 02:14:58,0.285
12010,2019-03-23 02:14:59,0.290
12011,2019-03-23 02:14:59,0.291
12012,2019-03-23 02:15:00,0.282
12013,2019-03-23 02:15:01,0.293
12014,2019-03-23 02:15:01,0.331
12015,2019-03-23 02:15:02,0.293
12016,2019-03-23 02:15:02,0.292
12017,2019-03-23 02:15:04,0.294
12018,2019-03-23 02:15:05,0.281
12019,2019-03-23 02:15:05,0.299
12020,2019-03-23 02:15:06,0.289
12021,2019-03-23 02:15:06,0.277
12022,2019-03-23 02:15:06,0.281
12023,2019-03-23 02:15:06,0.288
12024,2019-03-23 02:15:07,0.297
12025,2019-03-23 02:15:07,0.294
12026,2019-03-23 02:15:07,0.300
12027,2019-03-23 02:15:09,0.299
12028,2019-03-23 02:15:09,0.285
12029,2019-03-23 02:15:09,0.291
12030,2019-03-23 02:15:09,0.289
12031,2019-03-23 02:15:10,0.283
12032,2019-03-23 02:15:10,0.289
12033,2019-03-23 02:15:10,0.297
12034,2019-03-23 02:15:12,0.272
12035,2019-03-23 02:15:13,0.285
12036,2019-03-23 02:15:13,0.296
12037,2019-03-23 02:15:14,0.291
12038,2019-03-23 02:15:15,0.298
12039,2019-03-23 02:15:15,0.283
12040,2019-03-23 02:15:15,0.297
12041,2019-03-23 02:15:16,0.285
12042,2019-03-23 02:15:16,0.299
12043,2019-03-23 02:15:18,0.296
12044,2019-03-23 02:15:20,0.279
12045,2019-03-23 02:15:21,0.306
12046,2019-03-23 02:15:22,0.289
12047,2019-03-23 02:15:22,0.281
12048,2019-03-23 02:15:23,0.307
12049,2019-03-23 02:15:23,0.292
12050,2019-03-23 02:15:23,0.294
12051,2019-03-23 02:15:23,0.274
12052,2019-03-23 02:15:25,0.293
12053,2019-03-23 02:15:26,0.289
12054,2019-03-23 02:15:26,0.313
12055,2019-03-23 02:15:28,0.287
12056,2019-03-23 02:15:28,0.292
12057,2019-03-23 02:15:28,0.287
12058,2019-03-23 02:15:29,0.299
12059,2019-03-23 02:15:29,0.283
12060,2019-03-23 02:15:30,0.285
12061,2019-03-23 02:18:10,0.288
12062,2019-03-23 02:18:10,0.213
12063,2019-03-23 02:18:10,0.290
12064,2019-03-23 02:18:10,0.299
12065,2019-03-23 02:18:10,0.277
12066,2019-03-23 02:18:10,0.282
12067,2019-03-23 02:18:10,0.282
12068,2019-03-23 02:18:10,0.282
12069,2019-03-23 02:18:10,0.293
12070,2019-03-23 02:18:11,0.295
12071,2019-03-23 02:18:11,0.283
12072,2019-03-23 02:18:11,0.290
12073,2019-03-23 02:18:11,0.273
12074,2019-03-23 02:18:11,0.292
12075,2019-03-23 02:18:11,0.279
12076,2019-03-23 02:18:11,0.304
12077,2019-03-23 02:18:11,0.295
12078,2019-03-23 02:18:12,0.287
12079,2019-03-23 02:18:12,0.311
12080,2019-03-23 02:18:12,0.299
12081,2019-03-23 02:18:12,0.299
12082,2019-03-23 02:18:12,0.289
12083,2019-03-23 02:18:12,0.292
12084,2019-03-23 02:18:13,0.293
12085,2019-03-23 02:18:13,0.291
12086,2019-03-23 02:18:13,0.301
12087,2019-03-23 02:18:13,0.273
12088,2019-03-23 02:18:13,0.288
12089,2019-03-23 02:18:13,0.286
12090,2019-03-23 02:18:14,0.280
12091,2019-03-23 02:18:14,0.284
12092,2019-03-23 02:18:14,0.287
12093,2019-03-23 02:18:14,0.285
12094,2019-03-23 02:18:14,0.299
12095,2019-03-23 02:18:14,0.273
12096,2019-03-23 02:18:14,0.280
12097,2019-03-23 02:18:14,0.340
12098,2019-03-23 02:18:14,0.291
12099,2019-03-23 02:18:14,0.293
12100,2019-03-23 02:18:15,0.303
12101,2019-03-23 02:18:15,0.298
12102,2019-03-23 02:18:15,0.326
12103,2019-03-23 02:18:15,0.295
12104,2019-03-23 02:18:15,0.304
12105,2019-03-23 02:18:16,0.300
12106,2019-03-23 02:18:16,0.302
12107,2019-03-23 02:18:17,0.290
12108,2019-03-23 02:18:17,0.293
12109,2019-03-23 02:18:17,0.299
12110,2019-03-23 02:18:18,0.283
12111,2019-03-23 02:18:18,0.286
12112,2019-03-23 02:18:18,0.294
12113,2019-03-23 02:18:18,0.299
12114,2019-03-23 02:18:18,0.279
12115,2019-03-23 02:18:18,0.290
12116,2019-03-23 02:18:19,0.271
12117,2019-03-23 02:18:19,0.296
12118,2019-03-23 02:18:19,0.292
12119,2019-03-23 02:18:19,0.291
12120,2019-03-23 02:18:19,0.287
12121,2019-03-23 02:18:20,0.290
12122,2019-03-23 02:18:20,0.298
12123,2019-03-23 02:18:20,0.300
12124,2019-03-23 02:18:20,0.290
12125,2019-03-23 02:18:21,0.288
12126,2019-03-23 02:18:21,0.276
12127,2019-03-23 02:18:21,0.291
12128,2019-03-23 02:18:21,0.303
12129,2019-03-23 02:18:23,0.311
12130,2019-03-23 02:18:23,0.294
12131,2019-03-23 02:18:23,0.293
12132,2019-03-23 02:18:24,0.283
12133,2019-03-23 02:18:24,0.291
12134,2019-03-23 02:18:24,0.276
12135,2019-03-23 02:18:24,0.278
12136,2019-03-23 02:18:25,0.286
12137,2019-03-23 02:18:25,0.292
12138,2019-03-23 02:18:25,0.286
12139,2019-03-23 02:18:25,0.303
12140,2019-03-23 02:18:26,0.298
12141,2019-03-23 02:18:27,0.291
12142,2019-03-23 02:18:28,0.291
12143,2019-03-23 02:18:28,0.290
12144,2019-03-23 02:18:28,0.282
12145,2019-03-23 02:18:29,0.288
12146,2019-03-23 02:18:29,0.281
12147,2019-03-23 02:18:29,0.283
12148,2019-03-23 02:18:29,0.292
12149,2019-03-23 02:18:29,0.288
12150,2019-03-23 02:18:30,0.287
12151,2019-03-23 02:18:30,0.264
12152,2019-03-23 02:18:30,0.289
12153,2019-03-23 02:18:30,0.303
12154,2019-03-23 02:18:30,0.287
12155,2019-03-23 02:18:30,0.282
12156,2019-03-23 02:18:31,0.291
12157,2019-03-23 02:18:31,0.293
12158,2019-03-23 02:18:32,0.293
12159,2019-03-23 02:18:32,0.285
12160,2019-03-23 02:18:32,0.299
12161,2019-03-23 02:18:32,0.355
12162,2019-03-23 02:18:33,0.295
12163,2019-03-23 02:18:33,0.289
12164,2019-03-23 02:18:33,0.267
12165,2019-03-23 02:18:34,0.292
12166,2019-03-23 02:18:34,0.289
12167,2019-03-23 02:18:34,0.295
12168,2019-03-23 02:18:35,0.286
12169,2019-03-23 02:18:35,0.291
12170,2019-03-23 02:18:36,0.291
12171,2019-03-23 02:18:36,0.295
12172,2019-03-23 02:18:36,0.288
12173,2019-03-23 02:18:36,0.285
12174,2019-03-23 02:18:37,0.299
12175,2019-03-23 02:18:37,0.300
12176,2019-03-23 02:18:37,0.289
12177,2019-03-23 02:18:37,0.289
12178,2019-03-23 02:18:38,0.290
12179,2019-03-23 02:18:38,0.268
12180,2019-03-23 02:18:39,0.292
12181,2019-03-23 02:18:39,0.293
12182,2019-03-23 02:18:39,0.282
12183,2019-03-23 02:18:39,0.285
12184,2019-03-23 02:18:41,0.277
12185,2019-03-23 02:18:42,0.293
12186,2019-03-23 02:18:43,0.288
12187,2019-03-23 02:18:43,0.283
12188,2019-03-23 02:18:44,0.300
12189,2019-03-23 02:18:44,0.296
12190,2019-03-23 02:18:45,0.296
12191,2019-03-23 02:18:46,0.280
12192,2019-03-23 02:18:46,0.307
12193,2019-03-23 02:18:46,0.285
12194,2019-03-23 02:18:47,0.281
12195,2019-03-23 02:18:47,0.287
12196,2019-03-23 02:18:47,0.289
12197,2019-03-23 02:18:48,0.286
12198,2019-03-23 02:18:48,0.305
12199,2019-03-23 02:18:49,0.285
12200,2019-03-23 02:18:49,0.277
12201,2019-03-23 02:18:49,0.284
12202,2019-03-23 02:18:49,0.273
12203,2019-03-23 02:18:49,0.275
12204,2019-03-23 02:18:49,0.273
12205,2019-03-23 02:18:53,0.283
12206,2019-03-23 02:18:53,0.284
12207,2019-03-23 02:18:54,0.284
12208,2019-03-23 02:18:54,0.296
12209,2019-03-23 02:18:54,0.289
12210,2019-03-23 02:18:55,0.288
12211,2019-03-23 02:18:55,0.298
12212,2019-03-23 02:18:56,0.288
12213,2019-03-23 02:18:56,0.288
12214,2019-03-23 02:18:57,0.296
12215,2019-03-23 02:18:57,0.293
12216,2019-03-23 02:18:59,0.294
12217,2019-03-23 02:18:59,0.289
12218,2019-03-23 02:18:59,0.295
12219,2019-03-23 02:18:59,0.289
12220,2019-03-23 02:18:59,0.288
12221,2019-03-23 02:19:00,0.295
12222,2019-03-23 02:19:00,0.288
12223,2019-03-23 02:19:01,0.296
12224,2019-03-23 02:19:01,0.277
12225,2019-03-23 02:19:02,0.299
12226,2019-03-23 02:19:02,0.300
12227,2019-03-23 02:19:03,0.289
12228,2019-03-23 02:19:03,0.287
12229,2019-03-23 02:19:04,0.277
12230,2019-03-23 02:19:04,0.289
12231,2019-03-23 02:19:05,0.292
12232,2019-03-23 02:19:05,0.286
12233,2019-03-23 02:19:06,0.284
12234,2019-03-23 02:19:07,0.283
12235,2019-03-23 02:19:08,0.290
12236,2019-03-23 02:19:08,0.293
12237,2019-03-23 02:19:08,0.286
12238,2019-03-23 02:19:09,0.519
12239,2019-03-23 02:19:09,0.292
12240,2019-03-23 02:19:13,0.290
12241,2019-03-23 02:19:13,0.285
12242,2019-03-23 02:19:14,0.287
12243,2019-03-23 02:19:14,0.306
12244,2019-03-23 02:19:14,0.297
12245,2019-03-23 02:19:15,0.299
12246,2019-03-23 02:19:15,0.299
12247,2019-03-23 02:19:15,0.213
12248,2019-03-23 02:19:16,0.315
12249,2019-03-23 02:19:17,0.286
12250,2019-03-23 02:19:17,0.288
12251,2019-03-23 02:19:17,0.294
12252,2019-03-23 02:19:20,0.286
12253,2019-03-23 02:19:21,0.297
12254,2019-03-23 02:19:21,0.301
12255,2019-03-23 02:19:22,0.303
12256,2019-03-23 02:19:22,0.310
12257,2019-03-23 02:19:23,0.291
12258,2019-03-23 02:19:23,0.301
12259,2019-03-23 02:19:23,0.284
12260,2019-03-23 02:19:24,0.280
12261,2019-03-23 02:19:24,0.297
12262,2019-03-23 02:19:25,0.294
12263,2019-03-23 02:19:25,0.288
12264,2019-03-23 02:19:26,0.289
12265,2019-03-23 02:19:26,0.298
12266,2019-03-23 02:19:26,0.293
12267,2019-03-23 02:19:26,0.291
12268,2019-03-23 02:19:28,0.290
12269,2019-03-23 02:19:28,0.294
12270,2019-03-23 02:19:28,0.278
12271,2019-03-23 02:19:29,0.282
12272,2019-03-23 02:19:29,0.285
12273,2019-03-23 02:19:29,0.283
12274,2019-03-23 02:19:30,0.291
12275,2019-03-23 02:19:30,0.291
12276,2019-03-23 02:19:31,0.279
12277,2019-03-23 02:19:31,0.293
12278,2019-03-23 02:19:32,0.293
12279,2019-03-23 02:19:33,0.295
12280,2019-03-23 02:19:35,0.292
12281,2019-03-23 02:19:35,0.285
12282,2019-03-23 02:19:36,0.293
12283,2019-03-23 02:19:36,0.299
12284,2019-03-23 02:19:36,0.280
12285,2019-03-23 02:19:37,0.278
12286,2019-03-23 02:19:38,0.304
12287,2019-03-23 02:19:39,0.288
12288,2019-03-23 02:19:40,0.285
12289,2019-03-23 02:19:41,0.286
12290,2019-03-23 02:19:41,0.298
12291,2019-03-23 02:19:42,0.284
12292,2019-03-23 02:19:42,0.293
12293,2019-03-23 02:19:42,0.292
12294,2019-03-23 02:19:43,0.298
12295,2019-03-23 02:19:43,0.289
12296,2019-03-23 02:19:44,0.300
12297,2019-03-23 02:19:45,0.302
12298,2019-03-23 02:19:45,0.286
12299,2019-03-23 02:19:45,0.282
12300,2019-03-23 02:19:46,0.302
12301,2019-03-23 02:19:47,0.275
12302,2019-03-23 02:19:47,0.296
12303,2019-03-23 02:19:48,0.294
12304,2019-03-23 02:19:48,0.284
12305,2019-03-23 02:19:49,0.288
12306,2019-03-23 02:19:49,0.305
12307,2019-03-23 02:19:49,0.283
12308,2019-03-23 02:19:49,0.283
12309,2019-03-23 02:19:50,0.193
12310,2019-03-23 02:19:51,0.286
12311,2019-03-23 02:19:52,0.307
12312,2019-03-23 02:19:52,0.287
12313,2019-03-23 02:19:52,0.291
12314,2019-03-23 02:19:54,0.291
12315,2019-03-23 02:19:54,0.289
12316,2019-03-23 02:19:54,0.286
12317,2019-03-23 02:19:55,0.213
12318,2019-03-23 02:19:55,0.296
12319,2019-03-23 02:19:57,0.291
12320,2019-03-23 02:19:57,0.296
12321,2019-03-23 02:19:57,0.291
12322,2019-03-23 02:19:59,0.280
12323,2019-03-23 02:19:59,0.303
12324,2019-03-23 02:19:59,0.296
12325,2019-03-23 02:20:00,0.293
12326,2019-03-23 02:20:00,0.285
12327,2019-03-23 02:20:00,0.295
12328,2019-03-23 02:20:01,0.285
12329,2019-03-23 02:20:01,0.286
12330,2019-03-23 02:20:01,0.288
12331,2019-03-23 02:20:02,0.295
12332,2019-03-23 02:20:02,0.285
12333,2019-03-23 02:20:03,0.293
12334,2019-03-23 02:20:04,0.293
12335,2019-03-23 02:20:04,0.292
12336,2019-03-23 02:20:05,0.288
12337,2019-03-23 02:20:05,0.278
12338,2019-03-23 02:20:05,0.277
12339,2019-03-23 02:20:05,0.273
12340,2019-03-23 02:20:06,0.293
12341,2019-03-23 02:20:07,0.292
12342,2019-03-23 02:20:07,0.297
12343,2019-03-23 02:20:08,0.294
12344,2019-03-23 02:20:09,0.283
12345,2019-03-23 02:20:09,0.295
12346,2019-03-23 02:20:09,0.296
12347,2019-03-23 02:20:10,0.293
12348,2019-03-23 02:20:11,0.314
12349,2019-03-23 02:20:11,0.290
12350,2019-03-23 02:20:11,0.297
12351,2019-03-23 02:20:12,0.290
12352,2019-03-23 02:20:13,0.290
12353,2019-03-23 02:20:13,0.282
12354,2019-03-23 02:20:13,0.297
12355,2019-03-23 02:20:14,0.297
12356,2019-03-23 02:20:14,0.285
12357,2019-03-23 02:20:14,0.285
12358,2019-03-23 02:20:15,0.295
12359,2019-03-23 02:20:16,0.305
12360,2019-03-23 02:20:17,0.291
12361,2019-03-23 02:20:17,0.293
12362,2019-03-23 02:20:19,0.213
12363,2019-03-23 02:20:19,0.281
12364,2019-03-23 02:20:20,0.290
12365,2019-03-23 02:20:20,0.305
12366,2019-03-23 02:20:21,0.298
12367,2019-03-23 02:20:21,0.285
12368,2019-03-23 02:20:22,0.296
12369,2019-03-23 02:20:22,0.215
12370,2019-03-23 02:20:23,0.293
12371,2019-03-23 02:20:23,0.312
12372,2019-03-23 02:20:23,0.297
12373,2019-03-23 02:20:25,0.190
12374,2019-03-23 02:20:25,0.297
12375,2019-03-23 02:20:25,0.294
12376,2019-03-23 02:20:25,0.288
12377,2019-03-23 02:20:26,0.299
12378,2019-03-23 02:20:26,0.276
12379,2019-03-23 02:20:27,0.299
12380,2019-03-23 02:20:29,0.288
12381,2019-03-23 02:20:30,0.296
12382,2019-03-23 02:20:30,0.285
12383,2019-03-23 02:20:32,0.280
12384,2019-03-23 02:20:33,0.295
12385,2019-03-23 02:20:34,0.279
12386,2019-03-23 02:20:34,0.296
12387,2019-03-23 02:20:35,0.301
12388,2019-03-23 02:20:35,0.297
12389,2019-03-23 02:20:36,0.291
12390,2019-03-23 02:20:37,0.299
12391,2019-03-23 02:20:38,0.285
12392,2019-03-23 02:20:39,0.298
12393,2019-03-23 02:20:39,0.299
12394,2019-03-23 02:20:40,0.299
12395,2019-03-23 02:20:40,0.286
12396,2019-03-23 02:20:41,0.286
12397,2019-03-23 02:20:41,0.288
12398,2019-03-23 02:20:42,0.304
12399,2019-03-23 02:20:42,0.297
12400,2019-03-23 02:20:42,0.290
12401,2019-03-23 02:20:42,0.297
12402,2019-03-23 02:20:43,0.289
12403,2019-03-23 02:20:43,0.303
12404,2019-03-23 02:20:43,0.292
12405,2019-03-23 02:20:43,0.289
12406,2019-03-23 02:20:44,0.279
12407,2019-03-23 02:20:44,0.304
12408,2019-03-23 02:20:45,0.296
12409,2019-03-23 02:20:46,0.288
12410,2019-03-23 02:20:46,0.293
12411,2019-03-23 02:20:46,0.292
12412,2019-03-23 02:20:46,0.287
12413,2019-03-23 02:20:47,0.313
12414,2019-03-23 02:20:47,0.278
12415,2019-03-23 02:20:48,0.289
12416,2019-03-23 02:20:49,0.288
12417,2019-03-23 02:20:49,0.268
12418,2019-03-23 02:20:49,0.288
12419,2019-03-23 02:20:49,0.293
12420,2019-03-23 02:20:49,0.289
12421,2019-03-23 02:20:50,0.302
12422,2019-03-23 02:20:50,0.288
12423,2019-03-23 02:20:51,0.294
12424,2019-03-23 02:20:53,0.301
12425,2019-03-23 02:20:53,0.291
12426,2019-03-23 02:20:54,0.299
12427,2019-03-23 02:20:54,0.294
12428,2019-03-23 02:20:55,0.281
12429,2019-03-23 02:20:55,0.277
12430,2019-03-23 02:20:56,0.291
12431,2019-03-23 02:20:56,0.282
12432,2019-03-23 02:20:56,0.308
12433,2019-03-23 02:20:56,0.312
12434,2019-03-23 02:20:59,0.288
12435,2019-03-23 02:21:01,0.278
12436,2019-03-23 02:21:01,0.294
12437,2019-03-23 02:21:01,0.295
12438,2019-03-23 02:21:03,0.289
12439,2019-03-23 02:21:04,0.291
12440,2019-03-23 02:21:05,0.292
12441,2019-03-23 02:21:05,0.283
12442,2019-03-23 02:21:06,0.285
12443,2019-03-23 02:21:07,0.274
12444,2019-03-23 02:21:08,0.285
12445,2019-03-23 02:21:08,0.308
12446,2019-03-23 02:21:09,0.277
12447,2019-03-23 02:21:10,0.295
12448,2019-03-23 02:21:10,0.298
12449,2019-03-23 02:21:10,0.263
12450,2019-03-23 02:21:12,0.306
12451,2019-03-23 02:21:12,0.295
12452,2019-03-23 02:21:14,0.287
12453,2019-03-23 02:21:15,0.282
12454,2019-03-23 02:21:15,0.282
12455,2019-03-23 02:21:15,0.220
12456,2019-03-23 02:21:17,0.289
12457,2019-03-23 02:21:17,0.299
12458,2019-03-23 02:21:17,0.284
12459,2019-03-23 02:21:18,0.294
12460,2019-03-23 02:21:19,0.296
12461,2019-03-23 02:21:19,0.271
12462,2019-03-23 02:21:19,0.261
12463,2019-03-23 02:21:19,0.286
12464,2019-03-23 02:21:19,0.272
12465,2019-03-23 02:21:21,0.295
12466,2019-03-23 02:21:21,0.298
12467,2019-03-23 02:21:23,0.291
12468,2019-03-23 02:21:25,0.299
12469,2019-03-23 02:21:26,0.273
12470,2019-03-23 02:21:27,0.274
12471,2019-03-23 02:21:27,0.299
12472,2019-03-23 02:21:28,0.295
12473,2019-03-23 02:21:28,0.301
12474,2019-03-23 02:21:29,0.311
12475,2019-03-23 02:21:29,0.288
12476,2019-03-23 02:21:29,0.294
12477,2019-03-23 02:21:30,0.289
12478,2019-03-23 02:21:31,0.286
12479,2019-03-23 02:21:31,0.295
12480,2019-03-23 02:21:32,0.296
12481,2019-03-23 02:21:33,0.285
12482,2019-03-23 02:21:34,0.298
12483,2019-03-23 02:21:34,0.302
12484,2019-03-23 02:21:34,0.213
12485,2019-03-23 02:21:35,0.280
12486,2019-03-23 02:21:36,0.268
12487,2019-03-23 02:21:36,0.291
12488,2019-03-23 02:21:36,0.288
12489,2019-03-23 02:21:37,0.283
12490,2019-03-23 02:21:37,0.293
12491,2019-03-23 02:21:38,0.309
12492,2019-03-23 02:21:38,0.293
12493,2019-03-23 02:21:38,0.289
12494,2019-03-23 02:21:40,0.311
12495,2019-03-23 02:21:40,0.289
12496,2019-03-23 02:21:41,0.292
12497,2019-03-23 02:21:41,0.285
12498,2019-03-23 02:21:42,0.288
12499,2019-03-23 02:21:42,0.289
12500,2019-03-23 02:21:43,0.295
12501,2019-03-23 02:21:44,0.287
12502,2019-03-23 02:21:44,0.278
12503,2019-03-23 02:21:44,0.297
12504,2019-03-23 02:21:44,0.296
12505,2019-03-23 02:21:45,0.302
12506,2019-03-23 02:21:45,0.280
12507,2019-03-23 02:21:45,0.295
12508,2019-03-23 02:21:46,0.357
12509,2019-03-23 02:21:46,0.288
12510,2019-03-23 02:21:47,0.282
12511,2019-03-23 02:21:48,0.286
12512,2019-03-23 02:21:49,0.273
12513,2019-03-23 02:21:50,0.303
12514,2019-03-23 02:21:50,0.291
12515,2019-03-23 02:21:51,0.287
12516,2019-03-23 02:21:53,0.305
12517,2019-03-23 02:21:53,0.290
12518,2019-03-23 02:21:53,0.296
12519,2019-03-23 02:21:54,0.284
12520,2019-03-23 02:21:54,0.296
12521,2019-03-23 02:21:55,0.286
12522,2019-03-23 02:21:55,0.287
12523,2019-03-23 02:21:56,0.297
12524,2019-03-23 02:21:56,0.279
12525,2019-03-23 02:21:56,0.289
12526,2019-03-23 02:21:57,0.342
12527,2019-03-23 02:21:57,0.299
12528,2019-03-23 02:21:58,0.293
12529,2019-03-23 02:21:58,0.289
12530,2019-03-23 02:21:58,0.294
12531,2019-03-23 02:21:59,0.279
12532,2019-03-23 02:21:59,0.305
12533,2019-03-23 02:22:00,0.293
12534,2019-03-23 02:22:02,0.278
12535,2019-03-23 02:22:03,0.293
12536,2019-03-23 02:22:03,0.296
12537,2019-03-23 02:22:03,0.276
12538,2019-03-23 02:22:04,0.277
12539,2019-03-23 02:22:04,0.288
12540,2019-03-23 02:22:05,0.284
12541,2019-03-23 02:22:05,0.288
12542,2019-03-23 02:22:05,0.285
12543,2019-03-23 02:22:06,0.285
12544,2019-03-23 02:22:06,0.311
12545,2019-03-23 02:22:06,0.289
12546,2019-03-23 02:22:07,0.299
12547,2019-03-23 02:22:08,0.304
12548,2019-03-23 02:22:08,0.295
12549,2019-03-23 02:22:08,0.292
12550,2019-03-23 02:22:09,0.289
12551,2019-03-23 02:22:10,0.301
12552,2019-03-23 02:22:10,0.299
12553,2019-03-23 02:22:11,0.287
12554,2019-03-23 02:22:12,0.305
12555,2019-03-23 02:22:13,0.294
12556,2019-03-23 02:22:13,0.286
12557,2019-03-23 02:22:14,0.293
12558,2019-03-23 02:22:14,0.275
12559,2019-03-23 02:22:15,0.281
12560,2019-03-23 02:22:18,0.288
12561,2019-03-23 02:22:19,0.294
12562,2019-03-23 02:22:19,0.299
12563,2019-03-23 02:22:19,0.295
12564,2019-03-23 02:22:19,0.276
12565,2019-03-23 02:22:20,0.308
12566,2019-03-23 02:22:20,0.287
12567,2019-03-23 02:22:21,0.289
12568,2019-03-23 02:22:21,0.294
12569,2019-03-23 02:22:22,0.301
12570,2019-03-23 02:22:22,0.289
12571,2019-03-23 02:22:23,0.299
12572,2019-03-23 02:22:23,0.295
12573,2019-03-23 02:22:23,0.299
12574,2019-03-23 02:22:24,0.292
12575,2019-03-23 02:22:24,0.292
12576,2019-03-23 02:22:24,0.294
12577,2019-03-23 02:22:24,0.286
12578,2019-03-23 02:22:25,0.218
12579,2019-03-23 02:22:25,0.300
12580,2019-03-23 02:22:26,0.298
12581,2019-03-23 02:22:26,0.281
12582,2019-03-23 02:22:26,0.293
12583,2019-03-23 02:22:27,0.306
12584,2019-03-23 02:22:27,0.286
12585,2019-03-23 02:22:28,0.296
12586,2019-03-23 02:22:28,0.306
12587,2019-03-23 02:22:29,0.294
12588,2019-03-23 02:22:29,0.304
12589,2019-03-23 02:22:29,0.290
12590,2019-03-23 02:22:30,0.292
12591,2019-03-23 02:22:30,0.388
12592,2019-03-23 02:22:30,0.287
12593,2019-03-23 02:22:31,0.302
12594,2019-03-23 02:22:32,0.280
12595,2019-03-23 02:22:32,0.283
12596,2019-03-23 02:22:32,0.274
12597,2019-03-23 02:22:34,0.297
12598,2019-03-23 02:22:35,0.291
12599,2019-03-23 02:22:35,0.276
12600,2019-03-23 02:22:36,0.275
12601,2019-03-23 02:22:36,0.309
12602,2019-03-23 02:22:37,0.290
12603,2019-03-23 02:22:37,0.289
12604,2019-03-23 02:22:37,0.302
12605,2019-03-23 02:22:38,0.275
12606,2019-03-23 02:22:38,0.299
12607,2019-03-23 02:22:39,0.279
12608,2019-03-23 02:22:40,0.289
12609,2019-03-23 02:22:40,0.302
12610,2019-03-23 02:22:41,0.280
12611,2019-03-23 02:22:41,0.297
12612,2019-03-23 02:22:42,0.297
12613,2019-03-23 02:22:43,0.288
12614,2019-03-23 02:22:43,0.282
12615,2019-03-23 02:22:43,0.287
12616,2019-03-23 02:22:43,0.288
12617,2019-03-23 02:22:44,0.295
12618,2019-03-23 02:22:44,0.281
12619,2019-03-23 02:22:45,0.279
12620,2019-03-23 02:22:45,0.287
12621,2019-03-23 02:22:45,0.288
12622,2019-03-23 02:22:46,0.297
12623,2019-03-23 02:22:46,0.287
12624,2019-03-23 02:22:47,0.293
12625,2019-03-23 02:22:47,0.313
12626,2019-03-23 02:22:47,0.305
12627,2019-03-23 02:22:48,0.284
12628,2019-03-23 02:22:48,0.296
12629,2019-03-23 02:22:48,0.302
12630,2019-03-23 02:22:48,0.293
12631,2019-03-23 02:22:49,0.292
12632,2019-03-23 02:22:50,0.292
12633,2019-03-23 02:22:50,0.279
12634,2019-03-23 02:22:51,0.293
12635,2019-03-23 02:22:54,0.289
12636,2019-03-23 02:22:54,0.284
12637,2019-03-23 02:22:56,0.300
12638,2019-03-23 02:22:56,0.278
12639,2019-03-23 02:22:57,0.295
12640,2019-03-23 02:22:57,0.290
12641,2019-03-23 02:22:57,0.278
12642,2019-03-23 02:22:57,0.286
12643,2019-03-23 02:22:58,0.286
12644,2019-03-23 02:22:59,0.296
12645,2019-03-23 02:22:59,0.292
12646,2019-03-23 02:23:00,0.288
12647,2019-03-23 02:23:01,0.279
12648,2019-03-23 02:23:01,0.292
12649,2019-03-23 02:23:01,0.291
12650,2019-03-23 02:23:02,0.290
12651,2019-03-23 02:23:02,0.358
12652,2019-03-23 02:23:03,0.303
12653,2019-03-23 02:23:04,0.304
12654,2019-03-23 02:23:05,0.288
12655,2019-03-23 02:23:05,0.289
12656,2019-03-23 02:23:05,0.293
12657,2019-03-23 02:23:06,0.289
12658,2019-03-23 02:23:06,0.296
12659,2019-03-23 02:23:06,0.305
12660,2019-03-23 02:23:07,0.294
12661,2019-03-23 02:23:07,0.280
12662,2019-03-23 02:23:08,0.297
12663,2019-03-23 02:23:08,0.295
12664,2019-03-23 02:23:09,0.280
12665,2019-03-23 02:23:10,0.294
12666,2019-03-23 02:23:10,0.294
12667,2019-03-23 02:23:12,0.281
12668,2019-03-23 02:23:13,0.284
12669,2019-03-23 02:23:14,0.298
12670,2019-03-23 02:23:14,0.283
12671,2019-03-23 02:23:14,0.292
12672,2019-03-23 02:23:14,0.289
12673,2019-03-23 02:23:14,0.298
12674,2019-03-23 02:23:15,0.287
12675,2019-03-23 02:23:16,0.288
12676,2019-03-23 02:23:16,0.283
12677,2019-03-23 02:23:16,0.284
12678,2019-03-23 02:23:17,0.206
12679,2019-03-23 02:23:18,0.283
12680,2019-03-23 02:23:18,0.287
12681,2019-03-23 02:23:19,0.268
12682,2019-03-23 02:23:19,0.281
12683,2019-03-23 02:23:19,0.285
12684,2019-03-23 02:23:19,0.295
12685,2019-03-23 02:23:20,0.294
12686,2019-03-23 02:23:22,0.278
12687,2019-03-23 02:23:23,0.287
12688,2019-03-23 02:23:23,0.299
12689,2019-03-23 02:23:23,0.285
12690,2019-03-23 02:23:25,0.281
12691,2019-03-23 02:23:25,0.293
12692,2019-03-23 02:23:26,0.294
12693,2019-03-23 02:23:26,0.288
12694,2019-03-23 02:23:27,0.278
12695,2019-03-23 02:23:27,0.308
12696,2019-03-23 02:23:28,0.284
12697,2019-03-23 02:23:29,0.279
12698,2019-03-23 02:23:29,0.288
12699,2019-03-23 02:23:30,0.288
12700,2019-03-23 02:23:31,0.287
12701,2019-03-23 02:23:31,0.297
12702,2019-03-23 02:23:32,0.400
12703,2019-03-23 02:23:33,0.284
12704,2019-03-23 02:23:33,0.286
12705,2019-03-23 02:23:34,0.295
12706,2019-03-23 02:23:34,0.295
12707,2019-03-23 02:23:35,0.279
12708,2019-03-23 02:23:36,0.288
12709,2019-03-23 02:23:37,0.296
12710,2019-03-23 02:23:38,0.288
12711,2019-03-23 02:23:39,0.287
12712,2019-03-23 02:23:40,0.295
12713,2019-03-23 02:23:40,0.294
12714,2019-03-23 02:23:41,0.291
12715,2019-03-23 02:23:41,0.292
12716,2019-03-23 02:23:42,0.291
12717,2019-03-23 02:23:43,0.296
12718,2019-03-23 02:23:43,0.305
12719,2019-03-23 02:23:44,0.265
12720,2019-03-23 02:23:44,0.295
12721,2019-03-23 02:23:44,0.298
12722,2019-03-23 02:23:45,0.244
12723,2019-03-23 02:23:45,0.293
12724,2019-03-23 02:23:45,0.339
12725,2019-03-23 02:23:46,0.278
12726,2019-03-23 02:23:46,0.297
12727,2019-03-23 02:23:46,0.291
12728,2019-03-23 02:23:47,0.311
12729,2019-03-23 02:23:47,0.287
12730,2019-03-23 02:23:49,0.289
12731,2019-03-23 02:23:50,0.287
12732,2019-03-23 02:23:50,0.296
12733,2019-03-23 02:23:51,0.285
12734,2019-03-23 02:23:52,0.285
12735,2019-03-23 02:23:52,0.293
12736,2019-03-23 02:23:53,0.298
12737,2019-03-23 02:23:53,0.269
12738,2019-03-23 02:23:54,0.294
12739,2019-03-23 02:23:56,0.291
12740,2019-03-23 02:23:56,0.298
12741,2019-03-23 02:23:57,0.288
12742,2019-03-23 02:23:57,0.284
12743,2019-03-23 02:23:57,0.289
12744,2019-03-23 02:23:58,0.287
12745,2019-03-23 02:23:58,0.302
12746,2019-03-23 02:23:59,0.295
12747,2019-03-23 02:24:00,0.278
12748,2019-03-23 02:24:01,0.285
12749,2019-03-23 02:24:01,0.287
12750,2019-03-23 02:24:02,0.288
12751,2019-03-23 02:24:02,0.285
12752,2019-03-23 02:24:03,0.290
12753,2019-03-23 02:24:03,0.289
12754,2019-03-23 02:24:04,0.306
12755,2019-03-23 02:24:04,0.305
12756,2019-03-23 02:24:05,0.276
12757,2019-03-23 02:24:05,0.283
12758,2019-03-23 02:24:05,0.289
12759,2019-03-23 02:24:06,0.285
12760,2019-03-23 02:24:07,0.302
12761,2019-03-23 02:24:08,0.298
12762,2019-03-23 02:24:08,0.283
12763,2019-03-23 02:24:08,0.300
12764,2019-03-23 02:24:09,0.289
12765,2019-03-23 02:24:09,0.289
12766,2019-03-23 02:24:10,0.288
12767,2019-03-23 02:24:11,0.288
12768,2019-03-23 02:24:13,0.299
12769,2019-03-23 02:24:13,0.301
12770,2019-03-23 02:24:14,0.293
12771,2019-03-23 02:24:14,0.280
12772,2019-03-23 02:24:14,0.298
12773,2019-03-23 02:24:15,0.282
12774,2019-03-23 02:24:15,0.276
12775,2019-03-23 02:24:17,0.291
12776,2019-03-23 02:24:18,0.288
12777,2019-03-23 02:24:18,0.285
12778,2019-03-23 02:24:18,0.277
12779,2019-03-23 02:24:19,0.294
12780,2019-03-23 02:24:19,0.301
12781,2019-03-23 02:24:20,0.305
12782,2019-03-23 02:24:20,0.296
12783,2019-03-23 02:24:21,0.290
12784,2019-03-23 02:24:21,0.280
12785,2019-03-23 02:24:21,0.284
12786,2019-03-23 02:24:21,0.285
12787,2019-03-23 02:24:22,0.283
12788,2019-03-23 02:24:23,0.295
12789,2019-03-23 02:24:23,0.293
12790,2019-03-23 02:24:24,0.271
12791,2019-03-23 02:24:24,0.273
12792,2019-03-23 02:24:25,0.277
12793,2019-03-23 02:24:25,0.292
12794,2019-03-23 02:24:25,0.296
12795,2019-03-23 02:24:26,0.292
12796,2019-03-23 02:24:26,0.299
12797,2019-03-23 02:24:27,0.287
12798,2019-03-23 02:24:27,0.282
12799,2019-03-23 02:24:27,0.294
12800,2019-03-23 02:24:28,0.282
12801,2019-03-23 02:24:28,0.302
12802,2019-03-23 02:24:28,0.308
12803,2019-03-23 02:24:29,0.299
12804,2019-03-23 02:24:29,0.276
12805,2019-03-23 02:24:30,0.285
12806,2019-03-23 02:24:30,0.290
12807,2019-03-23 02:24:30,0.298
12808,2019-03-23 02:24:31,0.291
12809,2019-03-23 02:24:31,0.307
12810,2019-03-23 02:24:31,0.288
12811,2019-03-23 02:24:32,0.286
12812,2019-03-23 02:24:32,0.425
12813,2019-03-23 02:24:33,0.288
12814,2019-03-23 02:24:33,0.295
12815,2019-03-23 02:24:34,0.302
12816,2019-03-23 02:24:35,0.298
12817,2019-03-23 02:24:35,0.297
12818,2019-03-23 02:24:36,0.295
12819,2019-03-23 02:24:36,0.284
12820,2019-03-23 02:24:36,0.281
12821,2019-03-23 02:24:37,0.286
12822,2019-03-23 02:24:38,0.299
12823,2019-03-23 02:24:38,0.287
12824,2019-03-23 02:24:38,0.299
12825,2019-03-23 02:24:39,0.290
12826,2019-03-23 02:24:40,0.292
12827,2019-03-23 02:24:40,0.287
12828,2019-03-23 02:24:41,0.273
12829,2019-03-23 02:24:41,0.284
12830,2019-03-23 02:24:41,0.302
12831,2019-03-23 02:24:43,0.292
12832,2019-03-23 02:24:43,0.280
12833,2019-03-23 02:24:43,0.284
12834,2019-03-23 02:24:45,0.278
12835,2019-03-23 02:24:45,0.282
12836,2019-03-23 02:24:46,0.284
12837,2019-03-23 02:24:46,0.301
12838,2019-03-23 02:24:47,0.302
12839,2019-03-23 02:24:47,0.286
12840,2019-03-23 02:24:48,0.304
12841,2019-03-23 02:24:48,0.288
12842,2019-03-23 02:24:49,0.305
12843,2019-03-23 02:24:49,0.291
12844,2019-03-23 02:24:50,0.303
12845,2019-03-23 02:24:50,0.294
12846,2019-03-23 02:24:50,0.301
12847,2019-03-23 02:24:51,0.290
12848,2019-03-23 02:24:53,0.281
12849,2019-03-23 02:24:53,0.293
12850,2019-03-23 02:27:14,0.286
12851,2019-03-23 02:27:15,0.278
12852,2019-03-23 02:27:15,0.288
12853,2019-03-23 02:27:16,0.291
12854,2019-03-23 02:27:16,0.280
12855,2019-03-23 02:27:16,0.285
12856,2019-03-23 02:27:16,0.294
12857,2019-03-23 02:27:16,0.285
12858,2019-03-23 02:27:16,0.296
12859,2019-03-23 02:27:17,0.406
12860,2019-03-23 02:27:17,0.282
12861,2019-03-23 02:27:17,0.284
12862,2019-03-23 02:27:17,0.295
12863,2019-03-23 02:27:18,0.287
12864,2019-03-23 02:27:18,0.299
12865,2019-03-23 02:27:18,0.299
12866,2019-03-23 02:27:18,0.289
12867,2019-03-23 02:27:19,0.279
12868,2019-03-23 02:27:19,0.291
12869,2019-03-23 02:27:19,0.287
12870,2019-03-23 02:27:19,0.303
12871,2019-03-23 02:27:19,0.288
12872,2019-03-23 02:27:19,0.293
12873,2019-03-23 02:27:19,0.290
12874,2019-03-23 02:27:19,0.291
12875,2019-03-23 02:27:19,0.287
12876,2019-03-23 02:27:20,0.273
12877,2019-03-23 02:27:20,0.292
12878,2019-03-23 02:27:20,0.289
12879,2019-03-23 02:27:21,0.284
12880,2019-03-23 02:27:21,0.304
12881,2019-03-23 02:27:21,0.292
12882,2019-03-23 02:27:21,0.285
12883,2019-03-23 02:27:21,0.295
12884,2019-03-23 02:27:21,0.294
12885,2019-03-23 02:27:22,0.293
12886,2019-03-23 02:27:22,0.288
12887,2019-03-23 02:27:22,0.289
12888,2019-03-23 02:27:22,0.283
12889,2019-03-23 02:27:22,0.297
12890,2019-03-23 02:27:23,0.281
12891,2019-03-23 02:27:23,0.285
12892,2019-03-23 02:27:23,0.289
12893,2019-03-23 02:27:23,0.346
12894,2019-03-23 02:27:23,0.282
12895,2019-03-23 02:27:23,0.283
12896,2019-03-23 02:27:24,0.290
12897,2019-03-23 02:27:24,0.286
12898,2019-03-23 02:27:24,0.215
12899,2019-03-23 02:27:24,0.291
12900,2019-03-23 02:27:25,0.293
12901,2019-03-23 02:27:25,0.289
12902,2019-03-23 02:27:25,0.294
12903,2019-03-23 02:27:26,0.282
12904,2019-03-23 02:27:26,0.282
12905,2019-03-23 02:27:26,0.281
12906,2019-03-23 02:27:26,0.291
12907,2019-03-23 02:27:27,0.284
12908,2019-03-23 02:27:27,0.287
12909,2019-03-23 02:27:27,0.298
12910,2019-03-23 02:27:27,0.285
12911,2019-03-23 02:27:27,0.612
12912,2019-03-23 02:27:28,0.284
12913,2019-03-23 02:27:28,0.287
12914,2019-03-23 02:27:28,0.279
12915,2019-03-23 02:27:28,0.287
12916,2019-03-23 02:27:28,0.281
12917,2019-03-23 02:27:29,0.280
12918,2019-03-23 02:27:29,0.283
12919,2019-03-23 02:27:29,0.304
12920,2019-03-23 02:27:29,0.288
12921,2019-03-23 02:27:29,0.297
12922,2019-03-23 02:27:29,0.282
12923,2019-03-23 02:27:30,0.284
12924,2019-03-23 02:27:30,0.302
12925,2019-03-23 02:27:30,0.289
12926,2019-03-23 02:27:31,0.294
12927,2019-03-23 02:27:31,0.291
12928,2019-03-23 02:27:31,0.291
12929,2019-03-23 02:27:32,0.296
12930,2019-03-23 02:27:32,0.290
12931,2019-03-23 02:27:32,0.304
12932,2019-03-23 02:27:33,0.281
12933,2019-03-23 02:27:33,0.303
12934,2019-03-23 02:27:33,0.280
12935,2019-03-23 02:27:33,0.280
12936,2019-03-23 02:27:34,0.281
12937,2019-03-23 02:27:35,0.279
12938,2019-03-23 02:27:35,0.301
12939,2019-03-23 02:27:35,0.305
12940,2019-03-23 02:27:36,0.289
12941,2019-03-23 02:27:36,0.303
12942,2019-03-23 02:27:36,0.302
12943,2019-03-23 02:27:36,0.307
12944,2019-03-23 02:27:36,0.289
12945,2019-03-23 02:27:37,0.283
12946,2019-03-23 02:27:37,0.293
12947,2019-03-23 02:27:37,0.287
12948,2019-03-23 02:27:37,0.305
12949,2019-03-23 02:27:37,0.282
12950,2019-03-23 02:27:38,0.299
12951,2019-03-23 02:27:38,0.289
12952,2019-03-23 02:27:38,0.287
12953,2019-03-23 02:27:39,0.286
12954,2019-03-23 02:27:39,0.308
12955,2019-03-23 02:27:39,0.297
12956,2019-03-23 02:27:40,0.289
12957,2019-03-23 02:27:40,0.288
12958,2019-03-23 02:27:40,0.277
12959,2019-03-23 02:27:40,0.296
12960,2019-03-23 02:27:41,0.296
12961,2019-03-23 02:27:41,0.282
12962,2019-03-23 02:27:42,0.302
12963,2019-03-23 02:27:42,0.299
12964,2019-03-23 02:27:42,0.286
12965,2019-03-23 02:27:43,0.287
12966,2019-03-23 02:27:43,0.285
12967,2019-03-23 02:27:43,0.290
12968,2019-03-23 02:27:43,0.283
12969,2019-03-23 02:27:44,0.280
12970,2019-03-23 02:27:44,0.297
12971,2019-03-23 02:27:45,0.285
12972,2019-03-23 02:27:45,0.304
12973,2019-03-23 02:27:45,0.287
12974,2019-03-23 02:27:45,0.294
12975,2019-03-23 02:27:47,0.284
12976,2019-03-23 02:27:47,0.213
12977,2019-03-23 02:27:48,0.287
12978,2019-03-23 02:27:48,0.281
12979,2019-03-23 02:27:48,0.288
12980,2019-03-23 02:27:48,0.286
12981,2019-03-23 02:27:48,0.286
12982,2019-03-23 02:27:49,0.288
12983,2019-03-23 02:27:49,0.281
12984,2019-03-23 02:27:49,0.289
12985,2019-03-23 02:27:49,0.277
12986,2019-03-23 02:27:49,0.286
12987,2019-03-23 02:27:49,0.281
12988,2019-03-23 02:27:49,0.299
12989,2019-03-23 02:27:50,0.287
12990,2019-03-23 02:27:51,0.289
12991,2019-03-23 02:27:51,0.278
12992,2019-03-23 02:27:52,0.308
12993,2019-03-23 02:27:52,0.298
12994,2019-03-23 02:27:52,0.298
12995,2019-03-23 02:27:53,0.282
12996,2019-03-23 02:27:53,0.276
12997,2019-03-23 02:27:54,0.294
12998,2019-03-23 02:27:55,0.211
12999,2019-03-23 02:27:55,0.287
13000,2019-03-23 02:27:57,0.296
13001,2019-03-23 02:27:57,0.295
13002,2019-03-23 02:27:58,0.297
13003,2019-03-23 02:27:58,0.293
13004,2019-03-23 02:27:58,0.288
13005,2019-03-23 02:27:59,0.286
13006,2019-03-23 02:28:01,0.282
13007,2019-03-23 02:28:02,0.300
13008,2019-03-23 02:28:02,0.275
13009,2019-03-23 02:28:02,0.288
13010,2019-03-23 02:28:03,0.286
13011,2019-03-23 02:28:04,0.298
13012,2019-03-23 02:28:05,0.282
13013,2019-03-23 02:28:05,0.278
13014,2019-03-23 02:28:05,0.293
13015,2019-03-23 02:28:06,0.292
13016,2019-03-23 02:28:06,0.385
13017,2019-03-23 02:28:07,0.280
13018,2019-03-23 02:28:07,0.284
13019,2019-03-23 02:28:07,0.292
13020,2019-03-23 02:28:08,0.287
13021,2019-03-23 02:28:09,0.289
13022,2019-03-23 02:28:10,0.287
13023,2019-03-23 02:28:10,0.285
13024,2019-03-23 02:28:11,0.298
13025,2019-03-23 02:28:12,0.213
13026,2019-03-23 02:28:13,0.307
13027,2019-03-23 02:28:14,0.304
13028,2019-03-23 02:28:14,0.284
13029,2019-03-23 02:28:14,0.300
13030,2019-03-23 02:28:15,0.293
13031,2019-03-23 02:28:15,0.289
13032,2019-03-23 02:28:15,0.295
13033,2019-03-23 02:28:16,0.292
13034,2019-03-23 02:28:16,0.298
13035,2019-03-23 02:28:16,0.294
13036,2019-03-23 02:28:16,0.294
13037,2019-03-23 02:28:17,0.310
13038,2019-03-23 02:28:18,0.310
13039,2019-03-23 02:28:18,0.291
13040,2019-03-23 02:28:19,0.307
13041,2019-03-23 02:28:20,0.299
13042,2019-03-23 02:28:22,0.297
13043,2019-03-23 02:28:22,0.305
13044,2019-03-23 02:28:24,0.284
13045,2019-03-23 02:28:24,0.291
13046,2019-03-23 02:28:25,0.295
13047,2019-03-23 02:28:25,0.305
13048,2019-03-23 02:28:26,0.298
13049,2019-03-23 02:28:26,0.293
13050,2019-03-23 02:28:26,0.296
13051,2019-03-23 02:28:27,0.294
13052,2019-03-23 02:28:27,0.293
13053,2019-03-23 02:28:27,0.292
13054,2019-03-23 02:28:27,0.293
13055,2019-03-23 02:28:28,0.297
13056,2019-03-23 02:28:28,0.291
13057,2019-03-23 02:28:28,0.318
13058,2019-03-23 02:28:29,0.202
13059,2019-03-23 02:28:29,0.286
13060,2019-03-23 02:28:29,0.279
13061,2019-03-23 02:28:30,0.293
13062,2019-03-23 02:28:30,0.297
13063,2019-03-23 02:28:30,0.283
13064,2019-03-23 02:28:31,0.297
13065,2019-03-23 02:28:32,0.299
13066,2019-03-23 02:28:32,0.287
13067,2019-03-23 02:28:33,0.312
13068,2019-03-23 02:28:34,0.291
13069,2019-03-23 02:28:34,0.294
13070,2019-03-23 02:28:35,0.294
13071,2019-03-23 02:28:36,0.309
13072,2019-03-23 02:28:37,0.314
13073,2019-03-23 02:28:37,0.298
13074,2019-03-23 02:28:37,0.317
13075,2019-03-23 02:28:38,0.295
13076,2019-03-23 02:28:38,0.305
13077,2019-03-23 02:28:38,0.302
13078,2019-03-23 02:28:39,0.302
13079,2019-03-23 02:28:39,0.288
13080,2019-03-23 02:28:39,0.287
13081,2019-03-23 02:28:40,0.303
13082,2019-03-23 02:28:40,0.288
13083,2019-03-23 02:28:40,0.288
13084,2019-03-23 02:28:41,0.307
13085,2019-03-23 02:28:41,0.303
13086,2019-03-23 02:28:42,0.283
13087,2019-03-23 02:28:42,0.294
13088,2019-03-23 02:28:42,0.305
13089,2019-03-23 02:28:43,0.306
13090,2019-03-23 02:28:44,0.305
13091,2019-03-23 02:28:44,0.312
13092,2019-03-23 02:28:44,0.293
13093,2019-03-23 02:28:45,0.184
13094,2019-03-23 02:28:45,0.311
13095,2019-03-23 02:28:45,0.287
13096,2019-03-23 02:28:45,0.295
13097,2019-03-23 02:28:46,0.297
13098,2019-03-23 02:28:46,0.305
13099,2019-03-23 02:28:47,0.295
13100,2019-03-23 02:28:48,0.284
13101,2019-03-23 02:28:49,0.288
13102,2019-03-23 02:28:49,0.286
13103,2019-03-23 02:28:49,0.211
13104,2019-03-23 02:28:49,0.294
13105,2019-03-23 02:28:50,0.318
13106,2019-03-23 02:28:50,0.274
13107,2019-03-23 02:28:51,0.313
13108,2019-03-23 02:28:53,0.299
13109,2019-03-23 02:28:53,0.293
13110,2019-03-23 02:28:54,0.300
13111,2019-03-23 02:28:55,0.294
13112,2019-03-23 02:28:57,0.303
13113,2019-03-23 02:28:58,0.300
13114,2019-03-23 02:28:59,0.311
13115,2019-03-23 02:28:59,0.309
13116,2019-03-23 02:28:59,0.299
13117,2019-03-23 02:29:00,0.298
13118,2019-03-23 02:29:01,0.299
13119,2019-03-23 02:29:01,0.298
13120,2019-03-23 02:29:02,0.302
13121,2019-03-23 02:29:02,0.362
13122,2019-03-23 02:29:03,0.306
13123,2019-03-23 02:29:03,0.308
13124,2019-03-23 02:29:04,0.292
13125,2019-03-23 02:29:04,0.307
13126,2019-03-23 02:29:05,0.283
13127,2019-03-23 02:29:05,0.308
13128,2019-03-23 02:29:05,0.285
13129,2019-03-23 02:29:06,0.295
13130,2019-03-23 02:29:07,0.288
13131,2019-03-23 02:29:07,0.318
13132,2019-03-23 02:29:07,0.283
13133,2019-03-23 02:29:08,0.261
13134,2019-03-23 02:29:09,0.308
13135,2019-03-23 02:29:10,0.313
13136,2019-03-23 02:29:11,0.301
13137,2019-03-23 02:29:12,0.299
13138,2019-03-23 02:29:13,0.307
13139,2019-03-23 02:29:13,0.309
13140,2019-03-23 02:29:14,0.302
13141,2019-03-23 02:29:14,0.299
13142,2019-03-23 02:29:15,0.288
13143,2019-03-23 02:29:15,0.277
13144,2019-03-23 02:29:16,0.329
13145,2019-03-23 02:29:17,0.294
13146,2019-03-23 02:29:18,0.293
13147,2019-03-23 02:29:18,0.293
13148,2019-03-23 02:29:19,0.291
13149,2019-03-23 02:29:19,0.286
13150,2019-03-23 02:29:20,0.289
13151,2019-03-23 02:29:21,0.296
13152,2019-03-23 02:29:21,0.283
13153,2019-03-23 02:29:21,0.307
13154,2019-03-23 02:29:22,0.290
13155,2019-03-23 02:29:22,0.301
13156,2019-03-23 02:29:23,0.291
13157,2019-03-23 02:29:23,0.296
13158,2019-03-23 02:29:23,0.293
13159,2019-03-23 02:29:24,0.293
13160,2019-03-23 02:29:24,0.291
13161,2019-03-23 02:29:25,0.315
13162,2019-03-23 02:29:25,0.203
13163,2019-03-23 02:29:27,0.313
13164,2019-03-23 02:29:27,0.298
13165,2019-03-23 02:29:27,0.300
13166,2019-03-23 02:29:28,0.282
13167,2019-03-23 02:29:28,0.298
13168,2019-03-23 02:29:29,0.306
13169,2019-03-23 02:29:29,0.291
13170,2019-03-23 02:29:30,0.312
13171,2019-03-23 02:29:30,0.298
13172,2019-03-23 02:29:30,0.282
13173,2019-03-23 02:29:31,0.282
13174,2019-03-23 02:29:31,0.305
13175,2019-03-23 02:29:31,0.296
13176,2019-03-23 02:29:32,0.300
13177,2019-03-23 02:29:33,0.306
13178,2019-03-23 02:29:33,0.296
13179,2019-03-23 02:29:33,0.279
13180,2019-03-23 02:29:34,0.304
13181,2019-03-23 02:29:34,0.308
13182,2019-03-23 02:29:34,0.287
13183,2019-03-23 02:29:34,0.279
13184,2019-03-23 02:29:35,0.303
13185,2019-03-23 02:29:35,0.300
13186,2019-03-23 02:29:36,0.296
13187,2019-03-23 02:29:36,0.287
13188,2019-03-23 02:29:39,0.300
13189,2019-03-23 02:29:39,0.303
13190,2019-03-23 02:29:39,0.283
13191,2019-03-23 02:29:40,0.303
13192,2019-03-23 02:29:41,0.299
13193,2019-03-23 02:29:41,0.296
13194,2019-03-23 02:29:41,0.311
13195,2019-03-23 02:29:42,0.291
13196,2019-03-23 02:29:42,0.343
13197,2019-03-23 02:29:42,0.309
13198,2019-03-23 02:29:42,0.304
13199,2019-03-23 02:29:43,0.315
13200,2019-03-23 02:29:44,0.287
13201,2019-03-23 02:29:44,0.281
13202,2019-03-23 02:29:45,0.293
13203,2019-03-23 02:29:45,0.296
13204,2019-03-23 02:29:46,0.302
13205,2019-03-23 02:29:46,0.289
13206,2019-03-23 02:29:47,0.307
13207,2019-03-23 02:29:47,0.296
13208,2019-03-23 02:29:47,0.292
13209,2019-03-23 02:29:48,0.292
13210,2019-03-23 02:29:48,0.288
13211,2019-03-23 02:29:48,0.303
13212,2019-03-23 02:29:48,0.290
13213,2019-03-23 02:29:49,0.283
13214,2019-03-23 02:29:49,0.298
13215,2019-03-23 02:29:50,0.177
13216,2019-03-23 02:29:50,0.290
13217,2019-03-23 02:29:50,0.285
13218,2019-03-23 02:29:51,0.287
13219,2019-03-23 02:29:51,0.291
13220,2019-03-23 02:29:52,0.287
13221,2019-03-23 02:29:53,0.290
13222,2019-03-23 02:29:53,0.289
13223,2019-03-23 02:29:53,0.291
13224,2019-03-23 02:29:53,0.295
13225,2019-03-23 02:29:54,0.278
13226,2019-03-23 02:29:54,0.295
13227,2019-03-23 02:29:55,0.292
13228,2019-03-23 02:29:56,0.286
13229,2019-03-23 02:29:58,0.299
13230,2019-03-23 02:29:59,0.288
13231,2019-03-23 02:29:59,0.314
13232,2019-03-23 02:29:59,0.296
13233,2019-03-23 02:30:01,0.284
13234,2019-03-23 02:30:01,0.309
13235,2019-03-23 02:30:01,0.308
13236,2019-03-23 02:30:03,0.290
13237,2019-03-23 02:30:03,0.279
13238,2019-03-23 02:30:03,0.286
13239,2019-03-23 02:30:04,0.284
13240,2019-03-23 02:30:04,0.293
13241,2019-03-23 02:30:04,0.273
13242,2019-03-23 02:30:04,0.284
13243,2019-03-23 02:30:05,0.283
13244,2019-03-23 02:30:05,0.276
13245,2019-03-23 02:30:06,0.285
13246,2019-03-23 02:30:07,0.298
13247,2019-03-23 02:30:07,0.285
13248,2019-03-23 02:30:07,0.280
13249,2019-03-23 02:30:08,0.289
13250,2019-03-23 02:30:08,0.283
13251,2019-03-23 02:30:08,0.294
13252,2019-03-23 02:30:09,0.290
13253,2019-03-23 02:30:10,0.298
13254,2019-03-23 02:30:10,0.298
13255,2019-03-23 02:30:10,0.292
13256,2019-03-23 02:30:10,0.312
13257,2019-03-23 02:30:11,0.279
13258,2019-03-23 02:30:11,0.279
13259,2019-03-23 02:30:12,0.213
13260,2019-03-23 02:30:13,0.266
13261,2019-03-23 02:30:13,0.285
13262,2019-03-23 02:30:13,0.434
13263,2019-03-23 02:30:14,0.288
13264,2019-03-23 02:30:16,0.312
13265,2019-03-23 02:30:16,0.296
13266,2019-03-23 02:30:16,0.287
13267,2019-03-23 02:30:17,0.296
13268,2019-03-23 02:30:18,0.280
13269,2019-03-23 02:30:19,0.289
13270,2019-03-23 02:30:19,0.291
13271,2019-03-23 02:30:20,0.287
13272,2019-03-23 02:30:20,0.300
13273,2019-03-23 02:30:21,0.285
13274,2019-03-23 02:30:21,0.293
13275,2019-03-23 02:30:21,0.285
13276,2019-03-23 02:30:21,0.284
13277,2019-03-23 02:30:22,0.211
13278,2019-03-23 02:30:24,0.306
13279,2019-03-23 02:30:25,0.285
13280,2019-03-23 02:30:25,0.301
13281,2019-03-23 02:30:26,0.291
13282,2019-03-23 02:30:27,0.213
13283,2019-03-23 02:30:28,0.282
13284,2019-03-23 02:30:29,0.296
13285,2019-03-23 02:30:29,0.289
13286,2019-03-23 02:30:29,0.294
13287,2019-03-23 02:30:30,0.293
13288,2019-03-23 02:30:31,0.213
13289,2019-03-23 02:30:31,0.282
13290,2019-03-23 02:30:31,0.287
13291,2019-03-23 02:30:32,0.302
13292,2019-03-23 02:30:33,0.293
13293,2019-03-23 02:30:33,0.289
13294,2019-03-23 02:30:34,0.273
13295,2019-03-23 02:30:36,0.282
13296,2019-03-23 02:30:36,0.307
13297,2019-03-23 02:30:36,0.289
13298,2019-03-23 02:30:37,0.300
13299,2019-03-23 02:30:37,0.297
13300,2019-03-23 02:30:39,0.292
13301,2019-03-23 02:30:40,0.300
13302,2019-03-23 02:30:41,0.289
13303,2019-03-23 02:30:42,0.292
13304,2019-03-23 02:30:43,0.290
13305,2019-03-23 02:30:44,0.285
13306,2019-03-23 02:30:44,0.291
13307,2019-03-23 02:30:44,0.292
13308,2019-03-23 02:30:46,0.336
13309,2019-03-23 02:30:46,0.290
13310,2019-03-23 02:30:48,0.298
13311,2019-03-23 02:30:48,0.285
13312,2019-03-23 02:30:50,0.301
13313,2019-03-23 02:30:51,0.285
13314,2019-03-23 02:30:51,0.294
13315,2019-03-23 02:30:52,0.283
13316,2019-03-23 02:30:52,0.214
13317,2019-03-23 02:30:53,0.290
13318,2019-03-23 02:30:53,0.309
13319,2019-03-23 02:30:53,0.301
13320,2019-03-23 02:30:53,0.296
13321,2019-03-23 02:30:54,0.277
13322,2019-03-23 02:30:54,0.293
13323,2019-03-23 02:30:54,0.305
13324,2019-03-23 02:30:55,0.291
13325,2019-03-23 02:30:56,0.293
13326,2019-03-23 02:30:56,0.306
13327,2019-03-23 02:30:57,0.289
13328,2019-03-23 02:30:58,0.293
13329,2019-03-23 02:30:58,0.296
13330,2019-03-23 02:30:59,0.303
13331,2019-03-23 02:31:00,0.295
13332,2019-03-23 02:31:01,0.294
13333,2019-03-23 02:31:01,0.303
13334,2019-03-23 02:31:02,0.284
13335,2019-03-23 02:31:03,0.279
13336,2019-03-23 02:31:03,0.283
13337,2019-03-23 02:31:03,0.282
13338,2019-03-23 02:31:03,0.284
13339,2019-03-23 02:31:04,0.304
13340,2019-03-23 02:31:04,0.302
13341,2019-03-23 02:31:06,0.290
13342,2019-03-23 02:31:07,0.288
13343,2019-03-23 02:31:07,0.284
13344,2019-03-23 02:31:07,0.284
13345,2019-03-23 02:31:08,0.299
13346,2019-03-23 02:31:09,0.293
13347,2019-03-23 02:31:09,0.280
13348,2019-03-23 02:31:09,0.285
13349,2019-03-23 02:31:10,0.278
13350,2019-03-23 02:31:10,0.284
13351,2019-03-23 02:31:10,0.281
13352,2019-03-23 02:31:11,0.299
13353,2019-03-23 02:31:11,0.304
13354,2019-03-23 02:31:12,0.297
13355,2019-03-23 02:31:12,0.277
13356,2019-03-23 02:31:13,0.300
13357,2019-03-23 02:31:13,0.280
13358,2019-03-23 02:31:14,0.285
13359,2019-03-23 02:31:14,0.281
13360,2019-03-23 02:31:14,0.295
13361,2019-03-23 02:31:15,0.284
13362,2019-03-23 02:31:15,0.290
13363,2019-03-23 02:31:16,0.287
13364,2019-03-23 02:31:16,0.343
13365,2019-03-23 02:31:17,0.305
13366,2019-03-23 02:31:18,0.311
13367,2019-03-23 02:31:18,0.307
13368,2019-03-23 02:31:19,0.293
13369,2019-03-23 02:31:19,0.301
13370,2019-03-23 02:31:20,0.301
13371,2019-03-23 02:31:21,0.296
13372,2019-03-23 02:31:21,0.297
13373,2019-03-23 02:31:21,0.304
13374,2019-03-23 02:31:21,0.302
13375,2019-03-23 02:31:23,0.290
13376,2019-03-23 02:31:23,0.289
13377,2019-03-23 02:31:25,0.295
13378,2019-03-23 02:31:26,0.314
13379,2019-03-23 02:31:26,0.305
13380,2019-03-23 02:31:27,0.309
13381,2019-03-23 02:31:27,0.306
13382,2019-03-23 02:31:28,0.295
13383,2019-03-23 02:31:28,0.307
13384,2019-03-23 02:31:28,0.301
13385,2019-03-23 02:31:28,0.279
13386,2019-03-23 02:31:29,0.302
13387,2019-03-23 02:31:29,0.297
13388,2019-03-23 02:31:30,0.301
13389,2019-03-23 02:31:30,0.305
13390,2019-03-23 02:31:30,0.296
13391,2019-03-23 02:31:31,0.302
13392,2019-03-23 02:31:31,0.295
13393,2019-03-23 02:31:32,0.299
13394,2019-03-23 02:31:32,0.313
13395,2019-03-23 02:31:33,0.283
13396,2019-03-23 02:31:33,0.310
13397,2019-03-23 02:31:33,0.306
13398,2019-03-23 02:31:34,0.293
13399,2019-03-23 02:31:34,0.294
13400,2019-03-23 02:31:35,0.294
13401,2019-03-23 02:31:36,0.216
13402,2019-03-23 02:31:37,0.285
13403,2019-03-23 02:31:37,0.300
13404,2019-03-23 02:31:38,0.204
13405,2019-03-23 02:31:38,0.288
13406,2019-03-23 02:31:39,0.294
13407,2019-03-23 02:31:40,0.286
13408,2019-03-23 02:31:41,0.299
13409,2019-03-23 02:31:41,0.296
13410,2019-03-23 02:31:41,0.284
13411,2019-03-23 02:31:42,0.272
13412,2019-03-23 02:31:42,0.286
13413,2019-03-23 02:31:43,0.297
13414,2019-03-23 02:31:43,0.280
13415,2019-03-23 02:31:44,0.283
13416,2019-03-23 02:31:45,0.299
13417,2019-03-23 02:31:45,0.285
13418,2019-03-23 02:31:45,0.282
13419,2019-03-23 02:31:45,0.302
13420,2019-03-23 02:31:45,0.289
13421,2019-03-23 02:31:46,0.297
13422,2019-03-23 02:31:46,0.288
13423,2019-03-23 02:31:46,0.271
13424,2019-03-23 02:31:47,0.292
13425,2019-03-23 02:31:48,0.293
13426,2019-03-23 02:31:48,0.309
13427,2019-03-23 02:31:49,0.283
13428,2019-03-23 02:31:49,0.272
13429,2019-03-23 02:31:49,0.281
13430,2019-03-23 02:31:49,0.303
13431,2019-03-23 02:31:50,0.273
13432,2019-03-23 02:31:50,0.306
13433,2019-03-23 02:31:51,0.283
13434,2019-03-23 02:31:51,0.346
13435,2019-03-23 02:31:51,0.300
13436,2019-03-23 02:31:52,0.293
13437,2019-03-23 02:31:53,0.287
13438,2019-03-23 02:31:53,0.300
13439,2019-03-23 02:31:53,0.280
13440,2019-03-23 02:31:54,0.281
13441,2019-03-23 02:31:54,0.298
13442,2019-03-23 02:31:54,0.298
13443,2019-03-23 02:31:55,0.290
13444,2019-03-23 02:31:55,0.296
13445,2019-03-23 02:31:55,0.290
13446,2019-03-23 02:31:56,0.281
13447,2019-03-23 02:31:56,0.281
13448,2019-03-23 02:31:56,0.280
13449,2019-03-23 02:31:58,0.289
13450,2019-03-23 02:31:59,0.280
13451,2019-03-23 02:32:00,0.291
13452,2019-03-23 02:32:01,0.285
13453,2019-03-23 02:32:01,0.303
13454,2019-03-23 02:32:02,0.291
13455,2019-03-23 02:32:02,0.290
13456,2019-03-23 02:32:02,0.300
13457,2019-03-23 02:32:03,0.324
13458,2019-03-23 02:32:04,0.280
13459,2019-03-23 02:32:04,0.288
13460,2019-03-23 02:32:05,0.285
13461,2019-03-23 02:32:06,0.299
13462,2019-03-23 02:32:06,0.303
13463,2019-03-23 02:32:07,0.283
13464,2019-03-23 02:32:07,0.284
13465,2019-03-23 02:32:08,0.304
13466,2019-03-23 02:32:09,0.290
13467,2019-03-23 02:32:09,0.286
13468,2019-03-23 02:32:09,0.286
13469,2019-03-23 02:32:10,0.295
13470,2019-03-23 02:32:10,0.282
13471,2019-03-23 02:32:10,0.301
13472,2019-03-23 02:32:12,0.279
13473,2019-03-23 02:32:12,0.280
13474,2019-03-23 02:32:13,0.301
13475,2019-03-23 02:32:14,0.295
13476,2019-03-23 02:32:14,0.295
13477,2019-03-23 02:32:14,0.285
13478,2019-03-23 02:32:15,0.302
13479,2019-03-23 02:32:15,0.302
13480,2019-03-23 02:32:15,0.287
13481,2019-03-23 02:32:16,0.291
13482,2019-03-23 02:32:16,0.274
13483,2019-03-23 02:32:17,0.297
13484,2019-03-23 02:32:17,0.290
13485,2019-03-23 02:32:18,0.288
13486,2019-03-23 02:32:18,0.285
13487,2019-03-23 02:32:19,0.286
13488,2019-03-23 02:32:19,0.295
13489,2019-03-23 02:32:20,0.292
13490,2019-03-23 02:32:21,0.289
13491,2019-03-23 02:32:21,0.297
13492,2019-03-23 02:32:21,0.298
13493,2019-03-23 02:32:22,0.299
13494,2019-03-23 02:32:22,0.289
13495,2019-03-23 02:32:23,0.287
13496,2019-03-23 02:32:24,0.299
13497,2019-03-23 02:32:24,0.293
13498,2019-03-23 02:32:25,0.292
13499,2019-03-23 02:32:25,0.301
13500,2019-03-23 02:32:25,0.298
13501,2019-03-23 02:32:26,0.308
13502,2019-03-23 02:32:26,0.289
13503,2019-03-23 02:32:27,0.300
13504,2019-03-23 02:32:27,0.308
13505,2019-03-23 02:32:27,0.294
13506,2019-03-23 02:32:28,0.300
13507,2019-03-23 02:32:28,0.307
13508,2019-03-23 02:32:29,0.309
13509,2019-03-23 02:32:29,0.303
13510,2019-03-23 02:32:30,0.306
13511,2019-03-23 02:32:30,0.289
13512,2019-03-23 02:32:31,0.403
13513,2019-03-23 02:32:31,0.313
13514,2019-03-23 02:32:33,0.319
13515,2019-03-23 02:32:33,0.291
13516,2019-03-23 02:32:33,0.292
13517,2019-03-23 02:32:34,0.298
13518,2019-03-23 02:32:34,0.263
13519,2019-03-23 02:32:35,0.294
13520,2019-03-23 02:32:36,0.297
13521,2019-03-23 02:32:36,0.304
13522,2019-03-23 02:32:36,0.299
13523,2019-03-23 02:32:36,0.276
13524,2019-03-23 02:32:38,0.303
13525,2019-03-23 02:32:38,0.300
13526,2019-03-23 02:32:39,0.292
13527,2019-03-23 02:32:39,0.309
13528,2019-03-23 02:32:40,0.291
13529,2019-03-23 02:32:40,0.308
13530,2019-03-23 02:32:41,0.299
13531,2019-03-23 02:32:41,0.296
13532,2019-03-23 02:32:41,0.303
13533,2019-03-23 02:32:42,0.303
13534,2019-03-23 02:32:43,0.308
13535,2019-03-23 02:32:43,0.284
13536,2019-03-23 02:32:44,0.295
13537,2019-03-23 02:32:44,0.303
13538,2019-03-23 02:32:44,0.307
13539,2019-03-23 02:32:45,0.292
13540,2019-03-23 02:32:45,0.291
13541,2019-03-23 02:32:46,0.286
13542,2019-03-23 02:32:46,0.185
13543,2019-03-23 02:32:46,0.305
13544,2019-03-23 02:32:46,0.293
13545,2019-03-23 02:32:46,0.298
13546,2019-03-23 02:32:47,0.318
13547,2019-03-23 02:32:48,0.265
13548,2019-03-23 02:32:48,0.297
13549,2019-03-23 02:32:48,0.286
13550,2019-03-23 02:32:49,0.295
13551,2019-03-23 02:32:49,0.295
13552,2019-03-23 02:32:50,0.304
13553,2019-03-23 02:32:50,0.305
13554,2019-03-23 02:32:51,0.307
13555,2019-03-23 02:32:52,0.293
13556,2019-03-23 02:32:52,0.300
13557,2019-03-23 02:32:53,0.304
13558,2019-03-23 02:32:53,0.293
13559,2019-03-23 02:32:54,0.292
13560,2019-03-23 02:32:54,0.299
13561,2019-03-23 02:32:55,0.343
13562,2019-03-23 02:32:55,0.296
13563,2019-03-23 02:32:55,0.289
13564,2019-03-23 02:32:56,0.320
13565,2019-03-23 02:32:56,0.280
13566,2019-03-23 02:32:58,0.294
13567,2019-03-23 02:32:58,0.312
13568,2019-03-23 02:32:59,0.287
13569,2019-03-23 02:32:59,0.295
13570,2019-03-23 02:32:59,0.267
13571,2019-03-23 02:32:59,0.288
13572,2019-03-23 02:33:00,0.295
13573,2019-03-23 02:33:02,0.287
13574,2019-03-23 02:33:03,0.274
13575,2019-03-23 02:33:03,0.287
13576,2019-03-23 02:33:03,0.291
13577,2019-03-23 02:33:03,0.293
13578,2019-03-23 02:33:05,0.281
13579,2019-03-23 02:33:05,0.307
13580,2019-03-23 02:33:06,0.263
13581,2019-03-23 02:33:06,0.283
13582,2019-03-23 02:33:07,0.284
13583,2019-03-23 02:33:07,0.300
13584,2019-03-23 02:33:08,0.282
13585,2019-03-23 02:33:09,0.283
13586,2019-03-23 02:33:10,0.288
13587,2019-03-23 02:33:10,0.291
13588,2019-03-23 02:33:10,0.299
13589,2019-03-23 02:33:11,0.279
13590,2019-03-23 02:33:13,0.278
13591,2019-03-23 02:33:13,0.295
13592,2019-03-23 02:33:14,0.292
13593,2019-03-23 02:33:15,0.294
13594,2019-03-23 02:33:15,0.278
13595,2019-03-23 02:33:15,0.286
13596,2019-03-23 02:33:16,0.295
13597,2019-03-23 02:33:17,0.282
13598,2019-03-23 02:33:17,0.290
13599,2019-03-23 02:33:18,0.282
13600,2019-03-23 02:33:18,0.278
13601,2019-03-23 02:33:19,0.292
13602,2019-03-23 02:33:19,0.294
13603,2019-03-23 02:33:20,0.276
13604,2019-03-23 02:33:21,0.289
13605,2019-03-23 02:33:22,0.300
13606,2019-03-23 02:33:23,0.279
13607,2019-03-23 02:33:23,0.290
13608,2019-03-23 02:33:23,0.291
13609,2019-03-23 02:33:24,0.286
13610,2019-03-23 02:33:24,0.286
13611,2019-03-23 02:33:24,0.290
13612,2019-03-23 02:33:25,0.266
13613,2019-03-23 02:33:26,0.283
13614,2019-03-23 02:33:26,0.277
13615,2019-03-23 02:33:27,0.284
13616,2019-03-23 02:33:28,0.298
13617,2019-03-23 02:33:28,0.212
13618,2019-03-23 02:33:30,0.293
13619,2019-03-23 02:33:30,0.301
13620,2019-03-23 02:33:31,0.275
13621,2019-03-23 02:33:32,0.296
13622,2019-03-23 02:33:32,0.306
13623,2019-03-23 02:33:32,0.288
13624,2019-03-23 02:33:33,0.292
13625,2019-03-23 02:33:33,0.272
13626,2019-03-23 02:33:33,0.290
13627,2019-03-23 02:33:33,0.287
13628,2019-03-23 02:33:34,0.278
13629,2019-03-23 02:33:35,0.295
13630,2019-03-23 02:33:36,0.291
13631,2019-03-23 02:33:37,0.289
13632,2019-03-23 02:33:38,0.300
13633,2019-03-23 02:33:38,0.300
13634,2019-03-23 02:33:40,0.283
13635,2019-03-23 02:33:41,0.291
13636,2019-03-23 02:33:41,0.296
13637,2019-03-23 02:33:42,0.279
13638,2019-03-23 02:33:42,0.279
13639,2019-03-23 02:33:43,0.294
13640,2019-03-23 02:33:43,0.306
13641,2019-03-23 02:33:44,0.296
13642,2019-03-23 02:33:44,0.268
13643,2019-03-23 02:33:44,0.280
13644,2019-03-23 02:33:45,0.289
13645,2019-03-23 02:33:47,0.291
13646,2019-03-23 02:33:48,0.298
13647,2019-03-23 02:33:48,0.290
13648,2019-03-23 02:33:48,0.301
13649,2019-03-23 02:33:49,0.287
13650,2019-03-23 02:33:50,0.293
13651,2019-03-23 02:33:50,0.287
13652,2019-03-23 02:33:50,0.287
13653,2019-03-23 02:33:50,0.289
13654,2019-03-23 02:33:51,0.291
13655,2019-03-23 02:33:52,0.294
13656,2019-03-23 02:33:52,0.284
13657,2019-03-23 02:33:52,0.267
13658,2019-03-23 02:33:52,0.292
13659,2019-03-23 02:33:53,0.291
13660,2019-03-23 02:33:53,0.292
13661,2019-03-23 02:33:54,0.283
13662,2019-03-23 02:33:55,0.302
13663,2019-03-23 02:33:56,0.291
13664,2019-03-23 02:33:56,0.297
13665,2019-03-23 02:33:56,0.283
13666,2019-03-23 02:33:57,0.285
13667,2019-03-23 02:33:57,0.302
13668,2019-03-23 02:33:58,0.297
13669,2019-03-23 02:36:05,0.283
13670,2019-03-23 02:36:05,0.276
13671,2019-03-23 02:36:05,0.310
13672,2019-03-23 02:36:05,0.289
13673,2019-03-23 02:36:06,0.301
13674,2019-03-23 02:36:06,0.286
13675,2019-03-23 02:36:07,0.286
13676,2019-03-23 02:36:07,0.330
13677,2019-03-23 02:36:07,0.287
13678,2019-03-23 02:36:07,0.298
13679,2019-03-23 02:36:07,0.298
13680,2019-03-23 02:36:08,0.287
13681,2019-03-23 02:36:08,0.298
13682,2019-03-23 02:36:08,0.291
13683,2019-03-23 02:36:08,0.281
13684,2019-03-23 02:36:08,0.291
13685,2019-03-23 02:36:08,0.296
13686,2019-03-23 02:36:08,0.273
13687,2019-03-23 02:36:08,0.291
13688,2019-03-23 02:36:08,0.295
13689,2019-03-23 02:36:08,0.285
13690,2019-03-23 02:36:09,0.302
13691,2019-03-23 02:36:09,0.299
13692,2019-03-23 02:36:09,0.288
13693,2019-03-23 02:36:09,0.281
13694,2019-03-23 02:36:09,0.291
13695,2019-03-23 02:36:09,0.295
13696,2019-03-23 02:36:09,0.284
13697,2019-03-23 02:36:10,0.292
13698,2019-03-23 02:36:10,0.297
13699,2019-03-23 02:36:11,0.288
13700,2019-03-23 02:36:11,0.277
13701,2019-03-23 02:36:11,0.303
13702,2019-03-23 02:36:11,0.295
13703,2019-03-23 02:36:11,0.280
13704,2019-03-23 02:36:11,0.301
13705,2019-03-23 02:36:11,0.294
13706,2019-03-23 02:36:12,0.262
13707,2019-03-23 02:36:12,0.279
13708,2019-03-23 02:36:12,0.286
13709,2019-03-23 02:36:12,0.292
13710,2019-03-23 02:36:12,0.280
13711,2019-03-23 02:36:12,0.266
13712,2019-03-23 02:36:12,0.295
13713,2019-03-23 02:36:13,0.276
13714,2019-03-23 02:36:13,0.285
13715,2019-03-23 02:36:13,0.289
13716,2019-03-23 02:36:13,0.290
13717,2019-03-23 02:36:13,0.293
13718,2019-03-23 02:36:14,0.297
13719,2019-03-23 02:36:14,0.290
13720,2019-03-23 02:36:14,0.289
13721,2019-03-23 02:36:14,0.282
13722,2019-03-23 02:36:15,0.284
13723,2019-03-23 02:36:15,0.280
13724,2019-03-23 02:36:15,0.291
13725,2019-03-23 02:36:15,0.282
13726,2019-03-23 02:36:15,0.294
13727,2019-03-23 02:36:15,0.290
13728,2019-03-23 02:36:16,0.284
13729,2019-03-23 02:36:16,0.290
13730,2019-03-23 02:36:16,0.293
13731,2019-03-23 02:36:17,0.287
13732,2019-03-23 02:36:18,0.287
13733,2019-03-23 02:36:18,0.289
13734,2019-03-23 02:36:18,0.299
13735,2019-03-23 02:36:18,0.297
13736,2019-03-23 02:36:18,0.292
13737,2019-03-23 02:36:18,0.309
13738,2019-03-23 02:36:19,0.282
13739,2019-03-23 02:36:19,0.300
13740,2019-03-23 02:36:19,0.306
13741,2019-03-23 02:36:19,0.281
13742,2019-03-23 02:36:20,0.275
13743,2019-03-23 02:36:20,0.287
13744,2019-03-23 02:36:21,0.290
13745,2019-03-23 02:36:21,0.272
13746,2019-03-23 02:36:21,0.281
13747,2019-03-23 02:36:21,0.290
13748,2019-03-23 02:36:21,0.288
13749,2019-03-23 02:36:21,0.289
13750,2019-03-23 02:36:21,0.298
13751,2019-03-23 02:36:22,0.295
13752,2019-03-23 02:36:22,0.281
13753,2019-03-23 02:36:23,0.297
13754,2019-03-23 02:36:23,0.284
13755,2019-03-23 02:36:23,0.286
13756,2019-03-23 02:36:23,0.279
13757,2019-03-23 02:36:24,0.303
13758,2019-03-23 02:36:24,0.192
13759,2019-03-23 02:36:24,0.294
13760,2019-03-23 02:36:25,0.303
13761,2019-03-23 02:36:25,0.300
13762,2019-03-23 02:36:26,0.298
13763,2019-03-23 02:36:26,0.290
13764,2019-03-23 02:36:26,0.288
13765,2019-03-23 02:36:26,0.286
13766,2019-03-23 02:36:27,0.293
13767,2019-03-23 02:36:27,0.285
13768,2019-03-23 02:36:28,0.294
13769,2019-03-23 02:36:28,0.301
13770,2019-03-23 02:36:28,0.289
13771,2019-03-23 02:36:29,0.280
13772,2019-03-23 02:36:29,0.293
13773,2019-03-23 02:36:29,0.291
13774,2019-03-23 02:36:29,0.293
13775,2019-03-23 02:36:30,0.299
13776,2019-03-23 02:36:30,0.304
13777,2019-03-23 02:36:31,0.282
13778,2019-03-23 02:36:32,0.286
13779,2019-03-23 02:36:32,0.285
13780,2019-03-23 02:36:32,0.287
13781,2019-03-23 02:36:32,0.304
13782,2019-03-23 02:36:33,0.288
13783,2019-03-23 02:36:33,0.293
13784,2019-03-23 02:36:34,0.287
13785,2019-03-23 02:36:34,0.303
13786,2019-03-23 02:36:34,0.286
13787,2019-03-23 02:36:34,0.290
13788,2019-03-23 02:36:34,0.289
13789,2019-03-23 02:36:34,0.282
13790,2019-03-23 02:36:35,0.316
13791,2019-03-23 02:36:35,0.290
13792,2019-03-23 02:36:36,0.290
13793,2019-03-23 02:36:37,0.283
13794,2019-03-23 02:36:37,0.307
13795,2019-03-23 02:36:37,0.293
13796,2019-03-23 02:36:38,0.267
13797,2019-03-23 02:36:39,0.300
13798,2019-03-23 02:36:39,0.286
13799,2019-03-23 02:36:39,0.308
13800,2019-03-23 02:36:40,0.285
13801,2019-03-23 02:36:41,0.287
13802,2019-03-23 02:36:42,0.293
13803,2019-03-23 02:36:43,0.298
13804,2019-03-23 02:36:44,0.306
13805,2019-03-23 02:36:44,0.276
13806,2019-03-23 02:36:45,0.279
13807,2019-03-23 02:36:46,0.286
13808,2019-03-23 02:36:46,0.294
13809,2019-03-23 02:36:46,0.277
13810,2019-03-23 02:36:46,0.284
13811,2019-03-23 02:36:47,0.294
13812,2019-03-23 02:36:47,0.281
13813,2019-03-23 02:36:47,0.286
13814,2019-03-23 02:36:48,0.295
13815,2019-03-23 02:36:50,0.304
13816,2019-03-23 02:36:51,0.288
13817,2019-03-23 02:36:51,0.292
13818,2019-03-23 02:36:52,0.306
13819,2019-03-23 02:36:52,0.294
13820,2019-03-23 02:36:52,0.278
13821,2019-03-23 02:36:53,0.277
13822,2019-03-23 02:36:53,0.289
13823,2019-03-23 02:36:55,0.279
13824,2019-03-23 02:36:56,0.301
13825,2019-03-23 02:36:57,0.276
13826,2019-03-23 02:36:57,0.299
13827,2019-03-23 02:36:57,0.287
13828,2019-03-23 02:36:59,0.300
13829,2019-03-23 02:37:00,0.287
13830,2019-03-23 02:37:00,0.289
13831,2019-03-23 02:37:00,0.299
13832,2019-03-23 02:37:00,0.288
13833,2019-03-23 02:37:01,0.292
13834,2019-03-23 02:37:01,0.294
13835,2019-03-23 02:37:01,0.294
13836,2019-03-23 02:37:02,0.298
13837,2019-03-23 02:37:03,0.291
13838,2019-03-23 02:37:03,0.285
13839,2019-03-23 02:37:04,0.285
13840,2019-03-23 02:37:05,0.289
13841,2019-03-23 02:37:06,0.276
13842,2019-03-23 02:37:07,0.292
13843,2019-03-23 02:37:07,0.304
13844,2019-03-23 02:37:08,0.292
13845,2019-03-23 02:37:08,0.283
13846,2019-03-23 02:37:08,0.285
13847,2019-03-23 02:37:09,0.286
13848,2019-03-23 02:37:09,0.295
13849,2019-03-23 02:37:10,0.285
13850,2019-03-23 02:37:11,0.287
13851,2019-03-23 02:37:11,0.300
13852,2019-03-23 02:37:11,0.297
13853,2019-03-23 02:37:12,0.286
13854,2019-03-23 02:37:13,0.302
13855,2019-03-23 02:37:14,0.307
13856,2019-03-23 02:37:14,0.292
13857,2019-03-23 02:37:15,0.291
13858,2019-03-23 02:37:16,0.295
13859,2019-03-23 02:37:17,0.287
13860,2019-03-23 02:37:18,0.287
13861,2019-03-23 02:37:18,0.288
13862,2019-03-23 02:37:19,0.262
13863,2019-03-23 02:37:19,0.287
13864,2019-03-23 02:37:20,0.296
13865,2019-03-23 02:37:21,0.290
13866,2019-03-23 02:37:21,0.294
13867,2019-03-23 02:37:21,0.282
13868,2019-03-23 02:37:22,0.301
13869,2019-03-23 02:37:24,0.298
13870,2019-03-23 02:37:24,0.291
13871,2019-03-23 02:37:25,0.298
13872,2019-03-23 02:37:25,0.300
13873,2019-03-23 02:37:26,0.298
13874,2019-03-23 02:37:27,0.285
13875,2019-03-23 02:37:27,0.285
13876,2019-03-23 02:37:27,0.287
13877,2019-03-23 02:37:28,0.281
13878,2019-03-23 02:37:28,0.275
13879,2019-03-23 02:37:28,0.293
13880,2019-03-23 02:37:29,0.290
13881,2019-03-23 02:37:29,0.292
13882,2019-03-23 02:37:30,0.284
13883,2019-03-23 02:37:31,0.275
13884,2019-03-23 02:37:31,0.289
13885,2019-03-23 02:37:31,0.284
13886,2019-03-23 02:37:31,0.294
13887,2019-03-23 02:37:32,0.283
13888,2019-03-23 02:37:32,0.279
13889,2019-03-23 02:37:33,0.299
13890,2019-03-23 02:37:33,0.286
13891,2019-03-23 02:37:34,0.305
13892,2019-03-23 02:37:34,0.386
13893,2019-03-23 02:37:35,0.290
13894,2019-03-23 02:37:36,0.292
13895,2019-03-23 02:37:36,0.306
13896,2019-03-23 02:37:36,0.293
13897,2019-03-23 02:37:37,0.294
13898,2019-03-23 02:37:37,0.291
13899,2019-03-23 02:37:37,0.297
13900,2019-03-23 02:37:38,0.290
13901,2019-03-23 02:37:38,0.296
13902,2019-03-23 02:37:39,0.295
13903,2019-03-23 02:37:39,0.277
13904,2019-03-23 02:37:39,0.279
13905,2019-03-23 02:37:41,0.286
13906,2019-03-23 02:37:42,0.280
13907,2019-03-23 02:37:43,0.300
13908,2019-03-23 02:37:44,0.380
13909,2019-03-23 02:37:44,0.288
13910,2019-03-23 02:37:45,0.299
13911,2019-03-23 02:37:46,0.284
13912,2019-03-23 02:37:46,0.292
13913,2019-03-23 02:37:47,0.292
13914,2019-03-23 02:37:48,0.423
13915,2019-03-23 02:37:49,0.278
13916,2019-03-23 02:37:49,0.359
13917,2019-03-23 02:37:49,0.281
13918,2019-03-23 02:37:49,0.285
13919,2019-03-23 02:37:49,0.295
13920,2019-03-23 02:37:51,0.290
13921,2019-03-23 02:37:51,0.314
13922,2019-03-23 02:37:51,0.291
13923,2019-03-23 02:37:52,0.280
13924,2019-03-23 02:37:52,0.293
13925,2019-03-23 02:37:53,0.284
13926,2019-03-23 02:37:53,0.289
13927,2019-03-23 02:37:54,0.285
13928,2019-03-23 02:37:54,0.290
13929,2019-03-23 02:37:54,0.300
13930,2019-03-23 02:37:54,0.281
13931,2019-03-23 02:37:55,0.294
13932,2019-03-23 02:37:56,0.303
13933,2019-03-23 02:37:56,0.300
13934,2019-03-23 02:37:57,0.300
13935,2019-03-23 02:37:57,0.295
13936,2019-03-23 02:37:57,0.299
13937,2019-03-23 02:37:58,0.287
13938,2019-03-23 02:37:58,0.295
13939,2019-03-23 02:37:58,0.308
13940,2019-03-23 02:37:59,0.309
13941,2019-03-23 02:37:59,0.289
13942,2019-03-23 02:38:02,0.309
13943,2019-03-23 02:38:02,0.302
13944,2019-03-23 02:38:03,0.302
13945,2019-03-23 02:38:04,0.287
13946,2019-03-23 02:38:04,0.296
13947,2019-03-23 02:38:04,0.290
13948,2019-03-23 02:38:05,0.294
13949,2019-03-23 02:38:05,0.286
13950,2019-03-23 02:38:06,0.299
13951,2019-03-23 02:38:06,0.308
13952,2019-03-23 02:38:07,0.311
13953,2019-03-23 02:38:07,0.287
13954,2019-03-23 02:38:08,0.288
13955,2019-03-23 02:38:09,0.301
13956,2019-03-23 02:38:10,0.283
13957,2019-03-23 02:38:10,0.299
13958,2019-03-23 02:38:11,0.296
13959,2019-03-23 02:38:12,0.298
13960,2019-03-23 02:38:12,0.282
13961,2019-03-23 02:38:13,0.296
13962,2019-03-23 02:38:13,0.297
13963,2019-03-23 02:38:14,0.292
13964,2019-03-23 02:38:15,0.299
13965,2019-03-23 02:38:15,0.294
13966,2019-03-23 02:38:16,0.295
13967,2019-03-23 02:38:16,0.296
13968,2019-03-23 02:38:16,0.299
13969,2019-03-23 02:38:18,0.284
13970,2019-03-23 02:38:18,0.291
13971,2019-03-23 02:38:18,0.288
13972,2019-03-23 02:38:18,0.274
13973,2019-03-23 02:38:18,0.298
13974,2019-03-23 02:38:19,0.291
13975,2019-03-23 02:38:19,0.285
13976,2019-03-23 02:38:19,0.300
13977,2019-03-23 02:38:19,0.297
13978,2019-03-23 02:38:20,0.289
13979,2019-03-23 02:38:20,0.283
13980,2019-03-23 02:38:21,0.299
13981,2019-03-23 02:38:22,0.293
13982,2019-03-23 02:38:23,0.288
13983,2019-03-23 02:38:23,0.277
13984,2019-03-23 02:38:24,0.285
13985,2019-03-23 02:38:24,0.285
13986,2019-03-23 02:38:25,0.287
13987,2019-03-23 02:38:25,0.304
13988,2019-03-23 02:38:26,0.295
13989,2019-03-23 02:38:26,0.310
13990,2019-03-23 02:38:27,0.295
13991,2019-03-23 02:38:27,0.314
13992,2019-03-23 02:38:29,0.276
13993,2019-03-23 02:38:29,0.298
13994,2019-03-23 02:38:29,0.304
13995,2019-03-23 02:38:30,0.290
13996,2019-03-23 02:38:30,0.264
13997,2019-03-23 02:38:31,0.292
13998,2019-03-23 02:38:31,0.285
13999,2019-03-23 02:38:32,0.296
14000,2019-03-23 02:38:32,0.291
14001,2019-03-23 02:38:33,0.283
14002,2019-03-23 02:38:33,0.309
14003,2019-03-23 02:38:34,0.295
14004,2019-03-23 02:38:35,0.285
14005,2019-03-23 02:38:36,0.289
14006,2019-03-23 02:38:36,0.287
14007,2019-03-23 02:38:36,0.294
14008,2019-03-23 02:38:37,0.289
14009,2019-03-23 02:38:38,0.278
14010,2019-03-23 02:38:38,0.292
14011,2019-03-23 02:38:38,0.293
14012,2019-03-23 02:38:39,0.278
14013,2019-03-23 02:38:39,0.295
14014,2019-03-23 02:38:40,0.288
14015,2019-03-23 02:38:40,0.288
14016,2019-03-23 02:38:40,0.289
14017,2019-03-23 02:38:41,0.303
14018,2019-03-23 02:38:42,0.297
14019,2019-03-23 02:38:42,0.297
14020,2019-03-23 02:38:43,0.287
14021,2019-03-23 02:38:43,0.280
14022,2019-03-23 02:38:44,0.278
14023,2019-03-23 02:38:44,0.274
14024,2019-03-23 02:38:44,0.281
14025,2019-03-23 02:38:45,0.285
14026,2019-03-23 02:38:45,0.298
14027,2019-03-23 02:38:46,0.301
14028,2019-03-23 02:38:47,0.290
14029,2019-03-23 02:38:48,0.289
14030,2019-03-23 02:38:48,0.283
14031,2019-03-23 02:38:49,0.287
14032,2019-03-23 02:38:49,0.295
14033,2019-03-23 02:38:49,0.270
14034,2019-03-23 02:38:49,0.275
14035,2019-03-23 02:38:51,0.290
14036,2019-03-23 02:38:52,0.293
14037,2019-03-23 02:38:52,0.292
14038,2019-03-23 02:38:53,0.291
14039,2019-03-23 02:38:54,0.311
14040,2019-03-23 02:38:54,0.287
14041,2019-03-23 02:38:54,0.276
14042,2019-03-23 02:38:55,0.278
14043,2019-03-23 02:38:55,0.288
14044,2019-03-23 02:38:56,0.295
14045,2019-03-23 02:38:57,0.280
14046,2019-03-23 02:38:57,0.295
14047,2019-03-23 02:38:58,0.300
14048,2019-03-23 02:38:58,0.299
14049,2019-03-23 02:38:59,0.298
14050,2019-03-23 02:38:59,0.283
14051,2019-03-23 02:39:01,0.290
14052,2019-03-23 02:39:02,0.299
14053,2019-03-23 02:39:03,0.278
14054,2019-03-23 02:39:04,0.294
14055,2019-03-23 02:39:04,0.286
14056,2019-03-23 02:39:05,0.274
14057,2019-03-23 02:39:05,0.293
14058,2019-03-23 02:39:06,0.286
14059,2019-03-23 02:39:06,0.290
14060,2019-03-23 02:39:06,0.286
14061,2019-03-23 02:39:07,0.284
14062,2019-03-23 02:39:07,0.285
14063,2019-03-23 02:39:07,0.294
14064,2019-03-23 02:39:07,0.294
14065,2019-03-23 02:39:07,0.294
14066,2019-03-23 02:39:09,0.293
14067,2019-03-23 02:39:09,0.295
14068,2019-03-23 02:39:09,0.293
14069,2019-03-23 02:39:10,0.281
14070,2019-03-23 02:39:11,0.280
14071,2019-03-23 02:39:11,0.287
14072,2019-03-23 02:39:11,0.282
14073,2019-03-23 02:39:12,0.278
14074,2019-03-23 02:39:12,0.291
14075,2019-03-23 02:39:13,0.288
14076,2019-03-23 02:39:13,0.294
14077,2019-03-23 02:39:15,0.276
14078,2019-03-23 02:39:17,0.288
14079,2019-03-23 02:39:17,0.276
14080,2019-03-23 02:39:18,0.297
14081,2019-03-23 02:39:18,0.286
14082,2019-03-23 02:39:19,0.298
14083,2019-03-23 02:39:20,0.297
14084,2019-03-23 02:39:21,0.294
14085,2019-03-23 02:39:22,0.313
14086,2019-03-23 02:39:22,0.279
14087,2019-03-23 02:39:23,0.293
14088,2019-03-23 02:39:24,0.288
14089,2019-03-23 02:39:24,0.278
14090,2019-03-23 02:39:24,0.289
14091,2019-03-23 02:39:24,0.286
14092,2019-03-23 02:39:25,0.294
14093,2019-03-23 02:39:25,0.316
14094,2019-03-23 02:39:25,0.266
14095,2019-03-23 02:39:26,0.304
14096,2019-03-23 02:39:27,0.290
14097,2019-03-23 02:39:28,0.299
14098,2019-03-23 02:39:28,0.283
14099,2019-03-23 02:39:28,0.297
14100,2019-03-23 02:39:29,0.297
14101,2019-03-23 02:39:29,0.296
14102,2019-03-23 02:39:29,0.307
14103,2019-03-23 02:39:30,0.301
14104,2019-03-23 02:39:30,0.299
14105,2019-03-23 02:39:30,0.289
14106,2019-03-23 02:39:30,0.273
14107,2019-03-23 02:39:30,0.302
14108,2019-03-23 02:39:30,0.276
14109,2019-03-23 02:39:31,0.295
14110,2019-03-23 02:39:31,0.291
14111,2019-03-23 02:39:31,0.294
14112,2019-03-23 02:39:31,0.291
14113,2019-03-23 02:39:33,0.291
14114,2019-03-23 02:39:34,0.284
14115,2019-03-23 02:39:34,0.290
14116,2019-03-23 02:39:35,0.300
14117,2019-03-23 02:39:36,0.413
14118,2019-03-23 02:39:36,0.286
14119,2019-03-23 02:39:38,0.283
14120,2019-03-23 02:39:38,0.285
14121,2019-03-23 02:39:38,0.301
14122,2019-03-23 02:39:38,0.283
14123,2019-03-23 02:39:39,0.290
14124,2019-03-23 02:39:40,0.289
14125,2019-03-23 02:39:41,0.287
14126,2019-03-23 02:39:41,0.296
14127,2019-03-23 02:39:42,0.291
14128,2019-03-23 02:39:42,0.286
14129,2019-03-23 02:39:42,0.303
14130,2019-03-23 02:39:43,0.293
14131,2019-03-23 02:39:43,0.263
14132,2019-03-23 02:39:43,0.286
14133,2019-03-23 02:39:45,0.298
14134,2019-03-23 02:39:45,0.285
14135,2019-03-23 02:39:46,0.270
14136,2019-03-23 02:39:47,0.295
14137,2019-03-23 02:39:48,0.296
14138,2019-03-23 02:39:48,0.270
14139,2019-03-23 02:39:49,0.291
14140,2019-03-23 02:39:49,0.216
14141,2019-03-23 02:39:49,0.296
14142,2019-03-23 02:39:49,0.294
14143,2019-03-23 02:39:49,0.285
14144,2019-03-23 02:39:50,0.306
14145,2019-03-23 02:39:50,0.303
14146,2019-03-23 02:39:51,0.280
14147,2019-03-23 02:39:51,0.308
14148,2019-03-23 02:39:52,0.292
14149,2019-03-23 02:39:54,0.409
14150,2019-03-23 02:39:54,0.290
14151,2019-03-23 02:39:55,0.295
14152,2019-03-23 02:39:56,0.281
14153,2019-03-23 02:39:57,0.299
14154,2019-03-23 02:39:58,0.296
14155,2019-03-23 02:39:58,0.295
14156,2019-03-23 02:39:58,0.287
14157,2019-03-23 02:39:58,0.303
14158,2019-03-23 02:39:59,0.298
14159,2019-03-23 02:40:00,0.380
14160,2019-03-23 02:40:00,0.294
14161,2019-03-23 02:40:00,0.301
14162,2019-03-23 02:40:01,0.284
14163,2019-03-23 02:40:03,0.283
14164,2019-03-23 02:40:03,0.291
14165,2019-03-23 02:40:03,0.299
14166,2019-03-23 02:40:06,0.298
14167,2019-03-23 02:40:06,0.283
14168,2019-03-23 02:40:07,0.291
14169,2019-03-23 02:40:08,0.290
14170,2019-03-23 02:40:08,0.292
14171,2019-03-23 02:40:10,0.294
14172,2019-03-23 02:40:10,0.288
14173,2019-03-23 02:40:11,0.295
14174,2019-03-23 02:40:11,0.303
14175,2019-03-23 02:40:12,0.288
14176,2019-03-23 02:40:12,0.290
14177,2019-03-23 02:40:13,0.287
14178,2019-03-23 02:40:14,0.294
14179,2019-03-23 02:40:15,0.281
14180,2019-03-23 02:40:16,0.303
14181,2019-03-23 02:40:16,0.291
14182,2019-03-23 02:40:16,0.284
14183,2019-03-23 02:40:17,0.293
14184,2019-03-23 02:40:18,0.292
14185,2019-03-23 02:40:18,0.294
14186,2019-03-23 02:40:19,0.291
14187,2019-03-23 02:40:20,0.282
14188,2019-03-23 02:40:20,0.190
14189,2019-03-23 02:40:20,0.280
14190,2019-03-23 02:40:21,0.300
14191,2019-03-23 02:40:21,0.298
14192,2019-03-23 02:40:22,0.282
14193,2019-03-23 02:40:23,0.289
14194,2019-03-23 02:40:23,0.282
14195,2019-03-23 02:40:23,0.301
14196,2019-03-23 02:40:24,0.295
14197,2019-03-23 02:40:24,0.287
14198,2019-03-23 02:40:24,0.293
14199,2019-03-23 02:40:24,0.292
14200,2019-03-23 02:40:26,0.296
14201,2019-03-23 02:40:26,0.291
14202,2019-03-23 02:40:27,0.305
14203,2019-03-23 02:40:27,0.292
14204,2019-03-23 02:40:27,0.292
14205,2019-03-23 02:40:28,0.302
14206,2019-03-23 02:40:28,0.285
14207,2019-03-23 02:40:28,0.286
14208,2019-03-23 02:40:28,0.291
14209,2019-03-23 02:40:29,0.284
14210,2019-03-23 02:40:29,0.301
14211,2019-03-23 02:40:29,0.285
14212,2019-03-23 02:40:31,0.290
14213,2019-03-23 02:40:31,0.282
14214,2019-03-23 02:40:32,0.292
14215,2019-03-23 02:40:32,0.283
14216,2019-03-23 02:40:32,0.299
14217,2019-03-23 02:40:33,0.292
14218,2019-03-23 02:40:33,0.276
14219,2019-03-23 02:40:33,0.277
14220,2019-03-23 02:40:34,0.291
14221,2019-03-23 02:40:34,0.286
14222,2019-03-23 02:40:35,0.294
14223,2019-03-23 02:40:36,0.279
14224,2019-03-23 02:40:36,0.302
14225,2019-03-23 02:40:36,0.285
14226,2019-03-23 02:40:36,0.264
14227,2019-03-23 02:40:37,0.302
14228,2019-03-23 02:40:39,0.298
14229,2019-03-23 02:40:40,0.290
14230,2019-03-23 02:40:41,0.278
14231,2019-03-23 02:40:43,0.308
14232,2019-03-23 02:40:43,0.294
14233,2019-03-23 02:40:44,0.289
14234,2019-03-23 02:40:44,0.290
14235,2019-03-23 02:40:44,0.305
14236,2019-03-23 02:40:45,0.212
14237,2019-03-23 02:40:45,0.296
14238,2019-03-23 02:40:45,0.286
14239,2019-03-23 02:40:46,0.303
14240,2019-03-23 02:40:47,0.299
14241,2019-03-23 02:40:48,0.285
14242,2019-03-23 02:40:48,0.294
14243,2019-03-23 02:40:48,0.276
14244,2019-03-23 02:40:49,0.294
14245,2019-03-23 02:40:49,0.276
14246,2019-03-23 02:40:50,0.293
14247,2019-03-23 02:40:50,0.284
14248,2019-03-23 02:40:51,0.290
14249,2019-03-23 02:40:51,0.294
14250,2019-03-23 02:40:51,0.287
14251,2019-03-23 02:40:52,0.287
14252,2019-03-23 02:40:52,0.272
14253,2019-03-23 02:40:53,0.293
14254,2019-03-23 02:40:53,0.282
14255,2019-03-23 02:40:53,0.292
14256,2019-03-23 02:40:54,0.300
14257,2019-03-23 02:40:54,0.279
14258,2019-03-23 02:40:55,0.287
14259,2019-03-23 02:40:55,0.294
14260,2019-03-23 02:40:55,0.298
14261,2019-03-23 02:40:56,0.293
14262,2019-03-23 02:40:56,0.303
14263,2019-03-23 02:40:57,0.305
14264,2019-03-23 02:40:57,0.283
14265,2019-03-23 02:40:57,0.298
14266,2019-03-23 02:40:59,0.289
14267,2019-03-23 02:40:59,0.290
14268,2019-03-23 02:40:59,0.289
14269,2019-03-23 02:41:00,0.292
14270,2019-03-23 02:41:00,0.289
14271,2019-03-23 02:41:01,0.299
14272,2019-03-23 02:41:01,0.300
14273,2019-03-23 02:41:02,0.278
14274,2019-03-23 02:41:02,0.292
14275,2019-03-23 02:41:03,0.294
14276,2019-03-23 02:41:03,0.277
14277,2019-03-23 02:41:03,0.291
14278,2019-03-23 02:41:03,0.288
14279,2019-03-23 02:41:04,0.296
14280,2019-03-23 02:41:04,0.293
14281,2019-03-23 02:41:04,0.285
14282,2019-03-23 02:41:05,0.285
14283,2019-03-23 02:41:05,0.302
14284,2019-03-23 02:41:07,0.292
14285,2019-03-23 02:41:07,0.300
14286,2019-03-23 02:41:08,0.300
14287,2019-03-23 02:41:08,0.281
14288,2019-03-23 02:41:08,0.288
14289,2019-03-23 02:41:08,0.295
14290,2019-03-23 02:41:08,0.285
14291,2019-03-23 02:41:09,0.280
14292,2019-03-23 02:41:10,0.293
14293,2019-03-23 02:41:10,0.284
14294,2019-03-23 02:41:10,0.307
14295,2019-03-23 02:41:11,0.301
14296,2019-03-23 02:41:11,0.289
14297,2019-03-23 02:41:12,0.293
14298,2019-03-23 02:41:13,0.276
14299,2019-03-23 02:41:13,0.280
14300,2019-03-23 02:41:13,0.262
14301,2019-03-23 02:41:14,0.299
14302,2019-03-23 02:41:14,0.293
14303,2019-03-23 02:41:16,0.284
14304,2019-03-23 02:41:17,0.300
14305,2019-03-23 02:41:17,0.296
14306,2019-03-23 02:41:17,0.300
14307,2019-03-23 02:41:18,0.314
14308,2019-03-23 02:41:18,0.293
14309,2019-03-23 02:41:19,0.294
14310,2019-03-23 02:41:19,0.291
14311,2019-03-23 02:41:19,0.297
14312,2019-03-23 02:41:20,0.283
14313,2019-03-23 02:41:20,0.282
14314,2019-03-23 02:41:21,0.284
14315,2019-03-23 02:41:22,0.294
14316,2019-03-23 02:41:23,0.299
14317,2019-03-23 02:41:23,0.295
14318,2019-03-23 02:41:24,0.299
14319,2019-03-23 02:41:25,0.295
14320,2019-03-23 02:41:26,0.286
14321,2019-03-23 02:41:26,0.274
14322,2019-03-23 02:41:30,0.288
14323,2019-03-23 02:41:30,0.288
14324,2019-03-23 02:41:31,0.287
14325,2019-03-23 02:41:31,0.307
14326,2019-03-23 02:41:32,0.288
14327,2019-03-23 02:41:32,0.306
14328,2019-03-23 02:41:32,0.288
14329,2019-03-23 02:41:33,0.287
14330,2019-03-23 02:41:33,0.281
14331,2019-03-23 02:41:33,0.297
14332,2019-03-23 02:41:34,0.286
14333,2019-03-23 02:41:35,0.285
14334,2019-03-23 02:41:35,0.298
14335,2019-03-23 02:41:35,0.294
14336,2019-03-23 02:41:36,0.184
14337,2019-03-23 02:41:36,0.290
14338,2019-03-23 02:41:36,0.290
14339,2019-03-23 02:41:37,0.304
14340,2019-03-23 02:41:38,0.285
14341,2019-03-23 02:41:39,0.270
14342,2019-03-23 02:41:39,0.295
14343,2019-03-23 02:41:39,0.288
14344,2019-03-23 02:41:39,0.288
14345,2019-03-23 02:41:40,0.285
14346,2019-03-23 02:41:40,0.283
14347,2019-03-23 02:41:40,0.290
14348,2019-03-23 02:41:40,0.280
14349,2019-03-23 02:41:41,0.298
14350,2019-03-23 02:41:43,0.285
14351,2019-03-23 02:41:43,0.294
14352,2019-03-23 02:41:44,0.292
14353,2019-03-23 02:41:46,0.308
14354,2019-03-23 02:41:46,0.278
14355,2019-03-23 02:41:48,0.299
14356,2019-03-23 02:41:49,0.213
14357,2019-03-23 02:41:50,0.285
14358,2019-03-23 02:41:50,0.297
14359,2019-03-23 02:41:51,0.285
14360,2019-03-23 02:41:52,0.289
14361,2019-03-23 02:41:52,0.269
14362,2019-03-23 02:41:53,0.310
14363,2019-03-23 02:41:53,0.296
14364,2019-03-23 02:41:53,0.290
14365,2019-03-23 02:41:54,0.292
14366,2019-03-23 02:41:55,0.292
14367,2019-03-23 02:41:55,0.286
14368,2019-03-23 02:41:56,0.284
14369,2019-03-23 02:41:56,0.293
14370,2019-03-23 02:41:56,0.290
14371,2019-03-23 02:41:57,0.289
14372,2019-03-23 02:41:57,0.293
14373,2019-03-23 02:41:57,0.287
14374,2019-03-23 02:41:58,0.294
14375,2019-03-23 02:41:58,0.290
14376,2019-03-23 02:41:58,0.284
14377,2019-03-23 02:41:59,0.292
14378,2019-03-23 02:42:00,0.294
14379,2019-03-23 02:42:00,0.283
14380,2019-03-23 02:42:01,0.286
14381,2019-03-23 02:42:01,0.286
14382,2019-03-23 02:42:01,0.294
14383,2019-03-23 02:42:03,0.207
14384,2019-03-23 02:42:04,0.261
14385,2019-03-23 02:42:05,0.286
14386,2019-03-23 02:42:05,0.291
14387,2019-03-23 02:42:06,0.290
14388,2019-03-23 02:42:07,0.291
14389,2019-03-23 02:42:07,0.291
14390,2019-03-23 02:42:08,0.292
14391,2019-03-23 02:42:08,0.275
14392,2019-03-23 02:42:09,0.289
14393,2019-03-23 02:42:10,0.279
14394,2019-03-23 02:42:10,0.290
14395,2019-03-23 02:42:11,0.268
14396,2019-03-23 02:42:11,0.290
14397,2019-03-23 02:42:12,0.291
14398,2019-03-23 02:42:12,0.293
14399,2019-03-23 02:42:12,0.214
14400,2019-03-23 02:42:13,0.287
14401,2019-03-23 02:42:13,0.294
14402,2019-03-23 02:42:13,0.290
14403,2019-03-23 02:42:14,0.301
14404,2019-03-23 02:42:14,0.298
14405,2019-03-23 02:42:15,0.297
14406,2019-03-23 02:42:15,0.294
14407,2019-03-23 02:42:15,0.284
14408,2019-03-23 02:42:15,0.285
14409,2019-03-23 02:42:15,0.275
14410,2019-03-23 02:42:16,0.286
14411,2019-03-23 02:42:17,0.272
14412,2019-03-23 02:42:18,0.284
14413,2019-03-23 02:42:18,0.295
14414,2019-03-23 02:42:19,0.283
14415,2019-03-23 02:42:19,0.285
14416,2019-03-23 02:42:20,0.288
14417,2019-03-23 02:42:20,0.297
14418,2019-03-23 02:42:21,0.285
14419,2019-03-23 02:42:21,0.279
14420,2019-03-23 02:42:22,0.281
14421,2019-03-23 02:42:22,0.289
14422,2019-03-23 02:42:22,0.287
14423,2019-03-23 02:42:23,0.305
14424,2019-03-23 02:42:24,0.292
14425,2019-03-23 02:42:24,0.284
14426,2019-03-23 02:42:25,0.294
14427,2019-03-23 02:42:25,0.290
14428,2019-03-23 02:42:26,0.293
14429,2019-03-23 02:42:26,0.287
14430,2019-03-23 02:42:26,0.292
14431,2019-03-23 02:42:27,0.278
14432,2019-03-23 02:42:28,0.290
14433,2019-03-23 02:42:28,0.292
14434,2019-03-23 02:42:29,0.275
14435,2019-03-23 02:42:29,0.293
14436,2019-03-23 02:42:29,0.283
14437,2019-03-23 02:42:30,0.304
14438,2019-03-23 02:42:30,0.286
14439,2019-03-23 02:42:30,0.287
14440,2019-03-23 02:42:30,0.286
14441,2019-03-23 02:42:31,0.307
14442,2019-03-23 02:42:31,0.290
14443,2019-03-23 02:42:32,0.286
14444,2019-03-23 02:42:35,0.211
14445,2019-03-23 02:42:36,0.285
14446,2019-03-23 02:42:36,0.290
14447,2019-03-23 02:42:36,0.279
14448,2019-03-23 02:42:38,0.297
14449,2019-03-23 02:42:39,0.292
14450,2019-03-23 02:42:40,0.290
14451,2019-03-23 02:42:42,0.294
14452,2019-03-23 02:42:42,0.288
14453,2019-03-23 02:42:42,0.292
14454,2019-03-23 02:42:43,0.285
14455,2019-03-23 02:42:43,0.308
14456,2019-03-23 02:42:44,0.297
14457,2019-03-23 02:42:44,0.289
14458,2019-03-23 02:42:44,0.293
14459,2019-03-23 02:42:45,0.296
14460,2019-03-23 02:42:45,0.299
14461,2019-03-23 02:42:45,0.287
14462,2019-03-23 02:42:46,0.289
14463,2019-03-23 02:42:46,0.292
14464,2019-03-23 02:42:47,0.291
14465,2019-03-23 02:42:47,0.278
14466,2019-03-23 02:42:47,0.300
14467,2019-03-23 02:42:48,0.284
14468,2019-03-23 02:42:48,0.296
14469,2019-03-23 02:42:49,0.296
14470,2019-03-23 02:44:57,0.304
14471,2019-03-23 02:44:57,0.289
14472,2019-03-23 02:44:58,0.283
14473,2019-03-23 02:44:58,0.287
14474,2019-03-23 02:44:58,0.294
14475,2019-03-23 02:44:58,0.289
14476,2019-03-23 02:44:58,0.298
14477,2019-03-23 02:44:58,0.306
14478,2019-03-23 02:44:58,0.274
14479,2019-03-23 02:44:58,0.286
14480,2019-03-23 02:44:59,0.286
14481,2019-03-23 02:44:59,0.293
14482,2019-03-23 02:44:59,0.291
14483,2019-03-23 02:45:00,0.288
14484,2019-03-23 02:45:00,0.296
14485,2019-03-23 02:45:00,0.287
14486,2019-03-23 02:45:00,0.285
14487,2019-03-23 02:45:01,0.271
14488,2019-03-23 02:45:01,0.209
14489,2019-03-23 02:45:01,0.285
14490,2019-03-23 02:45:01,0.300
14491,2019-03-23 02:45:01,0.294
14492,2019-03-23 02:45:01,0.294
14493,2019-03-23 02:45:01,0.292
14494,2019-03-23 02:45:01,0.301
14495,2019-03-23 02:45:01,0.307
14496,2019-03-23 02:45:02,0.283
14497,2019-03-23 02:45:02,0.284
14498,2019-03-23 02:45:02,0.290
14499,2019-03-23 02:45:02,0.285
14500,2019-03-23 02:45:02,0.294
14501,2019-03-23 02:45:03,0.484
14502,2019-03-23 02:45:03,0.293
14503,2019-03-23 02:45:03,0.291
14504,2019-03-23 02:45:03,0.296
14505,2019-03-23 02:45:03,0.192
14506,2019-03-23 02:45:04,0.301
14507,2019-03-23 02:45:04,0.280
14508,2019-03-23 02:45:04,0.290
14509,2019-03-23 02:45:04,0.282
14510,2019-03-23 02:45:05,0.214
14511,2019-03-23 02:45:05,0.292
14512,2019-03-23 02:45:05,0.287
14513,2019-03-23 02:45:05,0.297
14514,2019-03-23 02:45:05,0.291
14515,2019-03-23 02:45:05,0.213
14516,2019-03-23 02:45:05,0.288
14517,2019-03-23 02:45:06,0.282
14518,2019-03-23 02:45:06,0.309
14519,2019-03-23 02:45:06,0.295
14520,2019-03-23 02:45:06,0.278
14521,2019-03-23 02:45:06,0.300
14522,2019-03-23 02:45:06,0.291
14523,2019-03-23 02:45:07,0.285
14524,2019-03-23 02:45:07,0.287
14525,2019-03-23 02:45:07,0.278
14526,2019-03-23 02:45:07,0.288
14527,2019-03-23 02:45:08,0.294
14528,2019-03-23 02:45:08,0.293
14529,2019-03-23 02:45:09,0.297
14530,2019-03-23 02:45:09,0.294
14531,2019-03-23 02:45:09,0.300
14532,2019-03-23 02:45:10,0.282
14533,2019-03-23 02:45:10,0.290
14534,2019-03-23 02:45:10,0.301
14535,2019-03-23 02:45:10,0.294
14536,2019-03-23 02:45:11,0.286
14537,2019-03-23 02:45:11,0.280
14538,2019-03-23 02:45:11,0.280
14539,2019-03-23 02:45:11,0.282
14540,2019-03-23 02:45:11,0.282
14541,2019-03-23 02:45:12,0.276
14542,2019-03-23 02:45:12,0.276
14543,2019-03-23 02:45:12,0.284
14544,2019-03-23 02:45:12,0.271
14545,2019-03-23 02:45:12,0.299
14546,2019-03-23 02:45:13,0.279
14547,2019-03-23 02:45:13,0.284
14548,2019-03-23 02:45:13,0.301
14549,2019-03-23 02:45:14,0.287
14550,2019-03-23 02:45:15,0.282
14551,2019-03-23 02:45:15,0.300
14552,2019-03-23 02:45:16,0.295
14553,2019-03-23 02:45:16,0.293
14554,2019-03-23 02:45:16,0.285
14555,2019-03-23 02:45:16,0.282
14556,2019-03-23 02:45:17,0.287
14557,2019-03-23 02:45:17,0.282
14558,2019-03-23 02:45:17,0.293
14559,2019-03-23 02:45:17,0.289
14560,2019-03-23 02:45:18,0.294
14561,2019-03-23 02:45:18,0.293
14562,2019-03-23 02:45:18,0.277
14563,2019-03-23 02:45:18,0.286
14564,2019-03-23 02:45:18,0.289
14565,2019-03-23 02:45:18,0.285
14566,2019-03-23 02:45:19,0.302
14567,2019-03-23 02:45:19,0.277
14568,2019-03-23 02:45:20,0.281
14569,2019-03-23 02:45:20,0.294
14570,2019-03-23 02:45:20,0.293
14571,2019-03-23 02:45:21,0.196
14572,2019-03-23 02:45:21,0.289
14573,2019-03-23 02:45:21,0.294
14574,2019-03-23 02:45:21,0.291
14575,2019-03-23 02:45:21,0.296
14576,2019-03-23 02:45:22,0.291
14577,2019-03-23 02:45:22,0.285
14578,2019-03-23 02:45:22,0.287
14579,2019-03-23 02:45:22,0.291
14580,2019-03-23 02:45:23,0.284
14581,2019-03-23 02:45:23,0.295
14582,2019-03-23 02:45:24,0.294
14583,2019-03-23 02:45:24,0.300
14584,2019-03-23 02:45:25,0.287
14585,2019-03-23 02:45:25,0.283
14586,2019-03-23 02:45:25,0.296
14587,2019-03-23 02:45:26,0.288
14588,2019-03-23 02:45:26,0.308
14589,2019-03-23 02:45:26,0.284
14590,2019-03-23 02:45:27,0.289
14591,2019-03-23 02:45:27,0.291
14592,2019-03-23 02:45:27,0.295
14593,2019-03-23 02:45:28,0.278
14594,2019-03-23 02:45:30,0.298
14595,2019-03-23 02:45:30,0.301
14596,2019-03-23 02:45:31,0.276
14597,2019-03-23 02:45:32,0.281
14598,2019-03-23 02:45:34,0.281
14599,2019-03-23 02:45:34,0.288
14600,2019-03-23 02:45:35,0.295
14601,2019-03-23 02:45:35,0.289
14602,2019-03-23 02:45:36,0.287
14603,2019-03-23 02:45:36,0.291
14604,2019-03-23 02:45:37,0.299
14605,2019-03-23 02:45:37,0.291
14606,2019-03-23 02:45:38,0.287
14607,2019-03-23 02:45:38,0.283
14608,2019-03-23 02:45:39,0.294
14609,2019-03-23 02:45:39,0.299
14610,2019-03-23 02:45:40,0.288
14611,2019-03-23 02:45:40,0.296
14612,2019-03-23 02:45:40,0.293
14613,2019-03-23 02:45:41,0.297
14614,2019-03-23 02:45:41,0.298
14615,2019-03-23 02:45:42,0.287
14616,2019-03-23 02:45:43,0.277
14617,2019-03-23 02:45:44,0.311
14618,2019-03-23 02:45:44,0.297
14619,2019-03-23 02:45:45,0.287
14620,2019-03-23 02:45:46,0.287
14621,2019-03-23 02:45:46,0.302
14622,2019-03-23 02:45:47,0.304
14623,2019-03-23 02:45:47,0.298
14624,2019-03-23 02:45:48,0.305
14625,2019-03-23 02:45:49,0.297
14626,2019-03-23 02:45:49,0.281
14627,2019-03-23 02:45:49,0.307
14628,2019-03-23 02:45:49,0.289
14629,2019-03-23 02:45:49,0.288
14630,2019-03-23 02:45:49,0.291
14631,2019-03-23 02:45:49,0.278
14632,2019-03-23 02:45:52,0.300
14633,2019-03-23 02:45:52,0.315
14634,2019-03-23 02:45:52,0.293
14635,2019-03-23 02:45:53,0.287
14636,2019-03-23 02:45:53,0.279
14637,2019-03-23 02:45:54,0.292
14638,2019-03-23 02:45:54,0.284
14639,2019-03-23 02:45:54,0.277
14640,2019-03-23 02:45:54,0.289
14641,2019-03-23 02:45:54,0.285
14642,2019-03-23 02:45:55,0.280
14643,2019-03-23 02:45:56,0.277
14644,2019-03-23 02:45:57,0.296
14645,2019-03-23 02:45:57,0.297
14646,2019-03-23 02:45:58,0.283
14647,2019-03-23 02:45:59,0.302
14648,2019-03-23 02:45:59,0.289
14649,2019-03-23 02:46:00,0.291
14650,2019-03-23 02:46:00,0.292
14651,2019-03-23 02:46:00,0.289
14652,2019-03-23 02:46:01,0.303
14653,2019-03-23 02:46:01,0.290
14654,2019-03-23 02:46:02,0.289
14655,2019-03-23 02:46:03,0.292
14656,2019-03-23 02:46:04,0.303
14657,2019-03-23 02:46:04,0.290
14658,2019-03-23 02:46:05,0.295
14659,2019-03-23 02:46:05,0.297
14660,2019-03-23 02:46:05,0.277
14661,2019-03-23 02:46:06,0.271
14662,2019-03-23 02:46:07,0.281
14663,2019-03-23 02:46:07,0.301
14664,2019-03-23 02:46:08,0.301
14665,2019-03-23 02:46:09,0.286
14666,2019-03-23 02:46:09,0.318
14667,2019-03-23 02:46:09,0.294
14668,2019-03-23 02:46:10,0.293
14669,2019-03-23 02:46:10,0.293
14670,2019-03-23 02:46:11,0.303
14671,2019-03-23 02:46:12,0.301
14672,2019-03-23 02:46:13,0.346
14673,2019-03-23 02:46:13,0.303
14674,2019-03-23 02:46:15,0.304
14675,2019-03-23 02:46:17,0.287
14676,2019-03-23 02:46:18,0.291
14677,2019-03-23 02:46:18,0.280
14678,2019-03-23 02:46:19,0.294
14679,2019-03-23 02:46:20,0.292
14680,2019-03-23 02:46:20,0.288
14681,2019-03-23 02:46:21,0.295
14682,2019-03-23 02:46:25,0.296
14683,2019-03-23 02:46:25,0.299
14684,2019-03-23 02:46:26,0.293
14685,2019-03-23 02:46:27,0.293
14686,2019-03-23 02:46:27,0.288
14687,2019-03-23 02:46:27,0.296
14688,2019-03-23 02:46:27,0.282
14689,2019-03-23 02:46:28,0.287
14690,2019-03-23 02:46:29,0.288
14691,2019-03-23 02:46:29,0.291
14692,2019-03-23 02:46:30,0.297
14693,2019-03-23 02:46:30,0.283
14694,2019-03-23 02:46:30,0.293
14695,2019-03-23 02:46:31,0.291
14696,2019-03-23 02:46:32,0.286
14697,2019-03-23 02:46:32,0.283
14698,2019-03-23 02:46:33,0.270
14699,2019-03-23 02:46:34,0.292
14700,2019-03-23 02:46:34,0.278
14701,2019-03-23 02:46:35,0.286
14702,2019-03-23 02:46:35,0.303
14703,2019-03-23 02:46:36,0.289
14704,2019-03-23 02:46:37,0.292
14705,2019-03-23 02:46:37,0.203
14706,2019-03-23 02:46:39,0.302
14707,2019-03-23 02:46:39,0.284
14708,2019-03-23 02:46:40,0.263
14709,2019-03-23 02:46:41,0.297
14710,2019-03-23 02:46:43,0.292
14711,2019-03-23 02:46:44,0.303
14712,2019-03-23 02:46:44,0.281
14713,2019-03-23 02:46:44,0.281
14714,2019-03-23 02:46:45,0.290
14715,2019-03-23 02:46:45,0.290
14716,2019-03-23 02:46:45,0.298
14717,2019-03-23 02:46:45,0.298
14718,2019-03-23 02:46:46,0.276
14719,2019-03-23 02:46:47,0.311
14720,2019-03-23 02:46:48,0.289
14721,2019-03-23 02:46:48,0.300
14722,2019-03-23 02:46:49,0.269
14723,2019-03-23 02:46:49,0.302
14724,2019-03-23 02:46:49,0.273
14725,2019-03-23 02:46:49,0.275
14726,2019-03-23 02:46:49,0.266
14727,2019-03-23 02:46:51,0.296
14728,2019-03-23 02:46:51,0.299
14729,2019-03-23 02:46:52,0.313
14730,2019-03-23 02:46:53,0.296
14731,2019-03-23 02:46:54,0.298
14732,2019-03-23 02:46:54,0.286
14733,2019-03-23 02:46:55,0.298
14734,2019-03-23 02:46:55,0.292
14735,2019-03-23 02:46:55,0.285
14736,2019-03-23 02:46:56,0.288
14737,2019-03-23 02:46:56,0.292
14738,2019-03-23 02:46:56,0.287
14739,2019-03-23 02:46:57,0.298
14740,2019-03-23 02:46:57,0.289
14741,2019-03-23 02:46:58,0.291
14742,2019-03-23 02:46:59,0.290
14743,2019-03-23 02:46:59,0.299
14744,2019-03-23 02:46:59,0.293
14745,2019-03-23 02:47:00,0.277
14746,2019-03-23 02:47:01,0.285
14747,2019-03-23 02:47:01,0.288
14748,2019-03-23 02:47:01,0.291
14749,2019-03-23 02:47:01,0.279
14750,2019-03-23 02:47:01,0.297
14751,2019-03-23 02:47:02,0.286
14752,2019-03-23 02:47:02,0.285
14753,2019-03-23 02:47:02,0.281
14754,2019-03-23 02:47:03,0.295
14755,2019-03-23 02:47:03,0.287
14756,2019-03-23 02:47:03,0.280
14757,2019-03-23 02:47:04,0.304
14758,2019-03-23 02:47:04,0.282
14759,2019-03-23 02:47:04,0.305
14760,2019-03-23 02:47:05,0.276
14761,2019-03-23 02:47:05,0.290
14762,2019-03-23 02:47:06,0.293
14763,2019-03-23 02:47:06,0.298
14764,2019-03-23 02:47:07,0.291
14765,2019-03-23 02:47:07,0.283
14766,2019-03-23 02:47:08,0.296
14767,2019-03-23 02:47:09,0.296
14768,2019-03-23 02:47:10,0.295
14769,2019-03-23 02:47:11,0.300
14770,2019-03-23 02:47:11,0.301
14771,2019-03-23 02:47:11,0.287
14772,2019-03-23 02:47:12,0.285
14773,2019-03-23 02:47:12,0.291
14774,2019-03-23 02:47:12,0.281
14775,2019-03-23 02:47:12,0.291
14776,2019-03-23 02:47:13,0.293
14777,2019-03-23 02:47:15,0.299
14778,2019-03-23 02:47:16,0.283
14779,2019-03-23 02:47:16,0.292
14780,2019-03-23 02:47:16,0.291
14781,2019-03-23 02:47:17,0.288
14782,2019-03-23 02:47:18,0.291
14783,2019-03-23 02:47:18,0.289
14784,2019-03-23 02:47:19,0.289
14785,2019-03-23 02:47:19,0.307
14786,2019-03-23 02:47:21,0.295
14787,2019-03-23 02:47:21,0.298
14788,2019-03-23 02:47:21,0.296
14789,2019-03-23 02:47:22,0.286
14790,2019-03-23 02:47:22,0.290
14791,2019-03-23 02:47:22,0.292
14792,2019-03-23 02:47:23,0.288
14793,2019-03-23 02:47:25,0.292
14794,2019-03-23 02:47:25,0.286
14795,2019-03-23 02:47:25,0.288
14796,2019-03-23 02:47:26,0.282
14797,2019-03-23 02:47:27,0.309
14798,2019-03-23 02:47:28,0.294
14799,2019-03-23 02:47:28,0.289
14800,2019-03-23 02:47:28,0.292
14801,2019-03-23 02:47:29,0.302
14802,2019-03-23 02:47:30,0.297
14803,2019-03-23 02:47:30,0.303
14804,2019-03-23 02:47:31,0.285
14805,2019-03-23 02:47:32,0.213
14806,2019-03-23 02:47:32,0.287
14807,2019-03-23 02:47:33,0.303
14808,2019-03-23 02:47:34,0.292
14809,2019-03-23 02:47:35,0.293
14810,2019-03-23 02:47:35,0.289
14811,2019-03-23 02:47:36,0.292
14812,2019-03-23 02:47:37,0.288
14813,2019-03-23 02:47:38,0.294
14814,2019-03-23 02:47:39,0.302
14815,2019-03-23 02:47:39,0.298
14816,2019-03-23 02:47:40,0.287
14817,2019-03-23 02:47:40,0.298
14818,2019-03-23 02:47:41,0.298
14819,2019-03-23 02:47:41,0.278
14820,2019-03-23 02:47:41,0.302
14821,2019-03-23 02:47:42,0.302
14822,2019-03-23 02:47:42,0.295
14823,2019-03-23 02:47:42,0.292
14824,2019-03-23 02:47:43,0.300
14825,2019-03-23 02:47:43,0.302
14826,2019-03-23 02:47:43,0.296
14827,2019-03-23 02:47:44,0.301
14828,2019-03-23 02:47:44,0.289
14829,2019-03-23 02:47:44,0.277
14830,2019-03-23 02:47:45,0.289
14831,2019-03-23 02:47:45,0.278
14832,2019-03-23 02:47:45,0.280
14833,2019-03-23 02:47:48,0.297
14834,2019-03-23 02:47:48,0.307
14835,2019-03-23 02:47:48,0.288
14836,2019-03-23 02:47:49,0.299
14837,2019-03-23 02:47:49,0.261
14838,2019-03-23 02:47:50,0.294
14839,2019-03-23 02:47:50,0.286
14840,2019-03-23 02:47:50,0.286
14841,2019-03-23 02:47:51,0.296
14842,2019-03-23 02:47:51,0.286
14843,2019-03-23 02:47:51,0.275
14844,2019-03-23 02:47:52,0.286
14845,2019-03-23 02:47:53,0.283
14846,2019-03-23 02:47:53,0.291
14847,2019-03-23 02:47:53,0.283
14848,2019-03-23 02:47:54,0.329
14849,2019-03-23 02:47:54,0.296
14850,2019-03-23 02:47:55,0.287
14851,2019-03-23 02:47:56,0.290
14852,2019-03-23 02:47:56,0.279
14853,2019-03-23 02:47:57,0.289
14854,2019-03-23 02:47:57,0.286
14855,2019-03-23 02:47:57,0.289
14856,2019-03-23 02:47:58,0.292
14857,2019-03-23 02:47:59,0.292
14858,2019-03-23 02:47:59,0.290
14859,2019-03-23 02:47:59,0.281
14860,2019-03-23 02:48:01,0.291
14861,2019-03-23 02:48:02,0.306
14862,2019-03-23 02:48:02,0.275
14863,2019-03-23 02:48:02,0.290
14864,2019-03-23 02:48:03,0.288
14865,2019-03-23 02:48:03,0.297
14866,2019-03-23 02:48:04,0.351
14867,2019-03-23 02:48:04,0.282
14868,2019-03-23 02:48:04,0.294
14869,2019-03-23 02:48:05,0.284
14870,2019-03-23 02:48:05,0.286
14871,2019-03-23 02:48:05,0.285
14872,2019-03-23 02:48:06,0.274
14873,2019-03-23 02:48:06,0.297
14874,2019-03-23 02:48:06,0.287
14875,2019-03-23 02:48:06,0.296
14876,2019-03-23 02:48:07,0.293
14877,2019-03-23 02:48:07,0.292
14878,2019-03-23 02:48:07,0.290
14879,2019-03-23 02:48:08,0.277
14880,2019-03-23 02:48:08,0.279
14881,2019-03-23 02:48:09,0.295
14882,2019-03-23 02:48:11,0.296
14883,2019-03-23 02:48:12,0.295
14884,2019-03-23 02:48:13,0.295
14885,2019-03-23 02:48:13,0.297
14886,2019-03-23 02:48:13,0.292
14887,2019-03-23 02:48:14,0.294
14888,2019-03-23 02:48:15,0.296
14889,2019-03-23 02:48:16,0.287
14890,2019-03-23 02:48:16,0.284
14891,2019-03-23 02:48:17,0.294
14892,2019-03-23 02:48:17,0.281
14893,2019-03-23 02:48:17,0.320
14894,2019-03-23 02:48:18,0.294
14895,2019-03-23 02:48:18,0.278
14896,2019-03-23 02:48:19,0.282
14897,2019-03-23 02:48:19,0.309
14898,2019-03-23 02:48:20,0.301
14899,2019-03-23 02:48:20,0.292
14900,2019-03-23 02:48:20,0.283
14901,2019-03-23 02:48:21,0.281
14902,2019-03-23 02:48:21,0.273
14903,2019-03-23 02:48:22,0.286
14904,2019-03-23 02:48:22,0.299
14905,2019-03-23 02:48:23,0.293
14906,2019-03-23 02:48:24,0.302
14907,2019-03-23 02:48:25,0.277
14908,2019-03-23 02:48:26,0.287
14909,2019-03-23 02:48:26,0.289
14910,2019-03-23 02:48:28,0.283
14911,2019-03-23 02:48:29,0.282
14912,2019-03-23 02:48:29,0.308
14913,2019-03-23 02:48:29,0.284
14914,2019-03-23 02:48:30,0.214
14915,2019-03-23 02:48:30,0.295
14916,2019-03-23 02:48:31,0.284
14917,2019-03-23 02:48:31,0.291
14918,2019-03-23 02:48:31,0.280
14919,2019-03-23 02:48:32,0.295
14920,2019-03-23 02:48:32,0.285
14921,2019-03-23 02:48:32,0.295
14922,2019-03-23 02:48:33,0.280
14923,2019-03-23 02:48:34,0.297
14924,2019-03-23 02:48:35,0.284
14925,2019-03-23 02:48:36,0.282
14926,2019-03-23 02:48:38,0.301
14927,2019-03-23 02:48:38,0.306
14928,2019-03-23 02:48:39,0.288
14929,2019-03-23 02:48:39,0.286
14930,2019-03-23 02:48:40,0.288
14931,2019-03-23 02:48:41,0.288
14932,2019-03-23 02:48:41,0.284
14933,2019-03-23 02:48:41,0.295
14934,2019-03-23 02:48:41,0.291
14935,2019-03-23 02:48:42,0.298
14936,2019-03-23 02:48:42,0.287
14937,2019-03-23 02:48:43,0.310
14938,2019-03-23 02:48:43,0.287
14939,2019-03-23 02:48:45,0.301
14940,2019-03-23 02:48:45,0.292
14941,2019-03-23 02:48:45,0.296
14942,2019-03-23 02:48:47,0.301
14943,2019-03-23 02:48:47,0.288
14944,2019-03-23 02:48:48,0.301
14945,2019-03-23 02:48:48,0.285
14946,2019-03-23 02:48:49,0.278
14947,2019-03-23 02:48:49,0.281
14948,2019-03-23 02:48:49,0.285
14949,2019-03-23 02:48:50,0.311
14950,2019-03-23 02:48:51,0.301
14951,2019-03-23 02:48:52,0.288
14952,2019-03-23 02:48:53,0.300
14953,2019-03-23 02:48:53,0.271
14954,2019-03-23 02:48:53,0.262
14955,2019-03-23 02:48:54,0.294
14956,2019-03-23 02:48:55,0.287
14957,2019-03-23 02:48:56,0.290
14958,2019-03-23 02:48:56,0.277
14959,2019-03-23 02:48:56,0.295
14960,2019-03-23 02:48:57,0.294
14961,2019-03-23 02:48:57,0.301
14962,2019-03-23 02:48:57,0.291
14963,2019-03-23 02:48:58,0.298
14964,2019-03-23 02:48:58,0.273
14965,2019-03-23 02:48:59,0.291
14966,2019-03-23 02:49:00,0.289
14967,2019-03-23 02:49:00,0.284
14968,2019-03-23 02:49:00,0.284
14969,2019-03-23 02:49:01,0.259
14970,2019-03-23 02:49:02,0.281
14971,2019-03-23 02:49:03,0.297
14972,2019-03-23 02:49:03,0.292
14973,2019-03-23 02:49:04,0.282
14974,2019-03-23 02:49:04,0.297
14975,2019-03-23 02:49:04,0.297
14976,2019-03-23 02:49:05,0.293
14977,2019-03-23 02:49:06,0.291
14978,2019-03-23 02:49:06,0.279
14979,2019-03-23 02:49:07,0.290
14980,2019-03-23 02:49:07,0.292
14981,2019-03-23 02:49:08,0.178
14982,2019-03-23 02:49:09,0.303
14983,2019-03-23 02:49:09,0.248
14984,2019-03-23 02:49:09,0.304
14985,2019-03-23 02:49:09,0.285
14986,2019-03-23 02:49:10,0.295
14987,2019-03-23 02:49:10,0.296
14988,2019-03-23 02:49:10,0.294
14989,2019-03-23 02:49:11,0.291
14990,2019-03-23 02:49:11,0.279
14991,2019-03-23 02:49:13,0.292
14992,2019-03-23 02:49:13,0.294
14993,2019-03-23 02:49:14,0.293
14994,2019-03-23 02:49:14,0.292
14995,2019-03-23 02:49:14,0.283
14996,2019-03-23 02:49:15,0.282
14997,2019-03-23 02:49:15,0.286
14998,2019-03-23 02:49:15,0.285
14999,2019-03-23 02:49:16,0.284
15000,2019-03-23 02:49:16,0.302
15001,2019-03-23 02:49:17,0.299
15002,2019-03-23 02:49:17,0.286
15003,2019-03-23 02:49:17,0.261
15004,2019-03-23 02:49:18,0.299
15005,2019-03-23 02:49:18,0.288
15006,2019-03-23 02:49:18,0.288
15007,2019-03-23 02:49:18,0.277
15008,2019-03-23 02:49:19,0.278
15009,2019-03-23 02:49:19,0.286
15010,2019-03-23 02:49:21,0.288
15011,2019-03-23 02:49:21,0.289
15012,2019-03-23 02:49:23,0.289
15013,2019-03-23 02:49:23,0.297
15014,2019-03-23 02:49:24,0.286
15015,2019-03-23 02:49:24,0.292
15016,2019-03-23 02:49:24,0.289
15017,2019-03-23 02:49:24,0.289
15018,2019-03-23 02:49:24,0.299
15019,2019-03-23 02:49:25,0.278
15020,2019-03-23 02:49:25,0.294
15021,2019-03-23 02:49:26,0.290
15022,2019-03-23 02:49:27,0.285
15023,2019-03-23 02:49:27,0.293
15024,2019-03-23 02:49:28,0.297
15025,2019-03-23 02:49:29,0.295
15026,2019-03-23 02:49:29,0.265
15027,2019-03-23 02:49:29,0.309
15028,2019-03-23 02:49:30,0.283
15029,2019-03-23 02:49:30,0.295
15030,2019-03-23 02:49:30,0.301
15031,2019-03-23 02:49:31,0.308
15032,2019-03-23 02:49:31,0.288
15033,2019-03-23 02:49:31,0.298
15034,2019-03-23 02:49:32,0.307
15035,2019-03-23 02:49:32,0.282
15036,2019-03-23 02:49:32,0.285
15037,2019-03-23 02:49:33,0.308
15038,2019-03-23 02:49:33,0.301
15039,2019-03-23 02:49:33,0.286
15040,2019-03-23 02:49:34,0.282
15041,2019-03-23 02:49:34,0.293
15042,2019-03-23 02:49:35,0.286
15043,2019-03-23 02:49:35,0.287
15044,2019-03-23 02:49:36,0.303
15045,2019-03-23 02:49:37,0.301
15046,2019-03-23 02:49:37,0.296
15047,2019-03-23 02:49:38,0.302
15048,2019-03-23 02:49:38,0.287
15049,2019-03-23 02:49:39,0.301
15050,2019-03-23 02:49:39,0.292
15051,2019-03-23 02:49:39,0.300
15052,2019-03-23 02:49:40,0.282
15053,2019-03-23 02:49:41,0.291
15054,2019-03-23 02:49:41,0.303
15055,2019-03-23 02:49:42,0.297
15056,2019-03-23 02:49:42,0.303
15057,2019-03-23 02:49:42,0.294
15058,2019-03-23 02:49:43,0.296
15059,2019-03-23 02:49:44,0.298
15060,2019-03-23 02:49:44,0.291
15061,2019-03-23 02:49:44,0.302
15062,2019-03-23 02:49:45,0.302
15063,2019-03-23 02:49:46,0.286
15064,2019-03-23 02:49:47,0.299
15065,2019-03-23 02:49:47,0.312
15066,2019-03-23 02:49:48,0.295
15067,2019-03-23 02:49:48,0.290
15068,2019-03-23 02:49:49,0.286
15069,2019-03-23 02:49:49,0.280
15070,2019-03-23 02:49:49,0.283
15071,2019-03-23 02:49:49,0.273
15072,2019-03-23 02:49:52,0.296
15073,2019-03-23 02:49:53,0.267
15074,2019-03-23 02:49:53,0.282
15075,2019-03-23 02:49:54,0.382
15076,2019-03-23 02:49:55,0.289
15077,2019-03-23 02:49:56,0.288
15078,2019-03-23 02:49:57,0.288
15079,2019-03-23 02:49:57,0.295
15080,2019-03-23 02:49:59,0.299
15081,2019-03-23 02:50:00,0.284
15082,2019-03-23 02:50:03,0.293
15083,2019-03-23 02:50:03,0.287
15084,2019-03-23 02:50:04,0.279
15085,2019-03-23 02:50:04,0.289
15086,2019-03-23 02:50:04,0.263
15087,2019-03-23 02:50:04,0.285
15088,2019-03-23 02:50:05,0.282
15089,2019-03-23 02:50:05,0.292
15090,2019-03-23 02:50:05,0.280
15091,2019-03-23 02:50:06,0.287
15092,2019-03-23 02:50:06,0.282
15093,2019-03-23 02:50:06,0.270
15094,2019-03-23 02:50:07,0.300
15095,2019-03-23 02:50:08,0.291
15096,2019-03-23 02:50:08,0.295
15097,2019-03-23 02:50:09,0.295
15098,2019-03-23 02:50:09,0.298
15099,2019-03-23 02:50:10,0.281
15100,2019-03-23 02:50:11,0.293
15101,2019-03-23 02:50:11,0.289
15102,2019-03-23 02:50:11,0.292
15103,2019-03-23 02:50:12,0.284
15104,2019-03-23 02:50:12,0.283
15105,2019-03-23 02:50:13,0.281
15106,2019-03-23 02:50:13,0.285
15107,2019-03-23 02:50:13,0.287
15108,2019-03-23 02:50:14,0.287
15109,2019-03-23 02:50:14,0.286
15110,2019-03-23 02:50:14,0.287
15111,2019-03-23 02:50:15,0.289
15112,2019-03-23 02:50:16,0.289
15113,2019-03-23 02:50:16,0.301
15114,2019-03-23 02:50:16,0.285
15115,2019-03-23 02:50:16,0.295
15116,2019-03-23 02:50:17,0.290
15117,2019-03-23 02:50:18,0.280
15118,2019-03-23 02:50:18,0.299
15119,2019-03-23 02:50:19,0.295
15120,2019-03-23 02:50:19,0.189
15121,2019-03-23 02:50:19,0.287
15122,2019-03-23 02:50:20,0.284
15123,2019-03-23 02:50:21,0.287
15124,2019-03-23 02:50:21,0.303
15125,2019-03-23 02:50:22,0.297
15126,2019-03-23 02:50:23,0.310
15127,2019-03-23 02:50:24,0.297
15128,2019-03-23 02:50:24,0.280
15129,2019-03-23 02:50:25,0.293
15130,2019-03-23 02:50:25,0.294
15131,2019-03-23 02:50:26,0.288
15132,2019-03-23 02:50:27,0.299
15133,2019-03-23 02:50:27,0.286
15134,2019-03-23 02:50:27,0.296
15135,2019-03-23 02:50:27,0.294
15136,2019-03-23 02:50:28,0.281
15137,2019-03-23 02:50:28,0.285
15138,2019-03-23 02:50:29,0.287
15139,2019-03-23 02:50:30,0.291
15140,2019-03-23 02:50:31,0.381
15141,2019-03-23 02:50:32,0.280
15142,2019-03-23 02:50:33,0.285
15143,2019-03-23 02:50:34,0.299
15144,2019-03-23 02:50:36,0.288
15145,2019-03-23 02:50:36,0.295
15146,2019-03-23 02:50:37,0.200
15147,2019-03-23 02:50:37,0.292
15148,2019-03-23 02:50:39,0.294
15149,2019-03-23 02:50:40,0.284
15150,2019-03-23 02:50:40,0.291
15151,2019-03-23 02:50:40,0.295
15152,2019-03-23 02:50:41,0.297
15153,2019-03-23 02:50:42,0.289
15154,2019-03-23 02:50:44,0.279
15155,2019-03-23 02:50:44,0.276
15156,2019-03-23 02:50:45,0.291
15157,2019-03-23 02:50:45,0.299
15158,2019-03-23 02:50:47,0.284
15159,2019-03-23 02:50:48,0.299
15160,2019-03-23 02:50:49,0.284
15161,2019-03-23 02:50:50,0.285
15162,2019-03-23 02:50:50,0.213
15163,2019-03-23 02:50:52,0.291
15164,2019-03-23 02:50:52,0.285
15165,2019-03-23 02:50:53,0.307
15166,2019-03-23 02:50:54,0.295
15167,2019-03-23 02:50:55,0.289
15168,2019-03-23 02:50:55,0.294
15169,2019-03-23 02:50:56,0.299
15170,2019-03-23 02:50:57,0.293
15171,2019-03-23 02:50:57,0.277
15172,2019-03-23 02:50:58,0.301
15173,2019-03-23 02:50:59,0.295
15174,2019-03-23 02:51:00,0.288
15175,2019-03-23 02:51:00,0.306
15176,2019-03-23 02:51:00,0.279
15177,2019-03-23 02:51:00,0.296
15178,2019-03-23 02:51:01,0.288
15179,2019-03-23 02:51:02,0.305
15180,2019-03-23 02:51:02,0.283
15181,2019-03-23 02:51:03,0.275
15182,2019-03-23 02:51:03,0.290
15183,2019-03-23 02:51:03,0.293
15184,2019-03-23 02:51:03,0.286
15185,2019-03-23 02:51:04,0.333
15186,2019-03-23 02:51:04,0.294
15187,2019-03-23 02:51:05,0.304
15188,2019-03-23 02:51:05,0.284
15189,2019-03-23 02:51:05,0.288
15190,2019-03-23 02:51:05,0.284
15191,2019-03-23 02:51:06,0.284
15192,2019-03-23 02:51:07,0.283
15193,2019-03-23 02:51:08,0.291
15194,2019-03-23 02:51:09,0.282
15195,2019-03-23 02:51:09,0.286
15196,2019-03-23 02:51:10,0.280
15197,2019-03-23 02:51:10,0.293
15198,2019-03-23 02:51:11,0.281
15199,2019-03-23 02:51:12,0.283
15200,2019-03-23 02:51:12,0.300
15201,2019-03-23 02:51:13,0.287
15202,2019-03-23 02:51:14,0.283
15203,2019-03-23 02:51:14,0.306
15204,2019-03-23 02:51:15,0.313
15205,2019-03-23 02:51:15,0.299
15206,2019-03-23 02:51:16,0.286
15207,2019-03-23 02:51:16,0.293
15208,2019-03-23 02:51:16,0.294
15209,2019-03-23 02:51:17,0.285
15210,2019-03-23 02:51:17,0.277
15211,2019-03-23 02:51:18,0.285
15212,2019-03-23 02:51:18,0.380
15213,2019-03-23 02:51:18,0.296
15214,2019-03-23 02:51:18,0.294
15215,2019-03-23 02:51:19,0.303
15216,2019-03-23 02:51:19,0.289
15217,2019-03-23 02:51:21,0.342
15218,2019-03-23 02:51:22,0.298
15219,2019-03-23 02:51:22,0.303
15220,2019-03-23 02:51:23,0.294
15221,2019-03-23 02:51:24,0.295
15222,2019-03-23 02:51:25,0.291
15223,2019-03-23 02:51:25,0.298
15224,2019-03-23 02:51:26,0.290
15225,2019-03-23 02:51:26,0.282
15226,2019-03-23 02:51:27,0.280
15227,2019-03-23 02:51:28,0.295
15228,2019-03-23 02:51:29,0.292
15229,2019-03-23 02:51:29,0.274
15230,2019-03-23 02:51:29,0.277
15231,2019-03-23 02:51:30,0.286
15232,2019-03-23 02:51:30,0.304
15233,2019-03-23 02:51:30,0.303
15234,2019-03-23 02:51:31,0.305
15235,2019-03-23 02:51:32,0.281
15236,2019-03-23 02:51:32,0.310
15237,2019-03-23 02:51:32,0.276
15238,2019-03-23 02:51:32,0.304
15239,2019-03-23 02:51:32,0.281
15240,2019-03-23 02:51:33,0.295
15241,2019-03-23 02:51:33,0.286
15242,2019-03-23 02:51:33,0.279
15243,2019-03-23 02:51:34,0.293
15244,2019-03-23 02:51:34,0.274
15245,2019-03-23 02:51:34,0.316
15246,2019-03-23 02:51:35,0.288
15247,2019-03-23 02:51:35,0.282
15248,2019-03-23 02:51:36,0.296
15249,2019-03-23 02:51:37,0.285
15250,2019-03-23 02:51:37,0.287
15251,2019-03-23 02:51:37,0.296
15252,2019-03-23 02:51:38,0.281
15253,2019-03-23 02:51:39,0.301
15254,2019-03-23 02:51:39,0.305
15255,2019-03-23 02:51:40,0.297
15256,2019-03-23 02:53:58,0.280
15257,2019-03-23 02:53:58,0.287
15258,2019-03-23 02:53:58,0.286
15259,2019-03-23 02:53:58,0.285
15260,2019-03-23 02:53:58,0.281
15261,2019-03-23 02:53:58,0.280
15262,2019-03-23 02:53:58,0.348
15263,2019-03-23 02:53:58,0.287
15264,2019-03-23 02:53:58,0.288
15265,2019-03-23 02:53:59,0.285
15266,2019-03-23 02:53:59,0.284
15267,2019-03-23 02:53:59,0.286
15268,2019-03-23 02:53:59,0.283
15269,2019-03-23 02:53:59,0.275
15270,2019-03-23 02:53:59,0.284
15271,2019-03-23 02:54:00,0.293
15272,2019-03-23 02:54:00,0.271
15273,2019-03-23 02:54:00,0.299
15274,2019-03-23 02:54:00,0.292
15275,2019-03-23 02:54:00,0.289
15276,2019-03-23 02:54:01,0.277
15277,2019-03-23 02:54:01,0.298
15278,2019-03-23 02:54:01,0.299
15279,2019-03-23 02:54:01,0.289
15280,2019-03-23 02:54:01,0.289
15281,2019-03-23 02:54:02,0.305
15282,2019-03-23 02:54:02,0.214
15283,2019-03-23 02:54:02,0.285
15284,2019-03-23 02:54:03,0.283
15285,2019-03-23 02:54:03,0.283
15286,2019-03-23 02:54:03,0.287
15287,2019-03-23 02:54:03,0.288
15288,2019-03-23 02:54:04,0.293
15289,2019-03-23 02:54:04,0.283
15290,2019-03-23 02:54:05,0.281
15291,2019-03-23 02:54:05,0.293
15292,2019-03-23 02:54:05,0.279
15293,2019-03-23 02:54:06,0.287
15294,2019-03-23 02:54:07,0.291
15295,2019-03-23 02:54:07,0.291
15296,2019-03-23 02:54:07,0.276
15297,2019-03-23 02:54:07,0.278
15298,2019-03-23 02:54:07,0.290
15299,2019-03-23 02:54:08,0.293
15300,2019-03-23 02:54:08,0.277
15301,2019-03-23 02:54:08,0.286
15302,2019-03-23 02:54:08,0.291
15303,2019-03-23 02:54:09,0.280
15304,2019-03-23 02:54:09,0.276
15305,2019-03-23 02:54:09,0.290
15306,2019-03-23 02:54:09,0.296
15307,2019-03-23 02:54:09,0.290
15308,2019-03-23 02:54:10,0.293
15309,2019-03-23 02:54:10,0.288
15310,2019-03-23 02:54:10,0.286
15311,2019-03-23 02:54:10,0.287
15312,2019-03-23 02:54:10,0.297
15313,2019-03-23 02:54:11,0.294
15314,2019-03-23 02:54:11,0.308
15315,2019-03-23 02:54:12,0.288
15316,2019-03-23 02:54:12,0.298
15317,2019-03-23 02:54:12,0.294
15318,2019-03-23 02:54:12,0.293
15319,2019-03-23 02:54:12,0.284
15320,2019-03-23 02:54:13,0.283
15321,2019-03-23 02:54:13,0.287
15322,2019-03-23 02:54:13,0.291
15323,2019-03-23 02:54:13,0.288
15324,2019-03-23 02:54:13,0.292
15325,2019-03-23 02:54:14,0.284
15326,2019-03-23 02:54:14,0.277
15327,2019-03-23 02:54:14,0.293
15328,2019-03-23 02:54:15,0.296
15329,2019-03-23 02:54:15,0.294
15330,2019-03-23 02:54:15,0.296
15331,2019-03-23 02:54:15,0.296
15332,2019-03-23 02:54:16,0.307
15333,2019-03-23 02:54:16,0.294
15334,2019-03-23 02:54:16,0.295
15335,2019-03-23 02:54:16,0.300
15336,2019-03-23 02:54:17,0.292
15337,2019-03-23 02:54:17,0.285
15338,2019-03-23 02:54:17,0.281
15339,2019-03-23 02:54:18,0.288
15340,2019-03-23 02:54:18,0.295
15341,2019-03-23 02:54:18,0.290
15342,2019-03-23 02:54:18,0.294
15343,2019-03-23 02:54:18,0.335
15344,2019-03-23 02:54:19,0.277
15345,2019-03-23 02:54:19,0.294
15346,2019-03-23 02:54:19,0.293
15347,2019-03-23 02:54:19,0.298
15348,2019-03-23 02:54:20,0.298
15349,2019-03-23 02:54:20,0.342
15350,2019-03-23 02:54:20,0.302
15351,2019-03-23 02:54:20,0.282
15352,2019-03-23 02:54:20,0.275
15353,2019-03-23 02:54:21,0.287
15354,2019-03-23 02:54:21,0.287
15355,2019-03-23 02:54:22,0.297
15356,2019-03-23 02:54:23,0.286
15357,2019-03-23 02:54:24,0.298
15358,2019-03-23 02:54:25,0.287
15359,2019-03-23 02:54:25,0.277
15360,2019-03-23 02:54:25,0.296
15361,2019-03-23 02:54:26,0.299
15362,2019-03-23 02:54:26,0.291
15363,2019-03-23 02:54:26,0.295
15364,2019-03-23 02:54:27,0.292
15365,2019-03-23 02:54:27,0.293
15366,2019-03-23 02:54:27,0.286
15367,2019-03-23 02:54:28,0.286
15368,2019-03-23 02:54:28,0.300
15369,2019-03-23 02:54:29,0.294
15370,2019-03-23 02:54:29,0.296
15371,2019-03-23 02:54:31,0.294
15372,2019-03-23 02:54:31,0.302
15373,2019-03-23 02:54:32,0.292
15374,2019-03-23 02:54:32,0.281
15375,2019-03-23 02:54:33,0.280
15376,2019-03-23 02:54:33,0.286
15377,2019-03-23 02:54:33,0.297
15378,2019-03-23 02:54:34,0.290
15379,2019-03-23 02:54:34,0.304
15380,2019-03-23 02:54:34,0.290
15381,2019-03-23 02:54:34,0.268
15382,2019-03-23 02:54:35,0.298
15383,2019-03-23 02:54:35,0.299
15384,2019-03-23 02:54:36,0.287
15385,2019-03-23 02:54:37,0.288
15386,2019-03-23 02:54:37,0.298
15387,2019-03-23 02:54:37,0.289
15388,2019-03-23 02:54:38,0.283
15389,2019-03-23 02:54:39,0.278
15390,2019-03-23 02:54:39,0.270
15391,2019-03-23 02:54:40,0.281
15392,2019-03-23 02:54:40,0.280
15393,2019-03-23 02:54:40,0.286
15394,2019-03-23 02:54:42,0.293
15395,2019-03-23 02:54:42,0.301
15396,2019-03-23 02:54:42,0.300
15397,2019-03-23 02:54:42,0.336
15398,2019-03-23 02:54:43,0.284
15399,2019-03-23 02:54:43,0.296
15400,2019-03-23 02:54:44,0.292
15401,2019-03-23 02:54:45,0.283
15402,2019-03-23 02:54:46,0.314
15403,2019-03-23 02:54:46,0.288
15404,2019-03-23 02:54:46,0.304
15405,2019-03-23 02:54:47,0.292
15406,2019-03-23 02:54:47,0.290
15407,2019-03-23 02:54:47,0.289
15408,2019-03-23 02:54:48,0.270
15409,2019-03-23 02:54:48,0.290
15410,2019-03-23 02:54:48,0.285
15411,2019-03-23 02:54:49,0.295
15412,2019-03-23 02:54:49,0.300
15413,2019-03-23 02:54:51,0.289
15414,2019-03-23 02:54:52,0.295
15415,2019-03-23 02:54:52,0.287
15416,2019-03-23 02:54:52,0.284
15417,2019-03-23 02:54:53,0.210
15418,2019-03-23 02:54:54,0.289
15419,2019-03-23 02:54:54,0.281
15420,2019-03-23 02:54:55,0.305
15421,2019-03-23 02:54:55,0.289
15422,2019-03-23 02:54:56,0.302
15423,2019-03-23 02:54:57,0.293
15424,2019-03-23 02:54:58,0.283
15425,2019-03-23 02:54:59,0.298
15426,2019-03-23 02:54:59,0.294
15427,2019-03-23 02:55:00,0.280
15428,2019-03-23 02:55:02,0.281
15429,2019-03-23 02:55:02,0.318
15430,2019-03-23 02:55:02,0.298
15431,2019-03-23 02:55:03,0.293
15432,2019-03-23 02:55:03,0.291
15433,2019-03-23 02:55:03,0.274
15434,2019-03-23 02:55:04,0.294
15435,2019-03-23 02:55:06,0.213
15436,2019-03-23 02:55:06,0.299
15437,2019-03-23 02:55:08,0.289
15438,2019-03-23 02:55:08,0.302
15439,2019-03-23 02:55:09,0.279
15440,2019-03-23 02:55:09,0.298
15441,2019-03-23 02:55:09,0.300
15442,2019-03-23 02:55:09,0.305
15443,2019-03-23 02:55:11,0.290
15444,2019-03-23 02:55:12,0.297
15445,2019-03-23 02:55:13,0.293
15446,2019-03-23 02:55:14,0.283
15447,2019-03-23 02:55:14,0.303
15448,2019-03-23 02:55:15,0.278
15449,2019-03-23 02:55:16,0.294
15450,2019-03-23 02:55:16,0.301
15451,2019-03-23 02:55:17,0.291
15452,2019-03-23 02:55:17,0.296
15453,2019-03-23 02:55:18,0.288
15454,2019-03-23 02:55:19,0.300
15455,2019-03-23 02:55:19,0.297
15456,2019-03-23 02:55:20,0.276
15457,2019-03-23 02:55:21,0.294
15458,2019-03-23 02:55:21,0.285
15459,2019-03-23 02:55:21,0.306
15460,2019-03-23 02:55:21,0.291
15461,2019-03-23 02:55:22,0.282
15462,2019-03-23 02:55:22,0.288
15463,2019-03-23 02:55:23,0.285
15464,2019-03-23 02:55:24,0.281
15465,2019-03-23 02:55:24,0.294
15466,2019-03-23 02:55:25,0.284
15467,2019-03-23 02:55:25,0.272
15468,2019-03-23 02:55:26,0.278
15469,2019-03-23 02:55:27,0.275
15470,2019-03-23 02:55:27,0.288
15471,2019-03-23 02:55:28,0.298
15472,2019-03-23 02:55:30,0.280
15473,2019-03-23 02:55:30,0.292
15474,2019-03-23 02:55:30,0.299
15475,2019-03-23 02:55:31,0.291
15476,2019-03-23 02:55:31,0.295
15477,2019-03-23 02:55:31,0.277
15478,2019-03-23 02:55:32,0.306
15479,2019-03-23 02:55:32,0.301
15480,2019-03-23 02:55:33,0.301
15481,2019-03-23 02:55:33,0.299
15482,2019-03-23 02:55:34,0.298
15483,2019-03-23 02:55:34,0.297
15484,2019-03-23 02:55:34,0.293
15485,2019-03-23 02:55:34,0.292
15486,2019-03-23 02:55:36,0.288
15487,2019-03-23 02:55:37,0.287
15488,2019-03-23 02:55:37,0.301
15489,2019-03-23 02:55:38,0.292
15490,2019-03-23 02:55:39,0.278
15491,2019-03-23 02:55:40,0.298
15492,2019-03-23 02:55:40,0.307
15493,2019-03-23 02:55:41,0.294
15494,2019-03-23 02:55:42,0.312
15495,2019-03-23 02:55:44,0.290
15496,2019-03-23 02:55:45,0.296
15497,2019-03-23 02:55:45,0.302
15498,2019-03-23 02:55:46,0.310
15499,2019-03-23 02:55:46,0.302
15500,2019-03-23 02:55:47,0.285
15501,2019-03-23 02:55:47,0.304
15502,2019-03-23 02:55:47,0.274
15503,2019-03-23 02:55:48,0.309
15504,2019-03-23 02:55:48,0.307
15505,2019-03-23 02:55:48,0.301
15506,2019-03-23 02:55:49,0.314
15507,2019-03-23 02:55:50,0.313
15508,2019-03-23 02:55:50,0.308
15509,2019-03-23 02:55:51,0.308
15510,2019-03-23 02:55:51,0.308
15511,2019-03-23 02:55:52,0.281
15512,2019-03-23 02:55:52,0.295
15513,2019-03-23 02:55:53,0.305
15514,2019-03-23 02:55:55,0.296
15515,2019-03-23 02:55:55,0.296
15516,2019-03-23 02:55:55,0.299
15517,2019-03-23 02:55:56,0.297
15518,2019-03-23 02:55:56,0.314
15519,2019-03-23 02:55:57,0.296
15520,2019-03-23 02:55:57,0.268
15521,2019-03-23 02:55:57,0.292
15522,2019-03-23 02:55:58,0.298
15523,2019-03-23 02:55:58,0.302
15524,2019-03-23 02:55:59,0.303
15525,2019-03-23 02:55:59,0.307
15526,2019-03-23 02:55:59,0.298
15527,2019-03-23 02:56:00,0.213
15528,2019-03-23 02:56:00,0.296
15529,2019-03-23 02:56:01,0.292
15530,2019-03-23 02:56:01,0.319
15531,2019-03-23 02:56:01,0.279
15532,2019-03-23 02:56:01,0.310
15533,2019-03-23 02:56:02,0.295
15534,2019-03-23 02:56:02,0.291
15535,2019-03-23 02:56:03,0.294
15536,2019-03-23 02:56:03,0.300
15537,2019-03-23 02:56:04,0.302
15538,2019-03-23 02:56:04,0.313
15539,2019-03-23 02:56:05,0.286
15540,2019-03-23 02:56:05,0.310
15541,2019-03-23 02:56:05,0.295
15542,2019-03-23 02:56:05,0.301
15543,2019-03-23 02:56:05,0.295
15544,2019-03-23 02:56:06,0.303
15545,2019-03-23 02:56:06,0.295
15546,2019-03-23 02:56:07,0.275
15547,2019-03-23 02:56:08,0.289
15548,2019-03-23 02:56:08,0.298
15549,2019-03-23 02:56:08,0.315
15550,2019-03-23 02:56:09,0.314
15551,2019-03-23 02:56:10,0.288
15552,2019-03-23 02:56:10,0.213
15553,2019-03-23 02:56:11,0.307
15554,2019-03-23 02:56:11,0.307
15555,2019-03-23 02:56:12,0.312
15556,2019-03-23 02:56:13,0.292
15557,2019-03-23 02:56:13,0.299
15558,2019-03-23 02:56:13,0.303
15559,2019-03-23 02:56:13,0.305
15560,2019-03-23 02:56:13,0.295
15561,2019-03-23 02:56:14,0.312
15562,2019-03-23 02:56:14,0.282
15563,2019-03-23 02:56:14,0.302
15564,2019-03-23 02:56:14,0.306
15565,2019-03-23 02:56:14,0.299
15566,2019-03-23 02:56:15,0.301
15567,2019-03-23 02:56:15,0.299
15568,2019-03-23 02:56:16,0.296
15569,2019-03-23 02:56:16,0.312
15570,2019-03-23 02:56:16,0.314
15571,2019-03-23 02:56:17,0.294
15572,2019-03-23 02:56:17,0.290
15573,2019-03-23 02:56:18,0.301
15574,2019-03-23 02:56:19,0.284
15575,2019-03-23 02:56:19,0.280
15576,2019-03-23 02:56:21,0.280
15577,2019-03-23 02:56:21,0.305
15578,2019-03-23 02:56:22,0.300
15579,2019-03-23 02:56:22,0.293
15580,2019-03-23 02:56:24,0.315
15581,2019-03-23 02:56:27,0.302
15582,2019-03-23 02:56:27,0.302
15583,2019-03-23 02:56:27,0.304
15584,2019-03-23 02:56:28,0.373
15585,2019-03-23 02:56:29,0.300
15586,2019-03-23 02:56:29,0.308
15587,2019-03-23 02:56:30,0.297
15588,2019-03-23 02:56:30,0.292
15589,2019-03-23 02:56:31,0.297
15590,2019-03-23 02:56:32,0.300
15591,2019-03-23 02:56:32,0.295
15592,2019-03-23 02:56:32,0.286
15593,2019-03-23 02:56:33,0.293
15594,2019-03-23 02:56:33,0.300
15595,2019-03-23 02:56:34,0.278
15596,2019-03-23 02:56:34,0.300
15597,2019-03-23 02:56:34,0.295
15598,2019-03-23 02:56:35,0.293
15599,2019-03-23 02:56:35,0.283
15600,2019-03-23 02:56:36,0.307
15601,2019-03-23 02:56:37,0.285
15602,2019-03-23 02:56:38,0.286
15603,2019-03-23 02:56:38,0.293
15604,2019-03-23 02:56:39,0.292
15605,2019-03-23 02:56:39,0.297
15606,2019-03-23 02:56:39,0.297
15607,2019-03-23 02:56:39,0.305
15608,2019-03-23 02:56:40,0.297
15609,2019-03-23 02:56:43,0.290
15610,2019-03-23 02:56:44,0.298
15611,2019-03-23 02:56:44,0.293
15612,2019-03-23 02:56:45,0.293
15613,2019-03-23 02:56:47,0.301
15614,2019-03-23 02:56:48,0.291
15615,2019-03-23 02:56:48,0.284
15616,2019-03-23 02:56:48,0.272
15617,2019-03-23 02:56:48,0.297
15618,2019-03-23 02:56:49,0.286
15619,2019-03-23 02:56:50,0.284
15620,2019-03-23 02:56:51,0.286
15621,2019-03-23 02:56:51,0.291
15622,2019-03-23 02:56:51,0.296
15623,2019-03-23 02:56:51,0.308
15624,2019-03-23 02:56:52,0.314
15625,2019-03-23 02:56:53,0.283
15626,2019-03-23 02:56:53,0.285
15627,2019-03-23 02:56:53,0.279
15628,2019-03-23 02:56:54,0.305
15629,2019-03-23 02:56:54,0.316
15630,2019-03-23 02:56:54,0.294
15631,2019-03-23 02:56:55,0.278
15632,2019-03-23 02:56:55,0.286
15633,2019-03-23 02:56:56,0.303
15634,2019-03-23 02:56:56,0.191
15635,2019-03-23 02:56:58,0.297
15636,2019-03-23 02:57:00,0.309
15637,2019-03-23 02:57:00,0.295
15638,2019-03-23 02:57:00,0.297
15639,2019-03-23 02:57:00,0.296
15640,2019-03-23 02:57:00,0.288
15641,2019-03-23 02:57:01,0.286
15642,2019-03-23 02:57:01,0.287
15643,2019-03-23 02:57:01,0.298
15644,2019-03-23 02:57:02,0.302
15645,2019-03-23 02:57:02,0.296
15646,2019-03-23 02:57:02,0.304
15647,2019-03-23 02:57:03,0.301
15648,2019-03-23 02:57:03,0.312
15649,2019-03-23 02:57:03,0.298
15650,2019-03-23 02:57:03,0.315
15651,2019-03-23 02:57:05,0.277
15652,2019-03-23 02:57:05,0.287
15653,2019-03-23 02:57:05,0.286
15654,2019-03-23 02:57:05,0.307
15655,2019-03-23 02:57:06,0.310
15656,2019-03-23 02:57:06,0.291
15657,2019-03-23 02:57:07,0.294
15658,2019-03-23 02:57:07,0.300
15659,2019-03-23 02:57:08,0.304
15660,2019-03-23 02:57:08,0.298
15661,2019-03-23 02:57:08,0.298
15662,2019-03-23 02:57:08,0.298
15663,2019-03-23 02:57:09,0.293
15664,2019-03-23 02:57:10,0.301
15665,2019-03-23 02:57:10,0.282
15666,2019-03-23 02:57:11,0.300
15667,2019-03-23 02:57:12,0.305
15668,2019-03-23 02:57:13,0.294
15669,2019-03-23 02:57:14,0.289
15670,2019-03-23 02:57:14,0.322
15671,2019-03-23 02:57:14,0.284
15672,2019-03-23 02:57:15,0.304
15673,2019-03-23 02:57:15,0.295
15674,2019-03-23 02:57:16,0.303
15675,2019-03-23 02:57:16,0.305
15676,2019-03-23 02:57:16,0.295
15677,2019-03-23 02:57:17,0.307
15678,2019-03-23 02:57:19,0.313
15679,2019-03-23 02:57:19,0.306
15680,2019-03-23 02:57:19,0.308
15681,2019-03-23 02:57:20,0.288
15682,2019-03-23 02:57:20,0.314
15683,2019-03-23 02:57:20,0.280
15684,2019-03-23 02:57:20,0.303
15685,2019-03-23 02:57:21,0.296
15686,2019-03-23 02:57:21,0.317
15687,2019-03-23 02:57:21,0.284
15688,2019-03-23 02:57:22,0.300
15689,2019-03-23 02:57:23,0.309
15690,2019-03-23 02:57:23,0.305
15691,2019-03-23 02:57:25,0.307
15692,2019-03-23 02:57:25,0.271
15693,2019-03-23 02:57:26,0.311
15694,2019-03-23 02:57:26,0.306
15695,2019-03-23 02:57:27,0.282
15696,2019-03-23 02:57:27,0.294
15697,2019-03-23 02:57:27,0.290
15698,2019-03-23 02:57:28,0.268
15699,2019-03-23 02:57:29,0.287
15700,2019-03-23 02:57:30,0.283
15701,2019-03-23 02:57:30,0.289
15702,2019-03-23 02:57:30,0.294
15703,2019-03-23 02:57:30,0.302
15704,2019-03-23 02:57:31,0.287
15705,2019-03-23 02:57:31,0.293
15706,2019-03-23 02:57:31,0.304
15707,2019-03-23 02:57:32,0.299
15708,2019-03-23 02:57:32,0.299
15709,2019-03-23 02:57:32,0.297
15710,2019-03-23 02:57:33,0.293
15711,2019-03-23 02:57:34,0.302
15712,2019-03-23 02:57:34,0.385
15713,2019-03-23 02:57:35,0.301
15714,2019-03-23 02:57:36,0.305
15715,2019-03-23 02:57:36,0.302
15716,2019-03-23 02:57:37,0.295
15717,2019-03-23 02:57:37,0.305
15718,2019-03-23 02:57:38,0.285
15719,2019-03-23 02:57:38,0.287
15720,2019-03-23 02:57:39,0.300
15721,2019-03-23 02:57:39,0.307
15722,2019-03-23 02:57:40,0.303
15723,2019-03-23 02:57:41,0.291
15724,2019-03-23 02:57:41,0.313
15725,2019-03-23 02:57:42,0.315
15726,2019-03-23 02:57:42,0.363
15727,2019-03-23 02:57:43,0.306
15728,2019-03-23 02:57:43,0.297
15729,2019-03-23 02:57:43,0.289
15730,2019-03-23 02:57:44,0.298
15731,2019-03-23 02:57:44,0.317
15732,2019-03-23 02:57:44,0.304
15733,2019-03-23 02:57:44,0.303
15734,2019-03-23 02:57:45,0.295
15735,2019-03-23 02:57:45,0.303
15736,2019-03-23 02:57:45,0.298
15737,2019-03-23 02:57:46,0.308
15738,2019-03-23 02:57:46,0.280
15739,2019-03-23 02:57:47,0.290
15740,2019-03-23 02:57:47,0.302
15741,2019-03-23 02:57:47,0.301
15742,2019-03-23 02:57:48,0.300
15743,2019-03-23 02:57:48,0.306
15744,2019-03-23 02:57:49,0.299
15745,2019-03-23 02:57:49,0.291
15746,2019-03-23 02:57:49,0.310
15747,2019-03-23 02:57:50,0.302
15748,2019-03-23 02:57:52,0.314
15749,2019-03-23 02:57:53,0.300
15750,2019-03-23 02:57:53,0.298
15751,2019-03-23 02:57:54,0.306
15752,2019-03-23 02:57:54,0.295
15753,2019-03-23 02:57:55,0.301
15754,2019-03-23 02:57:55,0.318
15755,2019-03-23 02:57:55,0.291
15756,2019-03-23 02:57:55,0.316
15757,2019-03-23 02:57:57,0.305
15758,2019-03-23 02:57:58,0.289
15759,2019-03-23 02:57:59,0.299
15760,2019-03-23 02:57:59,0.290
15761,2019-03-23 02:57:59,0.312
15762,2019-03-23 02:57:59,0.301
15763,2019-03-23 02:57:59,0.306
15764,2019-03-23 02:58:02,0.292
15765,2019-03-23 02:58:03,0.297
15766,2019-03-23 02:58:03,0.310
15767,2019-03-23 02:58:03,0.292
15768,2019-03-23 02:58:04,0.373
15769,2019-03-23 02:58:04,0.296
15770,2019-03-23 02:58:04,0.304
15771,2019-03-23 02:58:04,0.278
15772,2019-03-23 02:58:05,0.289
15773,2019-03-23 02:58:05,0.300
15774,2019-03-23 02:58:06,0.288
15775,2019-03-23 02:58:10,0.303
15776,2019-03-23 02:58:10,0.297
15777,2019-03-23 02:58:10,0.301
15778,2019-03-23 02:58:11,0.318
15779,2019-03-23 02:58:11,0.291
15780,2019-03-23 02:58:12,0.307
15781,2019-03-23 02:58:12,0.315
15782,2019-03-23 02:58:12,0.311
15783,2019-03-23 02:58:13,0.281
15784,2019-03-23 02:58:14,0.292
15785,2019-03-23 02:58:14,0.305
15786,2019-03-23 02:58:14,0.293
15787,2019-03-23 02:58:15,0.301
15788,2019-03-23 02:58:16,0.301
15789,2019-03-23 02:58:16,0.300
15790,2019-03-23 02:58:16,0.290
15791,2019-03-23 02:58:17,0.280
15792,2019-03-23 02:58:18,0.314
15793,2019-03-23 02:58:18,0.302
15794,2019-03-23 02:58:18,0.320
15795,2019-03-23 02:58:19,0.299
15796,2019-03-23 02:58:20,0.297
15797,2019-03-23 02:58:21,0.305
15798,2019-03-23 02:58:21,0.319
15799,2019-03-23 02:58:21,0.310
15800,2019-03-23 02:58:22,0.311
15801,2019-03-23 02:58:22,0.288
15802,2019-03-23 02:58:22,0.294
15803,2019-03-23 02:58:23,0.314
15804,2019-03-23 02:58:23,0.312
15805,2019-03-23 02:58:23,0.311
15806,2019-03-23 02:58:25,0.293
15807,2019-03-23 02:58:25,0.297
15808,2019-03-23 02:58:25,0.309
15809,2019-03-23 02:58:26,0.293
15810,2019-03-23 02:58:26,0.303
15811,2019-03-23 02:58:27,0.307
15812,2019-03-23 02:58:27,0.396
15813,2019-03-23 02:58:27,0.297
15814,2019-03-23 02:58:28,0.304
15815,2019-03-23 02:58:28,0.304
15816,2019-03-23 02:58:29,0.310
15817,2019-03-23 02:58:29,0.309
15818,2019-03-23 02:58:30,0.305
15819,2019-03-23 02:58:30,0.316
15820,2019-03-23 02:58:30,0.304
15821,2019-03-23 02:58:31,0.299
15822,2019-03-23 02:58:31,0.303
15823,2019-03-23 02:58:32,0.298
15824,2019-03-23 02:58:32,0.284
15825,2019-03-23 02:58:33,0.284
15826,2019-03-23 02:58:33,0.326
15827,2019-03-23 02:58:33,0.314
15828,2019-03-23 02:58:33,0.312
15829,2019-03-23 02:58:34,0.312
15830,2019-03-23 02:58:35,0.304
15831,2019-03-23 02:58:35,0.311
15832,2019-03-23 02:58:35,0.308
15833,2019-03-23 02:58:36,0.289
15834,2019-03-23 02:58:36,0.284
15835,2019-03-23 02:58:36,0.299
15836,2019-03-23 02:58:37,0.308
15837,2019-03-23 02:58:37,0.305
15838,2019-03-23 02:58:38,0.284
15839,2019-03-23 02:58:38,0.307
15840,2019-03-23 02:58:39,0.312
15841,2019-03-23 02:58:40,0.297
15842,2019-03-23 02:58:40,0.311
15843,2019-03-23 02:58:40,0.293
15844,2019-03-23 02:58:40,0.295
15845,2019-03-23 02:58:41,0.302
15846,2019-03-23 02:58:41,0.303
15847,2019-03-23 02:58:42,0.298
15848,2019-03-23 02:58:44,0.297
15849,2019-03-23 02:58:45,0.292
15850,2019-03-23 02:58:46,0.314
15851,2019-03-23 02:58:46,0.299
15852,2019-03-23 02:58:47,0.301
15853,2019-03-23 02:58:47,0.317
15854,2019-03-23 02:58:49,0.288
15855,2019-03-23 02:58:49,0.284
15856,2019-03-23 02:58:50,0.300
15857,2019-03-23 02:58:50,0.304
15858,2019-03-23 02:58:52,0.314
15859,2019-03-23 02:58:52,0.305
15860,2019-03-23 02:58:52,0.270
15861,2019-03-23 02:58:53,0.303
15862,2019-03-23 02:58:54,0.323
15863,2019-03-23 02:58:54,0.275
15864,2019-03-23 02:58:55,0.315
15865,2019-03-23 02:58:56,0.289
15866,2019-03-23 02:58:56,0.296
15867,2019-03-23 02:58:57,0.302
15868,2019-03-23 02:58:57,0.318
15869,2019-03-23 02:58:58,0.328
15870,2019-03-23 02:58:58,0.301
15871,2019-03-23 02:58:58,0.294
15872,2019-03-23 02:58:59,0.299
15873,2019-03-23 02:58:59,0.286
15874,2019-03-23 02:59:00,0.304
15875,2019-03-23 02:59:01,0.312
15876,2019-03-23 02:59:01,0.296
15877,2019-03-23 02:59:01,0.292
15878,2019-03-23 02:59:02,0.298
15879,2019-03-23 02:59:02,0.299
15880,2019-03-23 02:59:03,0.312
15881,2019-03-23 02:59:04,0.290
15882,2019-03-23 02:59:04,0.291
15883,2019-03-23 02:59:05,0.305
15884,2019-03-23 02:59:05,0.301
15885,2019-03-23 02:59:05,0.311
15886,2019-03-23 02:59:07,0.297
15887,2019-03-23 02:59:07,0.296
15888,2019-03-23 02:59:08,0.284
15889,2019-03-23 02:59:08,0.293
15890,2019-03-23 02:59:08,0.298
15891,2019-03-23 02:59:10,0.294
15892,2019-03-23 02:59:10,0.303
15893,2019-03-23 02:59:11,0.318
15894,2019-03-23 02:59:12,0.294
15895,2019-03-23 02:59:12,0.290
15896,2019-03-23 02:59:13,0.296
15897,2019-03-23 02:59:13,0.305
15898,2019-03-23 02:59:14,0.213
15899,2019-03-23 02:59:17,0.292
15900,2019-03-23 02:59:17,0.296
15901,2019-03-23 02:59:17,0.302
15902,2019-03-23 02:59:17,0.309
15903,2019-03-23 02:59:18,0.312
15904,2019-03-23 02:59:19,0.302
15905,2019-03-23 02:59:19,0.282
15906,2019-03-23 02:59:19,0.292
15907,2019-03-23 02:59:20,0.298
15908,2019-03-23 02:59:20,0.300
15909,2019-03-23 02:59:21,0.302
15910,2019-03-23 02:59:21,0.294
15911,2019-03-23 02:59:23,0.318
15912,2019-03-23 02:59:24,0.292
15913,2019-03-23 02:59:25,0.294
15914,2019-03-23 02:59:25,0.274
15915,2019-03-23 02:59:27,0.308
15916,2019-03-23 02:59:29,0.306
15917,2019-03-23 02:59:29,0.291
15918,2019-03-23 02:59:30,0.309
15919,2019-03-23 02:59:30,0.297
15920,2019-03-23 02:59:30,0.288
15921,2019-03-23 02:59:31,0.304
15922,2019-03-23 02:59:31,0.284
15923,2019-03-23 02:59:31,0.312
15924,2019-03-23 02:59:32,0.302
15925,2019-03-23 02:59:32,0.307
15926,2019-03-23 02:59:33,0.298
15927,2019-03-23 02:59:33,0.301
15928,2019-03-23 02:59:34,0.321
15929,2019-03-23 02:59:34,0.297
15930,2019-03-23 02:59:35,0.304
15931,2019-03-23 02:59:36,0.310
15932,2019-03-23 02:59:37,0.296
15933,2019-03-23 02:59:37,0.285
15934,2019-03-23 02:59:39,0.303
15935,2019-03-23 02:59:40,0.298
15936,2019-03-23 02:59:41,0.293
15937,2019-03-23 02:59:41,0.292
15938,2019-03-23 02:59:41,0.299
15939,2019-03-23 02:59:42,0.286
15940,2019-03-23 02:59:42,0.296
15941,2019-03-23 02:59:42,0.291
15942,2019-03-23 02:59:42,0.306
15943,2019-03-23 02:59:42,0.297
15944,2019-03-23 02:59:44,0.287
15945,2019-03-23 02:59:45,0.305
15946,2019-03-23 02:59:45,0.299
15947,2019-03-23 02:59:45,0.299
15948,2019-03-23 02:59:47,0.303
15949,2019-03-23 02:59:47,0.307
15950,2019-03-23 02:59:47,0.214
15951,2019-03-23 02:59:48,0.303
15952,2019-03-23 02:59:48,0.303
15953,2019-03-23 02:59:49,0.303
15954,2019-03-23 02:59:50,0.303
15955,2019-03-23 02:59:50,0.307
15956,2019-03-23 02:59:51,0.306
15957,2019-03-23 02:59:52,0.290
15958,2019-03-23 02:59:52,0.310
15959,2019-03-23 02:59:53,0.293
15960,2019-03-23 02:59:53,0.304
15961,2019-03-23 02:59:54,0.303
15962,2019-03-23 02:59:54,0.297
15963,2019-03-23 02:59:54,0.298
15964,2019-03-23 02:59:55,0.297
15965,2019-03-23 02:59:55,0.306
15966,2019-03-23 02:59:56,0.302
15967,2019-03-23 02:59:57,0.290
15968,2019-03-23 02:59:58,0.315
15969,2019-03-23 02:59:58,0.305
15970,2019-03-23 02:59:59,0.313
15971,2019-03-23 02:59:59,0.291
15972,2019-03-23 02:59:59,0.295
15973,2019-03-23 03:00:00,0.297
15974,2019-03-23 03:00:01,0.305
15975,2019-03-23 03:00:02,0.288
15976,2019-03-23 03:00:03,0.291
15977,2019-03-23 03:00:03,0.292
15978,2019-03-23 03:00:03,0.296
15979,2019-03-23 03:00:04,0.294
15980,2019-03-23 03:00:05,0.290
15981,2019-03-23 03:00:06,0.297
15982,2019-03-23 03:00:07,0.303
15983,2019-03-23 03:00:09,0.303
15984,2019-03-23 03:00:09,0.295
15985,2019-03-23 03:00:11,0.312
15986,2019-03-23 03:00:11,0.284
15987,2019-03-23 03:00:12,0.309
15988,2019-03-23 03:00:12,0.287
15989,2019-03-23 03:00:13,0.293
15990,2019-03-23 03:00:13,0.290
15991,2019-03-23 03:00:13,0.289
15992,2019-03-23 03:00:14,0.293
15993,2019-03-23 03:00:15,0.306
15994,2019-03-23 03:00:15,0.300
15995,2019-03-23 03:00:15,0.293
15996,2019-03-23 03:00:16,0.295
15997,2019-03-23 03:00:17,0.302
15998,2019-03-23 03:00:18,0.297
15999,2019-03-23 03:00:18,0.288
16000,2019-03-23 03:00:18,0.304
16001,2019-03-23 03:00:19,0.304
16002,2019-03-23 03:00:19,0.301
16003,2019-03-23 03:00:19,0.291
16004,2019-03-23 03:00:20,0.291
16005,2019-03-23 03:00:20,0.285
16006,2019-03-23 03:00:21,0.296
16007,2019-03-23 03:00:21,0.310
16008,2019-03-23 03:00:23,0.308
16009,2019-03-23 03:00:24,0.289
16010,2019-03-23 03:00:24,0.302
16011,2019-03-23 03:00:25,0.299
16012,2019-03-23 03:00:25,0.301
16013,2019-03-23 03:00:26,0.304
16014,2019-03-23 03:00:26,0.294
16015,2019-03-23 03:00:27,0.303
16016,2019-03-23 03:00:28,0.300
16017,2019-03-23 03:00:28,0.305
16018,2019-03-23 03:00:28,0.299
16019,2019-03-23 03:00:29,0.293
16020,2019-03-23 03:00:30,0.293
16021,2019-03-23 03:00:31,0.296
16022,2019-03-23 03:00:31,0.291
16023,2019-03-23 03:00:31,0.295
16024,2019-03-23 03:00:32,0.307
16025,2019-03-23 03:00:32,0.315
16026,2019-03-23 03:00:34,0.291
16027,2019-03-23 03:00:34,0.301
16028,2019-03-23 03:00:34,0.301
16029,2019-03-23 03:00:35,0.305
16030,2019-03-23 03:00:35,0.309
16031,2019-03-23 03:00:36,0.305
16032,2019-03-23 03:00:37,0.302
16033,2019-03-23 03:00:37,0.291
16034,2019-03-23 03:00:38,0.293
16035,2019-03-23 03:00:38,0.309
16036,2019-03-23 03:00:38,0.311
16037,2019-03-23 03:00:39,0.303
16038,2019-03-23 03:00:39,0.310
16039,2019-03-23 03:00:39,0.300
16040,2019-03-23 03:00:40,0.309
16041,2019-03-23 03:00:40,0.299
16042,2019-03-23 03:00:40,0.292
16043,2019-03-23 03:03:24,0.298
16044,2019-03-23 03:03:24,0.302
16045,2019-03-23 03:03:24,0.292
16046,2019-03-23 03:03:25,0.296
16047,2019-03-23 03:03:25,0.305
16048,2019-03-23 03:03:25,0.301
16049,2019-03-23 03:03:25,0.288
16050,2019-03-23 03:03:25,0.291
16051,2019-03-23 03:03:26,0.306
16052,2019-03-23 03:03:26,0.305
16053,2019-03-23 03:03:26,0.296
16054,2019-03-23 03:03:27,0.303
16055,2019-03-23 03:03:27,0.311
16056,2019-03-23 03:03:27,0.301
16057,2019-03-23 03:03:27,0.301
16058,2019-03-23 03:03:27,0.290
16059,2019-03-23 03:03:27,0.213
16060,2019-03-23 03:03:27,0.292
16061,2019-03-23 03:03:28,0.298
16062,2019-03-23 03:03:28,0.291
16063,2019-03-23 03:03:28,0.294
16064,2019-03-23 03:03:28,0.290
16065,2019-03-23 03:03:28,0.266
16066,2019-03-23 03:03:28,0.296
16067,2019-03-23 03:03:29,0.288
16068,2019-03-23 03:03:29,0.278
16069,2019-03-23 03:03:29,0.283
16070,2019-03-23 03:03:29,0.293
16071,2019-03-23 03:03:29,0.295
16072,2019-03-23 03:03:30,0.313
16073,2019-03-23 03:03:30,0.300
16074,2019-03-23 03:03:30,0.304
16075,2019-03-23 03:03:30,0.289
16076,2019-03-23 03:03:30,0.293
16077,2019-03-23 03:03:31,0.301
16078,2019-03-23 03:03:31,0.307
16079,2019-03-23 03:03:31,0.308
16080,2019-03-23 03:03:31,0.301
16081,2019-03-23 03:03:31,0.292
16082,2019-03-23 03:03:32,0.279
16083,2019-03-23 03:03:32,0.295
16084,2019-03-23 03:03:32,0.303
16085,2019-03-23 03:03:32,0.287
16086,2019-03-23 03:03:32,0.298
16087,2019-03-23 03:03:33,0.305
16088,2019-03-23 03:03:33,0.285
16089,2019-03-23 03:03:33,0.309
16090,2019-03-23 03:03:33,0.309
16091,2019-03-23 03:03:34,0.301
16092,2019-03-23 03:03:34,0.300
16093,2019-03-23 03:03:34,0.313
16094,2019-03-23 03:03:34,0.297
16095,2019-03-23 03:03:34,0.300
16096,2019-03-23 03:03:34,0.302
16097,2019-03-23 03:03:35,0.292
16098,2019-03-23 03:03:35,0.314
16099,2019-03-23 03:03:35,0.295
16100,2019-03-23 03:03:35,0.306
16101,2019-03-23 03:03:36,0.280
16102,2019-03-23 03:03:36,0.291
16103,2019-03-23 03:03:36,0.301
16104,2019-03-23 03:03:36,0.289
16105,2019-03-23 03:03:36,0.302
16106,2019-03-23 03:03:36,0.303
16107,2019-03-23 03:03:36,0.288
16108,2019-03-23 03:03:36,0.287
16109,2019-03-23 03:03:36,0.286
16110,2019-03-23 03:03:37,0.291
16111,2019-03-23 03:03:37,0.294
16112,2019-03-23 03:03:37,0.309
16113,2019-03-23 03:03:37,0.301
16114,2019-03-23 03:03:38,0.294
16115,2019-03-23 03:03:38,0.279
16116,2019-03-23 03:03:38,0.296
16117,2019-03-23 03:03:38,0.301
16118,2019-03-23 03:03:40,0.286
16119,2019-03-23 03:03:40,0.291
16120,2019-03-23 03:03:40,0.289
16121,2019-03-23 03:03:41,0.295
16122,2019-03-23 03:03:42,0.301
16123,2019-03-23 03:03:42,0.306
16124,2019-03-23 03:03:42,0.296
16125,2019-03-23 03:03:42,0.303
16126,2019-03-23 03:03:42,0.283
16127,2019-03-23 03:03:43,0.276
16128,2019-03-23 03:03:43,0.306
16129,2019-03-23 03:03:43,0.293
16130,2019-03-23 03:03:44,0.363
16131,2019-03-23 03:03:44,0.299
16132,2019-03-23 03:03:44,0.301
16133,2019-03-23 03:03:45,0.292
16134,2019-03-23 03:03:45,0.284
16135,2019-03-23 03:03:46,0.307
16136,2019-03-23 03:03:46,0.311
16137,2019-03-23 03:03:46,0.299
16138,2019-03-23 03:03:46,0.311
16139,2019-03-23 03:03:46,0.289
16140,2019-03-23 03:03:47,0.300
16141,2019-03-23 03:03:47,0.286
16142,2019-03-23 03:03:47,0.289
16143,2019-03-23 03:03:48,0.212
16144,2019-03-23 03:03:49,0.297
16145,2019-03-23 03:03:49,0.295
16146,2019-03-23 03:03:49,0.299
16147,2019-03-23 03:03:49,0.294
16148,2019-03-23 03:03:49,0.285
16149,2019-03-23 03:03:49,0.294
16150,2019-03-23 03:03:50,0.277
16151,2019-03-23 03:03:50,0.292
16152,2019-03-23 03:03:50,0.298
16153,2019-03-23 03:03:51,0.313
16154,2019-03-23 03:03:51,0.288
16155,2019-03-23 03:03:51,0.299
16156,2019-03-23 03:03:52,0.295
16157,2019-03-23 03:03:52,0.298
16158,2019-03-23 03:03:53,0.304
16159,2019-03-23 03:03:53,0.299
16160,2019-03-23 03:03:54,0.294
16161,2019-03-23 03:03:54,0.306
16162,2019-03-23 03:03:55,0.214
16163,2019-03-23 03:03:55,0.309
16164,2019-03-23 03:03:55,0.294
16165,2019-03-23 03:03:56,0.317
16166,2019-03-23 03:03:56,0.276
16167,2019-03-23 03:03:57,0.297
16168,2019-03-23 03:03:57,0.291
16169,2019-03-23 03:03:58,0.297
16170,2019-03-23 03:03:58,0.311
16171,2019-03-23 03:03:58,0.291
16172,2019-03-23 03:03:59,0.287
16173,2019-03-23 03:03:59,0.291
16174,2019-03-23 03:03:59,0.304
16175,2019-03-23 03:03:59,0.287
16176,2019-03-23 03:04:00,0.278
16177,2019-03-23 03:04:00,0.293
16178,2019-03-23 03:04:01,0.295
16179,2019-03-23 03:04:01,0.301
16180,2019-03-23 03:04:02,0.301
16181,2019-03-23 03:04:03,0.277
16182,2019-03-23 03:04:04,0.299
16183,2019-03-23 03:04:04,0.303
16184,2019-03-23 03:04:10,0.289
16185,2019-03-23 03:04:11,0.285
16186,2019-03-23 03:04:12,0.311
16187,2019-03-23 03:04:13,0.309
16188,2019-03-23 03:04:13,0.305
16189,2019-03-23 03:04:13,0.299
16190,2019-03-23 03:04:15,0.289
16191,2019-03-23 03:04:16,0.303
16192,2019-03-23 03:04:16,0.299
16193,2019-03-23 03:04:17,0.302
16194,2019-03-23 03:04:17,0.285
16195,2019-03-23 03:04:17,0.299
16196,2019-03-23 03:04:19,0.307
16197,2019-03-23 03:04:19,0.300
16198,2019-03-23 03:04:19,0.295
16199,2019-03-23 03:04:20,0.299
16200,2019-03-23 03:04:21,0.298
16201,2019-03-23 03:04:22,0.302
16202,2019-03-23 03:04:22,0.296
16203,2019-03-23 03:04:23,0.300
16204,2019-03-23 03:04:24,0.287
16205,2019-03-23 03:04:24,0.296
16206,2019-03-23 03:04:24,0.293
16207,2019-03-23 03:04:24,0.310
16208,2019-03-23 03:04:25,0.288
16209,2019-03-23 03:04:26,0.332
16210,2019-03-23 03:04:26,0.303
16211,2019-03-23 03:04:27,0.309
16212,2019-03-23 03:04:28,0.289
16213,2019-03-23 03:04:28,0.298
16214,2019-03-23 03:04:28,0.299
16215,2019-03-23 03:04:29,0.313
16216,2019-03-23 03:04:29,0.305
16217,2019-03-23 03:04:30,0.289
16218,2019-03-23 03:04:31,0.289
16219,2019-03-23 03:04:33,0.327
16220,2019-03-23 03:04:34,0.311
16221,2019-03-23 03:04:35,0.295
16222,2019-03-23 03:04:35,0.311
16223,2019-03-23 03:04:35,0.300
16224,2019-03-23 03:04:36,0.306
16225,2019-03-23 03:04:36,0.280
16226,2019-03-23 03:04:37,0.311
16227,2019-03-23 03:04:37,0.214
16228,2019-03-23 03:04:37,0.305
16229,2019-03-23 03:04:38,0.306
16230,2019-03-23 03:04:38,0.307
16231,2019-03-23 03:04:38,0.307
16232,2019-03-23 03:04:38,0.312
16233,2019-03-23 03:04:39,0.363
16234,2019-03-23 03:04:39,0.290
16235,2019-03-23 03:04:40,0.291
16236,2019-03-23 03:04:40,0.291
16237,2019-03-23 03:04:40,0.308
16238,2019-03-23 03:04:40,0.296
16239,2019-03-23 03:04:41,0.292
16240,2019-03-23 03:04:42,0.314
16241,2019-03-23 03:04:44,0.304
16242,2019-03-23 03:04:44,0.299
16243,2019-03-23 03:04:45,0.295
16244,2019-03-23 03:04:45,0.298
16245,2019-03-23 03:04:45,0.303
16246,2019-03-23 03:04:46,0.290
16247,2019-03-23 03:04:47,0.297
16248,2019-03-23 03:04:48,0.291
16249,2019-03-23 03:04:48,0.298
16250,2019-03-23 03:04:48,0.289
16251,2019-03-23 03:04:49,0.301
16252,2019-03-23 03:04:50,0.273
16253,2019-03-23 03:04:50,0.308
16254,2019-03-23 03:04:50,0.296
16255,2019-03-23 03:04:52,0.300
16256,2019-03-23 03:04:54,0.291
16257,2019-03-23 03:04:54,0.303
16258,2019-03-23 03:04:55,0.297
16259,2019-03-23 03:04:55,0.297
16260,2019-03-23 03:04:56,0.306
16261,2019-03-23 03:04:56,0.300
16262,2019-03-23 03:04:56,0.303
16263,2019-03-23 03:04:57,0.286
16264,2019-03-23 03:04:58,0.276
16265,2019-03-23 03:04:58,0.328
16266,2019-03-23 03:04:58,0.324
16267,2019-03-23 03:04:59,0.299
16268,2019-03-23 03:04:59,0.296
16269,2019-03-23 03:05:00,0.306
16270,2019-03-23 03:05:01,0.298
16271,2019-03-23 03:05:01,0.292
16272,2019-03-23 03:05:02,0.295
16273,2019-03-23 03:05:03,0.301
16274,2019-03-23 03:05:04,0.308
16275,2019-03-23 03:05:05,0.307
16276,2019-03-23 03:05:06,0.306
16277,2019-03-23 03:05:06,0.297
16278,2019-03-23 03:05:06,0.213
16279,2019-03-23 03:05:07,0.294
16280,2019-03-23 03:05:07,0.295
16281,2019-03-23 03:05:08,0.294
16282,2019-03-23 03:05:10,0.297
16283,2019-03-23 03:05:11,0.285
16284,2019-03-23 03:05:11,0.287
16285,2019-03-23 03:05:11,0.316
16286,2019-03-23 03:05:12,0.295
16287,2019-03-23 03:05:12,0.315
16288,2019-03-23 03:05:12,0.291
16289,2019-03-23 03:05:13,0.294
16290,2019-03-23 03:05:13,0.306
16291,2019-03-23 03:05:13,0.307
16292,2019-03-23 03:05:14,0.300
16293,2019-03-23 03:05:14,0.290
16294,2019-03-23 03:05:15,0.305
16295,2019-03-23 03:05:15,0.290
16296,2019-03-23 03:05:15,0.301
16297,2019-03-23 03:05:16,0.300
16298,2019-03-23 03:05:16,0.292
16299,2019-03-23 03:05:17,0.291
16300,2019-03-23 03:05:17,0.294
16301,2019-03-23 03:05:18,0.303
16302,2019-03-23 03:05:19,0.316
16303,2019-03-23 03:05:19,0.310
16304,2019-03-23 03:05:20,0.292
16305,2019-03-23 03:05:20,0.287
16306,2019-03-23 03:05:21,0.286
16307,2019-03-23 03:05:21,0.305
16308,2019-03-23 03:05:22,0.290
16309,2019-03-23 03:05:23,0.281
16310,2019-03-23 03:05:23,0.292
16311,2019-03-23 03:05:23,0.308
16312,2019-03-23 03:05:24,0.343
16313,2019-03-23 03:05:26,0.296
16314,2019-03-23 03:05:26,0.314
16315,2019-03-23 03:05:26,0.293
16316,2019-03-23 03:05:26,0.288
16317,2019-03-23 03:05:27,0.316
16318,2019-03-23 03:05:28,0.284
16319,2019-03-23 03:05:28,0.306
16320,2019-03-23 03:05:29,0.288
16321,2019-03-23 03:05:30,0.271
16322,2019-03-23 03:05:30,0.305
16323,2019-03-23 03:05:31,0.311
16324,2019-03-23 03:05:31,0.302
16325,2019-03-23 03:05:31,0.300
16326,2019-03-23 03:05:33,0.299
16327,2019-03-23 03:05:33,0.299
16328,2019-03-23 03:05:34,0.282
16329,2019-03-23 03:05:35,0.301
16330,2019-03-23 03:05:35,0.292
16331,2019-03-23 03:05:35,0.213
16332,2019-03-23 03:05:37,0.294
16333,2019-03-23 03:05:37,0.306
16334,2019-03-23 03:05:38,0.300
16335,2019-03-23 03:05:38,0.292
16336,2019-03-23 03:05:38,0.307
16337,2019-03-23 03:05:38,0.300
16338,2019-03-23 03:05:39,0.308
16339,2019-03-23 03:05:41,0.292
16340,2019-03-23 03:05:41,0.272
16341,2019-03-23 03:05:42,0.318
16342,2019-03-23 03:05:43,0.291
16343,2019-03-23 03:05:46,0.305
16344,2019-03-23 03:05:46,0.304
16345,2019-03-23 03:05:47,0.311
16346,2019-03-23 03:05:47,0.296
16347,2019-03-23 03:05:48,0.298
16348,2019-03-23 03:05:48,0.287
16349,2019-03-23 03:05:48,0.300
16350,2019-03-23 03:05:49,0.282
16351,2019-03-23 03:05:49,0.336
16352,2019-03-23 03:05:51,0.293
16353,2019-03-23 03:05:52,0.304
16354,2019-03-23 03:05:52,0.295
16355,2019-03-23 03:05:52,0.301
16356,2019-03-23 03:05:53,0.298
16357,2019-03-23 03:05:53,0.289
16358,2019-03-23 03:05:53,0.290
16359,2019-03-23 03:05:54,0.300
16360,2019-03-23 03:05:54,0.278
16361,2019-03-23 03:05:56,0.280
16362,2019-03-23 03:05:57,0.285
16363,2019-03-23 03:05:58,0.286
16364,2019-03-23 03:05:58,0.298
16365,2019-03-23 03:05:58,0.303
16366,2019-03-23 03:05:58,0.292
16367,2019-03-23 03:05:59,0.300
16368,2019-03-23 03:06:00,0.305
16369,2019-03-23 03:06:00,0.286
16370,2019-03-23 03:06:01,0.295
16371,2019-03-23 03:06:01,0.285
16372,2019-03-23 03:06:02,0.308
16373,2019-03-23 03:06:03,0.306
16374,2019-03-23 03:06:04,0.286
16375,2019-03-23 03:06:05,0.289
16376,2019-03-23 03:06:05,0.285
16377,2019-03-23 03:06:06,0.291
16378,2019-03-23 03:06:06,0.312
16379,2019-03-23 03:06:07,0.298
16380,2019-03-23 03:06:07,0.293
16381,2019-03-23 03:06:08,0.292
16382,2019-03-23 03:06:08,0.294
16383,2019-03-23 03:06:08,0.305
16384,2019-03-23 03:06:09,0.291
16385,2019-03-23 03:06:10,0.298
16386,2019-03-23 03:06:11,0.308
16387,2019-03-23 03:06:12,0.300
16388,2019-03-23 03:06:12,0.310
16389,2019-03-23 03:06:12,0.278
16390,2019-03-23 03:06:12,0.303
16391,2019-03-23 03:06:13,0.321
16392,2019-03-23 03:06:14,0.301
16393,2019-03-23 03:06:15,0.294
16394,2019-03-23 03:06:16,0.301
16395,2019-03-23 03:06:16,0.313
16396,2019-03-23 03:06:16,0.301
16397,2019-03-23 03:06:18,0.281
16398,2019-03-23 03:06:18,0.297
16399,2019-03-23 03:06:18,0.292
16400,2019-03-23 03:06:20,0.300
16401,2019-03-23 03:06:21,0.212
16402,2019-03-23 03:06:21,0.290
16403,2019-03-23 03:06:22,0.309
16404,2019-03-23 03:06:23,0.304
16405,2019-03-23 03:06:24,0.297
16406,2019-03-23 03:06:25,0.307
16407,2019-03-23 03:06:25,0.298
16408,2019-03-23 03:06:26,0.292
16409,2019-03-23 03:06:27,0.297
16410,2019-03-23 03:06:27,0.303
16411,2019-03-23 03:06:27,0.322
16412,2019-03-23 03:06:28,0.308
16413,2019-03-23 03:06:28,0.296
16414,2019-03-23 03:06:30,0.289
16415,2019-03-23 03:06:30,0.308
16416,2019-03-23 03:06:31,0.289
16417,2019-03-23 03:06:31,0.306
16418,2019-03-23 03:06:33,0.338
16419,2019-03-23 03:06:33,0.298
16420,2019-03-23 03:06:34,0.301
16421,2019-03-23 03:06:34,0.292
16422,2019-03-23 03:06:34,0.292
16423,2019-03-23 03:06:35,0.296
16424,2019-03-23 03:06:35,0.303
16425,2019-03-23 03:06:36,0.316
16426,2019-03-23 03:06:36,0.293
16427,2019-03-23 03:06:36,0.307
16428,2019-03-23 03:06:37,0.305
16429,2019-03-23 03:06:38,0.311
16430,2019-03-23 03:06:38,0.303
16431,2019-03-23 03:06:38,0.301
16432,2019-03-23 03:06:39,0.302
16433,2019-03-23 03:06:39,0.312
16434,2019-03-23 03:06:39,0.303
16435,2019-03-23 03:06:41,0.302
16436,2019-03-23 03:06:41,0.311
16437,2019-03-23 03:06:42,0.294
16438,2019-03-23 03:06:42,0.321
16439,2019-03-23 03:06:43,0.292
16440,2019-03-23 03:06:45,0.298
16441,2019-03-23 03:06:46,0.296
16442,2019-03-23 03:06:46,0.299
16443,2019-03-23 03:06:46,0.308
16444,2019-03-23 03:06:47,0.294
16445,2019-03-23 03:06:48,0.294
16446,2019-03-23 03:06:49,0.312
16447,2019-03-23 03:06:49,0.302
16448,2019-03-23 03:06:49,0.278
16449,2019-03-23 03:06:50,0.312
16450,2019-03-23 03:06:51,0.315
16451,2019-03-23 03:06:52,0.302
16452,2019-03-23 03:06:52,0.305
16453,2019-03-23 03:06:52,0.290
16454,2019-03-23 03:06:53,0.289
16455,2019-03-23 03:06:53,0.310
16456,2019-03-23 03:06:54,0.302
16457,2019-03-23 03:06:54,0.293
16458,2019-03-23 03:06:55,0.295
16459,2019-03-23 03:06:55,0.305
16460,2019-03-23 03:06:56,0.213
16461,2019-03-23 03:06:57,0.306
16462,2019-03-23 03:06:59,0.309
16463,2019-03-23 03:06:59,0.284
16464,2019-03-23 03:06:59,0.283
16465,2019-03-23 03:07:00,0.367
16466,2019-03-23 03:07:00,0.295
16467,2019-03-23 03:07:00,0.296
16468,2019-03-23 03:07:01,0.306
16469,2019-03-23 03:07:01,0.284
16470,2019-03-23 03:07:02,0.314
16471,2019-03-23 03:07:02,0.302
16472,2019-03-23 03:07:04,0.301
16473,2019-03-23 03:07:04,0.304
16474,2019-03-23 03:07:04,0.300
16475,2019-03-23 03:07:04,0.297
16476,2019-03-23 03:07:06,0.303
16477,2019-03-23 03:07:06,0.294
16478,2019-03-23 03:07:06,0.285
16479,2019-03-23 03:07:08,0.315
16480,2019-03-23 03:07:08,0.303
16481,2019-03-23 03:07:08,0.302
16482,2019-03-23 03:07:09,0.293
16483,2019-03-23 03:07:10,0.301
16484,2019-03-23 03:07:11,0.272
16485,2019-03-23 03:07:13,0.296
16486,2019-03-23 03:07:13,0.298
16487,2019-03-23 03:07:14,0.294
16488,2019-03-23 03:07:14,0.291
16489,2019-03-23 03:07:14,0.281
16490,2019-03-23 03:07:15,0.307
16491,2019-03-23 03:07:16,0.304
16492,2019-03-23 03:07:16,0.298
16493,2019-03-23 03:07:16,0.293
16494,2019-03-23 03:07:16,0.308
16495,2019-03-23 03:07:18,0.296
16496,2019-03-23 03:07:20,0.313
16497,2019-03-23 03:07:20,0.282
16498,2019-03-23 03:07:21,0.305
16499,2019-03-23 03:07:21,0.277
16500,2019-03-23 03:07:21,0.288
16501,2019-03-23 03:07:22,0.309
16502,2019-03-23 03:07:22,0.294
16503,2019-03-23 03:07:22,0.437
16504,2019-03-23 03:07:23,0.305
16505,2019-03-23 03:07:24,0.292
16506,2019-03-23 03:07:25,0.299
16507,2019-03-23 03:07:25,0.286
16508,2019-03-23 03:07:26,0.306
16509,2019-03-23 03:07:26,0.309
16510,2019-03-23 03:07:27,0.323
16511,2019-03-23 03:07:27,0.311
16512,2019-03-23 03:07:27,0.308
16513,2019-03-23 03:07:28,0.285
16514,2019-03-23 03:07:29,0.313
16515,2019-03-23 03:07:29,0.296
16516,2019-03-23 03:07:29,0.300
16517,2019-03-23 03:07:29,0.290
16518,2019-03-23 03:07:30,0.327
16519,2019-03-23 03:07:30,0.296
16520,2019-03-23 03:07:31,0.292
16521,2019-03-23 03:07:32,0.306
16522,2019-03-23 03:07:34,0.306
16523,2019-03-23 03:07:34,0.288
16524,2019-03-23 03:07:35,0.306
16525,2019-03-23 03:07:35,0.297
16526,2019-03-23 03:07:36,0.290
16527,2019-03-23 03:07:36,0.312
16528,2019-03-23 03:07:36,0.303
16529,2019-03-23 03:07:37,0.300
16530,2019-03-23 03:07:37,0.295
16531,2019-03-23 03:07:37,0.293
16532,2019-03-23 03:07:38,0.310
16533,2019-03-23 03:07:38,0.300
16534,2019-03-23 03:07:38,0.272
16535,2019-03-23 03:07:39,0.313
16536,2019-03-23 03:07:41,0.315
16537,2019-03-23 03:07:41,0.302
16538,2019-03-23 03:07:42,0.299
16539,2019-03-23 03:07:42,0.299
16540,2019-03-23 03:07:44,0.299
16541,2019-03-23 03:07:44,0.311
16542,2019-03-23 03:07:44,0.313
16543,2019-03-23 03:07:45,0.297
16544,2019-03-23 03:07:45,0.306
16545,2019-03-23 03:07:46,0.268
16546,2019-03-23 03:07:47,0.293
16547,2019-03-23 03:07:48,0.303
16548,2019-03-23 03:07:49,0.296
16549,2019-03-23 03:07:49,0.288
16550,2019-03-23 03:07:49,0.326
16551,2019-03-23 03:07:49,0.302
16552,2019-03-23 03:07:49,0.292
16553,2019-03-23 03:07:49,0.281
16554,2019-03-23 03:07:51,0.314
16555,2019-03-23 03:07:51,0.294
16556,2019-03-23 03:07:51,0.305
16557,2019-03-23 03:07:52,0.304
16558,2019-03-23 03:07:52,0.290
16559,2019-03-23 03:07:52,0.303
16560,2019-03-23 03:07:53,0.300
16561,2019-03-23 03:07:54,0.306
16562,2019-03-23 03:07:54,0.305
16563,2019-03-23 03:07:55,0.307
16564,2019-03-23 03:07:55,0.304
16565,2019-03-23 03:07:56,0.302
16566,2019-03-23 03:07:57,0.316
16567,2019-03-23 03:07:57,0.305
16568,2019-03-23 03:07:57,0.300
16569,2019-03-23 03:07:58,0.214
16570,2019-03-23 03:07:58,0.314
16571,2019-03-23 03:07:59,0.305
16572,2019-03-23 03:07:59,0.321
16573,2019-03-23 03:08:00,0.312
16574,2019-03-23 03:08:00,0.300
16575,2019-03-23 03:08:00,0.312
16576,2019-03-23 03:08:01,0.282
16577,2019-03-23 03:08:01,0.315
16578,2019-03-23 03:08:02,0.295
16579,2019-03-23 03:08:03,0.300
16580,2019-03-23 03:08:03,0.304
16581,2019-03-23 03:08:04,0.299
16582,2019-03-23 03:08:04,0.304
16583,2019-03-23 03:08:04,0.311
16584,2019-03-23 03:08:04,0.305
16585,2019-03-23 03:08:04,0.295
16586,2019-03-23 03:08:05,0.307
16587,2019-03-23 03:08:06,0.278
16588,2019-03-23 03:08:06,0.358
16589,2019-03-23 03:08:06,0.305
16590,2019-03-23 03:08:06,0.283
16591,2019-03-23 03:08:06,0.280
16592,2019-03-23 03:08:07,0.300
16593,2019-03-23 03:08:08,0.310
16594,2019-03-23 03:08:09,0.306
16595,2019-03-23 03:08:09,0.295
16596,2019-03-23 03:08:09,0.304
16597,2019-03-23 03:08:10,0.303
16598,2019-03-23 03:08:11,0.303
16599,2019-03-23 03:08:11,0.292
16600,2019-03-23 03:08:13,0.278
16601,2019-03-23 03:08:13,0.303
16602,2019-03-23 03:08:14,0.303
16603,2019-03-23 03:08:14,0.289
16604,2019-03-23 03:08:15,0.308
16605,2019-03-23 03:08:15,0.308
16606,2019-03-23 03:08:16,0.288
16607,2019-03-23 03:08:16,0.318
16608,2019-03-23 03:08:17,0.313
16609,2019-03-23 03:08:17,0.307
16610,2019-03-23 03:08:19,0.289
16611,2019-03-23 03:08:19,0.304
16612,2019-03-23 03:08:19,0.297
16613,2019-03-23 03:08:20,0.278
16614,2019-03-23 03:08:20,0.310
16615,2019-03-23 03:08:20,0.310
16616,2019-03-23 03:08:21,0.298
16617,2019-03-23 03:08:21,0.310
16618,2019-03-23 03:08:22,0.301
16619,2019-03-23 03:08:22,0.305
16620,2019-03-23 03:08:24,0.285
16621,2019-03-23 03:08:24,0.292
16622,2019-03-23 03:08:24,0.290
16623,2019-03-23 03:08:25,0.331
16624,2019-03-23 03:08:25,0.304
16625,2019-03-23 03:08:26,0.297
16626,2019-03-23 03:08:26,0.310
16627,2019-03-23 03:08:26,0.305
16628,2019-03-23 03:08:28,0.304
16629,2019-03-23 03:08:28,0.304
16630,2019-03-23 03:08:29,0.305
16631,2019-03-23 03:08:29,0.317
16632,2019-03-23 03:08:31,0.309
16633,2019-03-23 03:08:31,0.303
16634,2019-03-23 03:08:32,0.299
16635,2019-03-23 03:08:33,0.311
16636,2019-03-23 03:08:33,0.293
16637,2019-03-23 03:08:34,0.318
16638,2019-03-23 03:08:34,0.293
16639,2019-03-23 03:08:35,0.300
16640,2019-03-23 03:08:35,0.310
16641,2019-03-23 03:08:35,0.301
16642,2019-03-23 03:08:36,0.308
16643,2019-03-23 03:08:37,0.311
16644,2019-03-23 03:08:37,0.312
16645,2019-03-23 03:08:37,0.312
16646,2019-03-23 03:08:38,0.291
16647,2019-03-23 03:08:38,0.302
16648,2019-03-23 03:08:39,0.294
16649,2019-03-23 03:08:39,0.306
16650,2019-03-23 03:08:40,0.321
16651,2019-03-23 03:08:40,0.308
16652,2019-03-23 03:08:40,0.294
16653,2019-03-23 03:08:40,0.291
16654,2019-03-23 03:08:42,0.314
16655,2019-03-23 03:08:43,0.308
16656,2019-03-23 03:08:43,0.287
16657,2019-03-23 03:08:43,0.294
16658,2019-03-23 03:08:44,0.308
16659,2019-03-23 03:08:45,0.296
16660,2019-03-23 03:08:45,0.312
16661,2019-03-23 03:08:46,0.294
16662,2019-03-23 03:08:47,0.317
16663,2019-03-23 03:08:48,0.315
16664,2019-03-23 03:08:48,0.311
16665,2019-03-23 03:08:48,0.298
16666,2019-03-23 03:08:49,0.270
16667,2019-03-23 03:08:49,0.310
16668,2019-03-23 03:08:49,0.267
16669,2019-03-23 03:08:51,0.295
16670,2019-03-23 03:08:51,0.301
16671,2019-03-23 03:08:52,0.305
16672,2019-03-23 03:08:52,0.316
16673,2019-03-23 03:08:57,0.214
16674,2019-03-23 03:08:58,0.297
16675,2019-03-23 03:08:58,0.308
16676,2019-03-23 03:08:59,0.215
16677,2019-03-23 03:08:59,0.324
16678,2019-03-23 03:08:59,0.307
16679,2019-03-23 03:08:59,0.296
16680,2019-03-23 03:09:00,0.316
16681,2019-03-23 03:09:00,0.308
16682,2019-03-23 03:09:01,0.294
16683,2019-03-23 03:09:01,0.306
16684,2019-03-23 03:09:02,0.294
16685,2019-03-23 03:09:02,0.306
16686,2019-03-23 03:09:03,0.310
16687,2019-03-23 03:09:04,0.295
16688,2019-03-23 03:09:04,0.291
16689,2019-03-23 03:09:05,0.309
16690,2019-03-23 03:09:05,0.285
16691,2019-03-23 03:09:05,0.303
16692,2019-03-23 03:09:06,0.297
16693,2019-03-23 03:09:06,0.305
16694,2019-03-23 03:09:07,0.311
16695,2019-03-23 03:09:08,0.315
16696,2019-03-23 03:09:08,0.304
16697,2019-03-23 03:09:08,0.287
16698,2019-03-23 03:09:09,0.313
16699,2019-03-23 03:09:09,0.303
16700,2019-03-23 03:09:09,0.289
16701,2019-03-23 03:09:10,0.285
16702,2019-03-23 03:09:10,0.284
16703,2019-03-23 03:09:11,0.297
16704,2019-03-23 03:09:12,0.295
16705,2019-03-23 03:09:13,0.301
16706,2019-03-23 03:09:13,0.308
16707,2019-03-23 03:09:14,0.288
16708,2019-03-23 03:09:14,0.286
16709,2019-03-23 03:09:15,0.288
16710,2019-03-23 03:09:15,0.299
16711,2019-03-23 03:09:16,0.289
16712,2019-03-23 03:09:16,0.302
16713,2019-03-23 03:09:17,0.300
16714,2019-03-23 03:09:18,0.292
16715,2019-03-23 03:09:18,0.307
16716,2019-03-23 03:09:18,0.303
16717,2019-03-23 03:09:18,0.304
16718,2019-03-23 03:09:19,0.301
16719,2019-03-23 03:09:19,0.300
16720,2019-03-23 03:09:19,0.300
16721,2019-03-23 03:09:21,0.310
16722,2019-03-23 03:09:21,0.312
16723,2019-03-23 03:09:21,0.291
16724,2019-03-23 03:09:22,0.307
16725,2019-03-23 03:09:22,0.301
16726,2019-03-23 03:09:23,0.309
16727,2019-03-23 03:09:23,0.288
16728,2019-03-23 03:09:24,0.310
16729,2019-03-23 03:09:24,0.313
16730,2019-03-23 03:09:25,0.310
16731,2019-03-23 03:09:26,0.309
16732,2019-03-23 03:09:27,0.213
16733,2019-03-23 03:09:28,0.300
16734,2019-03-23 03:09:29,0.298
16735,2019-03-23 03:09:30,0.301
16736,2019-03-23 03:09:31,0.304
16737,2019-03-23 03:09:31,0.304
16738,2019-03-23 03:09:31,0.297
16739,2019-03-23 03:09:31,0.293
16740,2019-03-23 03:09:31,0.305
16741,2019-03-23 03:09:34,0.293
16742,2019-03-23 03:09:34,0.283
16743,2019-03-23 03:09:35,0.303
16744,2019-03-23 03:09:36,0.298
16745,2019-03-23 03:09:36,0.305
16746,2019-03-23 03:09:36,0.304
16747,2019-03-23 03:09:37,0.294
16748,2019-03-23 03:09:37,0.299
16749,2019-03-23 03:09:37,0.296
16750,2019-03-23 03:09:38,0.296
16751,2019-03-23 03:09:38,0.286
16752,2019-03-23 03:09:39,0.296
16753,2019-03-23 03:09:39,0.299
16754,2019-03-23 03:09:39,0.288
16755,2019-03-23 03:09:40,0.299
16756,2019-03-23 03:09:40,0.303
16757,2019-03-23 03:09:41,0.311
16758,2019-03-23 03:09:41,0.297
16759,2019-03-23 03:09:41,0.322
16760,2019-03-23 03:09:42,0.286
16761,2019-03-23 03:09:43,0.302
16762,2019-03-23 03:09:44,0.301
16763,2019-03-23 03:09:45,0.280
16764,2019-03-23 03:09:45,0.309
16765,2019-03-23 03:09:46,0.314
16766,2019-03-23 03:09:46,0.278
16767,2019-03-23 03:09:46,0.289
16768,2019-03-23 03:09:46,0.297
16769,2019-03-23 03:09:48,0.299
16770,2019-03-23 03:09:48,0.206
16771,2019-03-23 03:09:48,0.318
16772,2019-03-23 03:09:48,0.286
16773,2019-03-23 03:09:49,0.299
16774,2019-03-23 03:09:49,0.277
16775,2019-03-23 03:09:49,0.288
16776,2019-03-23 03:09:50,0.308
16777,2019-03-23 03:09:50,0.259
16778,2019-03-23 03:09:52,0.307
16779,2019-03-23 03:09:53,0.298
16780,2019-03-23 03:09:54,0.306
16781,2019-03-23 03:09:54,0.289
16782,2019-03-23 03:09:55,0.313
16783,2019-03-23 03:09:55,0.357
16784,2019-03-23 03:09:55,0.280
16785,2019-03-23 03:09:57,0.280
16786,2019-03-23 03:09:57,0.304
16787,2019-03-23 03:09:57,0.294
16788,2019-03-23 03:09:58,0.289
16789,2019-03-23 03:09:59,0.302
16790,2019-03-23 03:10:00,0.300
16791,2019-03-23 03:10:00,0.310
16792,2019-03-23 03:10:01,0.295
16793,2019-03-23 03:10:02,0.301
16794,2019-03-23 03:10:02,0.305
16795,2019-03-23 03:10:03,0.303
16796,2019-03-23 03:10:03,0.290
16797,2019-03-23 03:10:03,0.313
16798,2019-03-23 03:10:04,0.289
16799,2019-03-23 03:10:05,0.314
16800,2019-03-23 03:10:06,0.302
16801,2019-03-23 03:12:39,0.296
16802,2019-03-23 03:12:39,0.278
16803,2019-03-23 03:12:39,0.281
16804,2019-03-23 03:12:39,0.202
16805,2019-03-23 03:12:39,0.281
16806,2019-03-23 03:12:40,0.274
16807,2019-03-23 03:12:40,0.291
16808,2019-03-23 03:12:40,0.282
16809,2019-03-23 03:12:40,0.292
16810,2019-03-23 03:12:40,0.295
16811,2019-03-23 03:12:40,0.294
16812,2019-03-23 03:12:40,0.297
16813,2019-03-23 03:12:40,0.282
16814,2019-03-23 03:12:41,0.296
16815,2019-03-23 03:12:41,0.285
16816,2019-03-23 03:12:41,0.301
16817,2019-03-23 03:12:41,0.284
16818,2019-03-23 03:12:41,0.289
16819,2019-03-23 03:12:41,0.291
16820,2019-03-23 03:12:42,0.217
16821,2019-03-23 03:12:42,0.285
16822,2019-03-23 03:12:42,0.283
16823,2019-03-23 03:12:42,0.287
16824,2019-03-23 03:12:42,0.289
16825,2019-03-23 03:12:42,0.290
16826,2019-03-23 03:12:43,0.286
16827,2019-03-23 03:12:43,0.288
16828,2019-03-23 03:12:44,0.294
16829,2019-03-23 03:12:44,0.285
16830,2019-03-23 03:12:44,0.272
16831,2019-03-23 03:12:44,0.275
16832,2019-03-23 03:12:44,0.298
16833,2019-03-23 03:12:45,0.297
16834,2019-03-23 03:12:45,0.285
16835,2019-03-23 03:12:45,0.299
16836,2019-03-23 03:12:45,0.277
16837,2019-03-23 03:12:45,0.299
16838,2019-03-23 03:12:45,0.295
16839,2019-03-23 03:12:46,0.287
16840,2019-03-23 03:12:46,0.295
16841,2019-03-23 03:12:46,0.294
16842,2019-03-23 03:12:46,0.283
16843,2019-03-23 03:12:46,0.292
16844,2019-03-23 03:12:46,0.285
16845,2019-03-23 03:12:47,0.299
16846,2019-03-23 03:12:47,0.284
16847,2019-03-23 03:12:47,0.295
16848,2019-03-23 03:12:47,0.294
16849,2019-03-23 03:12:47,0.291
16850,2019-03-23 03:12:48,0.287
16851,2019-03-23 03:12:48,0.295
16852,2019-03-23 03:12:48,0.288
16853,2019-03-23 03:12:48,0.280
16854,2019-03-23 03:12:49,0.277
16855,2019-03-23 03:12:49,0.291
16856,2019-03-23 03:12:49,0.287
16857,2019-03-23 03:12:49,0.281
16858,2019-03-23 03:12:50,0.294
16859,2019-03-23 03:12:50,0.292
16860,2019-03-23 03:12:50,0.293
16861,2019-03-23 03:12:50,0.297
16862,2019-03-23 03:12:50,0.301
16863,2019-03-23 03:12:51,0.301
16864,2019-03-23 03:12:51,0.299
16865,2019-03-23 03:12:51,0.299
16866,2019-03-23 03:12:51,0.295
16867,2019-03-23 03:12:51,0.287
16868,2019-03-23 03:12:52,0.300
16869,2019-03-23 03:12:52,0.283
16870,2019-03-23 03:12:52,0.286
16871,2019-03-23 03:12:52,0.284
16872,2019-03-23 03:12:52,0.211
16873,2019-03-23 03:12:52,0.282
16874,2019-03-23 03:12:53,0.297
16875,2019-03-23 03:12:53,0.291
16876,2019-03-23 03:12:53,0.281
16877,2019-03-23 03:12:53,0.299
16878,2019-03-23 03:12:54,0.306
16879,2019-03-23 03:12:54,0.314
16880,2019-03-23 03:12:55,0.283
16881,2019-03-23 03:12:55,0.291
16882,2019-03-23 03:12:55,0.269
16883,2019-03-23 03:12:55,0.285
16884,2019-03-23 03:12:56,0.285
16885,2019-03-23 03:12:56,0.299
16886,2019-03-23 03:12:56,0.290
16887,2019-03-23 03:12:57,0.285
16888,2019-03-23 03:12:57,0.284
16889,2019-03-23 03:12:57,0.287
16890,2019-03-23 03:12:57,0.297
16891,2019-03-23 03:12:58,0.291
16892,2019-03-23 03:12:58,0.293
16893,2019-03-23 03:12:59,0.291
16894,2019-03-23 03:12:59,0.211
16895,2019-03-23 03:12:59,0.284
16896,2019-03-23 03:12:59,0.287
16897,2019-03-23 03:13:00,0.286
16898,2019-03-23 03:13:00,0.296
16899,2019-03-23 03:13:00,0.301
16900,2019-03-23 03:13:01,0.298
16901,2019-03-23 03:13:01,0.281
16902,2019-03-23 03:13:01,0.285
16903,2019-03-23 03:13:01,0.298
16904,2019-03-23 03:13:01,0.283
16905,2019-03-23 03:13:01,0.288
16906,2019-03-23 03:13:02,0.283
16907,2019-03-23 03:13:02,0.290
16908,2019-03-23 03:13:03,0.297
16909,2019-03-23 03:13:03,0.286
16910,2019-03-23 03:13:03,0.289
16911,2019-03-23 03:13:03,0.305
16912,2019-03-23 03:13:04,0.294
16913,2019-03-23 03:13:05,0.289
16914,2019-03-23 03:13:05,0.282
16915,2019-03-23 03:13:06,0.286
16916,2019-03-23 03:13:07,0.286
16917,2019-03-23 03:13:07,0.273
16918,2019-03-23 03:13:07,0.304
16919,2019-03-23 03:13:08,0.310
16920,2019-03-23 03:13:08,0.284
16921,2019-03-23 03:13:09,0.280
16922,2019-03-23 03:13:09,0.282
16923,2019-03-23 03:13:10,0.292
16924,2019-03-23 03:13:10,0.273
16925,2019-03-23 03:13:11,0.278
16926,2019-03-23 03:13:11,0.300
16927,2019-03-23 03:13:12,0.265
16928,2019-03-23 03:13:13,0.291
16929,2019-03-23 03:13:13,0.286
16930,2019-03-23 03:13:14,0.298
16931,2019-03-23 03:13:14,0.286
16932,2019-03-23 03:13:15,0.302
16933,2019-03-23 03:13:15,0.303
16934,2019-03-23 03:13:16,0.293
16935,2019-03-23 03:13:16,0.290
16936,2019-03-23 03:13:17,0.300
16937,2019-03-23 03:13:17,0.296
16938,2019-03-23 03:13:18,0.288
16939,2019-03-23 03:13:19,0.288
16940,2019-03-23 03:13:19,0.296
16941,2019-03-23 03:13:20,0.314
16942,2019-03-23 03:13:21,0.301
16943,2019-03-23 03:13:21,0.285
16944,2019-03-23 03:13:21,0.285
16945,2019-03-23 03:13:22,0.291
16946,2019-03-23 03:13:22,0.290
16947,2019-03-23 03:13:23,0.296
16948,2019-03-23 03:13:24,0.291
16949,2019-03-23 03:13:24,0.280
16950,2019-03-23 03:13:25,0.283
16951,2019-03-23 03:13:26,0.288
16952,2019-03-23 03:13:27,0.283
16953,2019-03-23 03:13:27,0.301
16954,2019-03-23 03:13:27,0.288
16955,2019-03-23 03:13:28,0.299
16956,2019-03-23 03:13:28,0.292
16957,2019-03-23 03:13:28,0.301
16958,2019-03-23 03:13:29,0.297
16959,2019-03-23 03:13:32,0.295
16960,2019-03-23 03:13:34,0.308
16961,2019-03-23 03:13:34,0.293
16962,2019-03-23 03:13:35,0.303
16963,2019-03-23 03:13:35,0.296
16964,2019-03-23 03:13:36,0.293
16965,2019-03-23 03:13:36,0.286
16966,2019-03-23 03:13:36,0.302
16967,2019-03-23 03:13:36,0.289
16968,2019-03-23 03:13:37,0.293
16969,2019-03-23 03:13:37,0.282
16970,2019-03-23 03:13:38,0.194
16971,2019-03-23 03:13:38,0.290
16972,2019-03-23 03:13:38,0.297
16973,2019-03-23 03:13:39,0.286
16974,2019-03-23 03:13:39,0.282
16975,2019-03-23 03:13:40,0.291
16976,2019-03-23 03:13:40,0.293
16977,2019-03-23 03:13:40,0.298
16978,2019-03-23 03:13:40,0.300
16979,2019-03-23 03:13:41,0.286
16980,2019-03-23 03:13:41,0.287
16981,2019-03-23 03:13:42,0.301
16982,2019-03-23 03:13:42,0.288
16983,2019-03-23 03:13:43,0.296
16984,2019-03-23 03:13:43,0.289
16985,2019-03-23 03:13:43,0.296
16986,2019-03-23 03:13:44,0.296
16987,2019-03-23 03:13:45,0.294
16988,2019-03-23 03:13:45,0.286
16989,2019-03-23 03:13:45,0.290
16990,2019-03-23 03:13:46,0.295
16991,2019-03-23 03:13:46,0.298
16992,2019-03-23 03:13:47,0.272
16993,2019-03-23 03:13:48,0.285
16994,2019-03-23 03:13:48,0.295
16995,2019-03-23 03:13:49,0.287
16996,2019-03-23 03:13:49,0.295
16997,2019-03-23 03:13:49,0.292
16998,2019-03-23 03:13:50,0.297
16999,2019-03-23 03:13:50,0.300
17000,2019-03-23 03:13:52,0.286
17001,2019-03-23 03:13:53,0.294
17002,2019-03-23 03:13:53,0.296
17003,2019-03-23 03:13:53,0.290
17004,2019-03-23 03:13:54,0.276
17005,2019-03-23 03:13:55,0.291
17006,2019-03-23 03:13:55,0.282
17007,2019-03-23 03:13:55,0.290
17008,2019-03-23 03:13:57,0.293
17009,2019-03-23 03:13:57,0.297
17010,2019-03-23 03:13:58,0.292
17011,2019-03-23 03:13:59,0.291
17012,2019-03-23 03:13:59,0.293
17013,2019-03-23 03:14:01,0.281
17014,2019-03-23 03:14:01,0.277
17015,2019-03-23 03:14:02,0.287
17016,2019-03-23 03:14:03,0.293
17017,2019-03-23 03:14:04,0.278
17018,2019-03-23 03:14:05,0.293
17019,2019-03-23 03:14:05,0.291
17020,2019-03-23 03:14:05,0.284
17021,2019-03-23 03:14:05,0.300
17022,2019-03-23 03:14:06,0.285
17023,2019-03-23 03:14:06,0.285
17024,2019-03-23 03:14:08,0.301
17025,2019-03-23 03:14:08,0.299
17026,2019-03-23 03:14:09,0.279
17027,2019-03-23 03:14:10,0.299
17028,2019-03-23 03:14:10,0.289
17029,2019-03-23 03:14:11,0.403
17030,2019-03-23 03:14:11,0.293
17031,2019-03-23 03:14:14,0.294
17032,2019-03-23 03:14:16,0.279
17033,2019-03-23 03:14:16,0.288
17034,2019-03-23 03:14:16,0.299
17035,2019-03-23 03:14:16,0.275
17036,2019-03-23 03:14:17,0.290
17037,2019-03-23 03:14:17,0.281
17038,2019-03-23 03:14:18,0.286
17039,2019-03-23 03:14:19,0.297
17040,2019-03-23 03:14:19,0.281
17041,2019-03-23 03:14:20,0.305
17042,2019-03-23 03:14:20,0.291
17043,2019-03-23 03:14:21,0.300
17044,2019-03-23 03:14:21,0.296
17045,2019-03-23 03:14:22,0.294
17046,2019-03-23 03:14:22,0.274
17047,2019-03-23 03:14:23,0.281
17048,2019-03-23 03:14:24,0.289
17049,2019-03-23 03:14:25,0.281
17050,2019-03-23 03:14:25,0.284
17051,2019-03-23 03:14:27,0.303
17052,2019-03-23 03:14:28,0.406
17053,2019-03-23 03:14:29,0.286
17054,2019-03-23 03:14:30,0.298
17055,2019-03-23 03:14:30,0.295
17056,2019-03-23 03:14:31,0.288
17057,2019-03-23 03:14:31,0.289
17058,2019-03-23 03:14:32,0.278
17059,2019-03-23 03:14:33,0.264
17060,2019-03-23 03:14:33,0.295
17061,2019-03-23 03:14:33,0.290
17062,2019-03-23 03:14:34,0.408
17063,2019-03-23 03:14:34,0.278
17064,2019-03-23 03:14:34,0.293
17065,2019-03-23 03:14:35,0.288
17066,2019-03-23 03:14:35,0.297
17067,2019-03-23 03:14:36,0.287
17068,2019-03-23 03:14:36,0.284
17069,2019-03-23 03:14:37,0.287
17070,2019-03-23 03:14:37,0.274
17071,2019-03-23 03:14:37,0.293
17072,2019-03-23 03:14:37,0.300
17073,2019-03-23 03:14:38,0.289
17074,2019-03-23 03:14:39,0.294
17075,2019-03-23 03:14:40,0.298
17076,2019-03-23 03:14:40,0.281
17077,2019-03-23 03:14:40,0.283
17078,2019-03-23 03:14:41,0.299
17079,2019-03-23 03:14:41,0.285
17080,2019-03-23 03:14:41,0.648
17081,2019-03-23 03:14:42,0.295
17082,2019-03-23 03:14:42,0.288
17083,2019-03-23 03:14:42,0.292
17084,2019-03-23 03:14:43,0.296
17085,2019-03-23 03:14:43,0.286
17086,2019-03-23 03:14:43,0.276
17087,2019-03-23 03:14:44,0.301
17088,2019-03-23 03:14:44,0.304
17089,2019-03-23 03:14:45,0.275
17090,2019-03-23 03:14:46,0.287
17091,2019-03-23 03:14:46,0.286
17092,2019-03-23 03:14:46,0.297
17093,2019-03-23 03:14:47,0.301
17094,2019-03-23 03:14:48,0.292
17095,2019-03-23 03:14:48,0.296
17096,2019-03-23 03:14:49,0.307
17097,2019-03-23 03:14:49,0.275
17098,2019-03-23 03:14:49,0.290
17099,2019-03-23 03:14:49,0.272
17100,2019-03-23 03:14:51,0.282
17101,2019-03-23 03:14:52,0.285
17102,2019-03-23 03:14:53,0.307
17103,2019-03-23 03:14:54,0.286
17104,2019-03-23 03:14:54,0.294
17105,2019-03-23 03:14:55,0.303
17106,2019-03-23 03:14:55,0.292
17107,2019-03-23 03:14:55,0.292
17108,2019-03-23 03:14:55,0.287
17109,2019-03-23 03:14:56,0.287
17110,2019-03-23 03:14:56,0.320
17111,2019-03-23 03:14:56,0.372
17112,2019-03-23 03:14:57,0.284
17113,2019-03-23 03:14:57,0.280
17114,2019-03-23 03:14:57,0.283
17115,2019-03-23 03:14:58,0.279
17116,2019-03-23 03:14:58,0.294
17117,2019-03-23 03:15:00,0.288
17118,2019-03-23 03:15:00,0.319
17119,2019-03-23 03:15:00,0.288
17120,2019-03-23 03:15:00,0.208
17121,2019-03-23 03:15:02,0.310
17122,2019-03-23 03:15:02,0.297
17123,2019-03-23 03:15:03,0.290
17124,2019-03-23 03:15:03,0.301
17125,2019-03-23 03:15:03,0.294
17126,2019-03-23 03:15:03,0.295
17127,2019-03-23 03:15:04,0.291
17128,2019-03-23 03:15:04,0.289
17129,2019-03-23 03:15:04,0.289
17130,2019-03-23 03:15:04,0.298
17131,2019-03-23 03:15:05,0.289
17132,2019-03-23 03:15:05,0.292
17133,2019-03-23 03:15:06,0.298
17134,2019-03-23 03:15:06,0.298
17135,2019-03-23 03:15:07,0.290
17136,2019-03-23 03:15:07,0.303
17137,2019-03-23 03:15:09,0.288
17138,2019-03-23 03:15:09,0.373
17139,2019-03-23 03:15:09,0.294
17140,2019-03-23 03:15:09,0.288
17141,2019-03-23 03:15:10,0.308
17142,2019-03-23 03:15:11,0.290
17143,2019-03-23 03:15:11,0.283
17144,2019-03-23 03:15:13,0.281
17145,2019-03-23 03:15:14,0.290
17146,2019-03-23 03:15:14,0.283
17147,2019-03-23 03:15:15,0.283
17148,2019-03-23 03:15:16,0.283
17149,2019-03-23 03:15:16,0.281
17150,2019-03-23 03:15:17,0.284
17151,2019-03-23 03:15:18,0.285
17152,2019-03-23 03:15:18,0.296
17153,2019-03-23 03:15:19,0.298
17154,2019-03-23 03:15:19,0.292
17155,2019-03-23 03:15:20,0.284
17156,2019-03-23 03:15:21,0.281
17157,2019-03-23 03:15:22,0.288
17158,2019-03-23 03:15:23,0.283
17159,2019-03-23 03:15:23,0.298
17160,2019-03-23 03:15:25,0.301
17161,2019-03-23 03:15:25,0.291
17162,2019-03-23 03:15:25,0.306
17163,2019-03-23 03:15:26,0.281
17164,2019-03-23 03:15:26,0.283
17165,2019-03-23 03:15:27,0.283
17166,2019-03-23 03:15:27,0.280
17167,2019-03-23 03:15:27,0.292
17168,2019-03-23 03:15:29,0.295
17169,2019-03-23 03:15:29,0.289
17170,2019-03-23 03:15:29,0.294
17171,2019-03-23 03:15:30,0.292
17172,2019-03-23 03:15:32,0.291
17173,2019-03-23 03:15:33,0.275
17174,2019-03-23 03:15:33,0.294
17175,2019-03-23 03:15:33,0.294
17176,2019-03-23 03:15:34,0.288
17177,2019-03-23 03:15:35,0.286
17178,2019-03-23 03:15:35,0.279
17179,2019-03-23 03:15:36,0.291
17180,2019-03-23 03:15:36,0.287
17181,2019-03-23 03:15:36,0.298
17182,2019-03-23 03:15:36,0.292
17183,2019-03-23 03:15:37,0.277
17184,2019-03-23 03:15:37,0.350
17185,2019-03-23 03:15:37,0.276
17186,2019-03-23 03:15:38,0.288
17187,2019-03-23 03:15:38,0.288
17188,2019-03-23 03:15:38,0.292
17189,2019-03-23 03:15:39,0.283
17190,2019-03-23 03:15:40,0.295
17191,2019-03-23 03:15:40,0.298
17192,2019-03-23 03:15:42,0.287
17193,2019-03-23 03:15:42,0.288
17194,2019-03-23 03:15:43,0.292
17195,2019-03-23 03:15:44,0.298
17196,2019-03-23 03:15:44,0.300
17197,2019-03-23 03:15:44,0.278
17198,2019-03-23 03:15:45,0.296
17199,2019-03-23 03:15:46,0.285
17200,2019-03-23 03:15:46,0.290
17201,2019-03-23 03:15:46,0.304
17202,2019-03-23 03:15:46,0.278
17203,2019-03-23 03:15:47,0.282
17204,2019-03-23 03:15:47,0.284
17205,2019-03-23 03:15:47,0.280
17206,2019-03-23 03:15:48,0.299
17207,2019-03-23 03:15:48,0.291
17208,2019-03-23 03:15:48,0.287
17209,2019-03-23 03:15:49,0.294
17210,2019-03-23 03:15:49,0.301
17211,2019-03-23 03:15:50,0.289
17212,2019-03-23 03:15:51,0.287
17213,2019-03-23 03:15:52,0.284
17214,2019-03-23 03:15:52,0.289
17215,2019-03-23 03:15:53,0.290
17216,2019-03-23 03:15:54,0.272
17217,2019-03-23 03:15:54,0.289
17218,2019-03-23 03:15:54,0.287
17219,2019-03-23 03:15:54,0.295
17220,2019-03-23 03:15:54,0.276
17221,2019-03-23 03:15:55,0.263
17222,2019-03-23 03:15:56,0.300
17223,2019-03-23 03:15:56,0.286
17224,2019-03-23 03:15:56,0.295
17225,2019-03-23 03:15:58,0.272
17226,2019-03-23 03:15:58,0.301
17227,2019-03-23 03:15:58,0.288
17228,2019-03-23 03:16:01,0.299
17229,2019-03-23 03:16:01,0.271
17230,2019-03-23 03:16:02,0.297
17231,2019-03-23 03:16:02,0.285
17232,2019-03-23 03:16:02,0.307
17233,2019-03-23 03:16:04,0.290
17234,2019-03-23 03:16:05,0.295
17235,2019-03-23 03:16:06,0.285
17236,2019-03-23 03:16:08,0.287
17237,2019-03-23 03:16:08,0.286
17238,2019-03-23 03:16:08,0.284
17239,2019-03-23 03:16:08,0.277
17240,2019-03-23 03:16:09,0.284
17241,2019-03-23 03:16:09,0.283
17242,2019-03-23 03:16:10,0.286
17243,2019-03-23 03:16:10,0.301
17244,2019-03-23 03:16:11,0.213
17245,2019-03-23 03:16:11,0.287
17246,2019-03-23 03:16:11,0.301
17247,2019-03-23 03:16:12,0.299
17248,2019-03-23 03:16:12,0.289
17249,2019-03-23 03:16:12,0.295
17250,2019-03-23 03:16:13,0.294
17251,2019-03-23 03:16:14,0.277
17252,2019-03-23 03:16:14,0.286
17253,2019-03-23 03:16:16,0.277
17254,2019-03-23 03:16:18,0.290
17255,2019-03-23 03:16:19,0.292
17256,2019-03-23 03:16:19,0.297
17257,2019-03-23 03:16:20,0.290
17258,2019-03-23 03:16:20,0.285
17259,2019-03-23 03:16:20,0.301
17260,2019-03-23 03:16:20,0.295
17261,2019-03-23 03:16:21,0.306
17262,2019-03-23 03:16:21,0.302
17263,2019-03-23 03:16:21,0.283
17264,2019-03-23 03:16:22,0.297
17265,2019-03-23 03:16:22,0.293
17266,2019-03-23 03:16:22,0.282
17267,2019-03-23 03:16:22,0.292
17268,2019-03-23 03:16:23,0.282
17269,2019-03-23 03:16:23,0.305
17270,2019-03-23 03:16:24,0.280
17271,2019-03-23 03:16:25,0.306
17272,2019-03-23 03:16:25,0.293
17273,2019-03-23 03:16:26,0.288
17274,2019-03-23 03:16:26,0.299
17275,2019-03-23 03:16:26,0.288
17276,2019-03-23 03:16:27,0.297
17277,2019-03-23 03:16:28,0.298
17278,2019-03-23 03:16:29,0.285
17279,2019-03-23 03:16:29,0.190
17280,2019-03-23 03:16:29,0.281
17281,2019-03-23 03:16:30,0.282
17282,2019-03-23 03:16:31,0.289
17283,2019-03-23 03:16:31,0.285
17284,2019-03-23 03:16:31,0.287
17285,2019-03-23 03:16:32,0.267
17286,2019-03-23 03:16:33,0.299
17287,2019-03-23 03:16:34,0.293
17288,2019-03-23 03:16:34,0.261
17289,2019-03-23 03:16:35,0.287
17290,2019-03-23 03:16:36,0.293
17291,2019-03-23 03:16:37,0.281
17292,2019-03-23 03:16:38,0.286
17293,2019-03-23 03:16:38,0.294
17294,2019-03-23 03:16:38,0.300
17295,2019-03-23 03:16:39,0.284
17296,2019-03-23 03:16:39,0.286
17297,2019-03-23 03:16:40,0.291
17298,2019-03-23 03:16:40,0.289
17299,2019-03-23 03:16:42,0.292
17300,2019-03-23 03:16:43,0.298
17301,2019-03-23 03:16:43,0.296
17302,2019-03-23 03:16:44,0.284
17303,2019-03-23 03:16:46,0.293
17304,2019-03-23 03:16:47,0.286
17305,2019-03-23 03:16:47,0.292
17306,2019-03-23 03:16:48,0.285
17307,2019-03-23 03:16:48,0.287
17308,2019-03-23 03:16:49,0.303
17309,2019-03-23 03:16:51,0.285
17310,2019-03-23 03:16:51,0.287
17311,2019-03-23 03:16:52,0.299
17312,2019-03-23 03:16:52,0.279
17313,2019-03-23 03:16:53,0.282
17314,2019-03-23 03:16:53,0.292
17315,2019-03-23 03:16:54,0.293
17316,2019-03-23 03:16:54,0.292
17317,2019-03-23 03:16:55,0.298
17318,2019-03-23 03:16:55,0.293
17319,2019-03-23 03:16:56,0.411
17320,2019-03-23 03:16:56,0.285
17321,2019-03-23 03:16:56,0.589
17322,2019-03-23 03:16:56,0.293
17323,2019-03-23 03:16:57,0.297
17324,2019-03-23 03:16:57,0.302
17325,2019-03-23 03:16:57,0.292
17326,2019-03-23 03:16:58,0.290
17327,2019-03-23 03:16:58,0.216
17328,2019-03-23 03:16:59,0.295
17329,2019-03-23 03:16:59,0.294
17330,2019-03-23 03:16:59,0.299
17331,2019-03-23 03:17:00,0.298
17332,2019-03-23 03:17:01,0.296
17333,2019-03-23 03:17:01,0.286
17334,2019-03-23 03:17:01,0.289
17335,2019-03-23 03:17:02,0.291
17336,2019-03-23 03:17:02,0.280
17337,2019-03-23 03:17:02,0.300
17338,2019-03-23 03:17:04,0.286
17339,2019-03-23 03:17:05,0.290
17340,2019-03-23 03:17:05,0.284
17341,2019-03-23 03:17:06,0.295
17342,2019-03-23 03:17:06,0.298
17343,2019-03-23 03:17:07,0.287
17344,2019-03-23 03:17:07,0.304
17345,2019-03-23 03:17:08,0.289
17346,2019-03-23 03:17:09,0.305
17347,2019-03-23 03:17:09,0.297
17348,2019-03-23 03:17:10,0.300
17349,2019-03-23 03:17:10,0.285
17350,2019-03-23 03:17:11,0.304
17351,2019-03-23 03:17:11,0.313
17352,2019-03-23 03:17:11,0.292
17353,2019-03-23 03:17:11,0.298
17354,2019-03-23 03:17:12,0.287
17355,2019-03-23 03:17:12,0.298
17356,2019-03-23 03:17:12,0.291
17357,2019-03-23 03:17:13,0.275
17358,2019-03-23 03:17:13,0.301
17359,2019-03-23 03:17:14,0.294
17360,2019-03-23 03:17:14,0.281
17361,2019-03-23 03:17:15,0.284
17362,2019-03-23 03:17:15,0.288
17363,2019-03-23 03:17:16,0.316
17364,2019-03-23 03:17:17,0.302
17365,2019-03-23 03:17:17,0.285
17366,2019-03-23 03:17:18,0.295
17367,2019-03-23 03:17:18,0.292
17368,2019-03-23 03:17:19,0.304
17369,2019-03-23 03:17:20,0.300
17370,2019-03-23 03:17:21,0.303
17371,2019-03-23 03:17:22,0.289
17372,2019-03-23 03:17:22,0.289
17373,2019-03-23 03:17:22,0.293
17374,2019-03-23 03:17:23,0.280
17375,2019-03-23 03:17:24,0.302
17376,2019-03-23 03:17:27,0.285
17377,2019-03-23 03:17:27,0.291
17378,2019-03-23 03:17:28,0.301
17379,2019-03-23 03:17:28,0.286
17380,2019-03-23 03:17:28,0.288
17381,2019-03-23 03:17:29,0.306
17382,2019-03-23 03:17:29,0.285
17383,2019-03-23 03:17:29,0.282
17384,2019-03-23 03:17:30,0.281
17385,2019-03-23 03:17:31,0.294
17386,2019-03-23 03:17:32,0.293
17387,2019-03-23 03:17:32,0.290
17388,2019-03-23 03:17:33,0.274
17389,2019-03-23 03:17:34,0.274
17390,2019-03-23 03:17:34,0.306
17391,2019-03-23 03:17:34,0.288
17392,2019-03-23 03:17:34,0.289
17393,2019-03-23 03:17:35,0.312
17394,2019-03-23 03:17:35,0.290
17395,2019-03-23 03:17:35,0.295
17396,2019-03-23 03:17:36,0.347
17397,2019-03-23 03:17:36,0.296
17398,2019-03-23 03:17:36,0.292
17399,2019-03-23 03:17:37,0.285
17400,2019-03-23 03:17:37,0.296
17401,2019-03-23 03:17:37,0.284
17402,2019-03-23 03:17:39,0.290
17403,2019-03-23 03:17:40,0.294
17404,2019-03-23 03:17:40,0.297
17405,2019-03-23 03:17:40,0.293
17406,2019-03-23 03:17:41,0.297
17407,2019-03-23 03:17:42,0.286
17408,2019-03-23 03:17:42,0.297
17409,2019-03-23 03:17:43,0.301
17410,2019-03-23 03:17:43,0.294
17411,2019-03-23 03:17:44,0.312
17412,2019-03-23 03:17:45,0.296
17413,2019-03-23 03:17:45,0.291
17414,2019-03-23 03:17:46,0.350
17415,2019-03-23 03:17:46,0.290
17416,2019-03-23 03:17:46,0.287
17417,2019-03-23 03:17:48,0.298
17418,2019-03-23 03:17:48,0.280
17419,2019-03-23 03:17:49,0.288
17420,2019-03-23 03:17:49,0.282
17421,2019-03-23 03:17:49,0.270
17422,2019-03-23 03:17:49,0.285
17423,2019-03-23 03:17:50,0.291
17424,2019-03-23 03:17:50,0.290
17425,2019-03-23 03:17:50,0.296
17426,2019-03-23 03:17:52,0.291
17427,2019-03-23 03:17:53,0.292
17428,2019-03-23 03:17:53,0.281
17429,2019-03-23 03:17:54,0.279
17430,2019-03-23 03:17:54,0.299
17431,2019-03-23 03:17:55,0.297
17432,2019-03-23 03:17:55,0.212
17433,2019-03-23 03:17:55,0.285
17434,2019-03-23 03:17:56,0.288
17435,2019-03-23 03:17:56,0.284
17436,2019-03-23 03:17:57,0.283
17437,2019-03-23 03:17:57,0.286
17438,2019-03-23 03:17:57,0.295
17439,2019-03-23 03:17:58,0.312
17440,2019-03-23 03:17:58,0.213
17441,2019-03-23 03:17:59,0.286
17442,2019-03-23 03:17:59,0.299
17443,2019-03-23 03:18:00,0.280
17444,2019-03-23 03:18:00,0.286
17445,2019-03-23 03:18:01,0.289
17446,2019-03-23 03:18:02,0.281
17447,2019-03-23 03:18:03,0.291
17448,2019-03-23 03:18:03,0.292
17449,2019-03-23 03:18:03,0.290
17450,2019-03-23 03:18:04,0.293
17451,2019-03-23 03:18:04,0.286
17452,2019-03-23 03:18:05,0.285
17453,2019-03-23 03:18:05,0.295
17454,2019-03-23 03:18:06,0.278
17455,2019-03-23 03:18:06,0.295
17456,2019-03-23 03:18:07,0.293
17457,2019-03-23 03:18:07,0.291
17458,2019-03-23 03:18:08,0.296
17459,2019-03-23 03:18:09,0.291
17460,2019-03-23 03:18:09,0.289
17461,2019-03-23 03:18:10,0.298
17462,2019-03-23 03:18:10,0.274
17463,2019-03-23 03:18:10,0.289
17464,2019-03-23 03:18:10,0.292
17465,2019-03-23 03:18:11,0.296
17466,2019-03-23 03:18:11,0.299
17467,2019-03-23 03:18:11,0.295
17468,2019-03-23 03:18:11,0.278
17469,2019-03-23 03:18:12,0.291
17470,2019-03-23 03:18:12,0.299
17471,2019-03-23 03:18:13,0.292
17472,2019-03-23 03:18:13,0.278
17473,2019-03-23 03:18:13,0.279
17474,2019-03-23 03:18:14,0.286
17475,2019-03-23 03:18:14,0.300
17476,2019-03-23 03:18:15,0.292
17477,2019-03-23 03:18:15,0.291
17478,2019-03-23 03:18:16,0.282
17479,2019-03-23 03:18:18,0.277
17480,2019-03-23 03:18:19,0.304
17481,2019-03-23 03:18:20,0.278
17482,2019-03-23 03:18:21,0.289
17483,2019-03-23 03:18:21,0.293
17484,2019-03-23 03:18:21,0.295
17485,2019-03-23 03:18:21,0.273
17486,2019-03-23 03:18:23,0.382
17487,2019-03-23 03:18:23,0.293
17488,2019-03-23 03:18:23,0.280
17489,2019-03-23 03:18:24,0.304
17490,2019-03-23 03:18:24,0.294
17491,2019-03-23 03:18:25,0.290
17492,2019-03-23 03:18:25,0.298
17493,2019-03-23 03:18:25,0.281
17494,2019-03-23 03:18:25,0.292
17495,2019-03-23 03:18:26,0.296
17496,2019-03-23 03:18:26,0.287
17497,2019-03-23 03:18:26,0.274
17498,2019-03-23 03:18:27,0.295
17499,2019-03-23 03:18:27,0.294
17500,2019-03-23 03:18:28,0.282
17501,2019-03-23 03:18:28,0.276
17502,2019-03-23 03:18:28,0.284
17503,2019-03-23 03:18:29,0.318
17504,2019-03-23 03:18:30,0.289
17505,2019-03-23 03:18:30,0.286
17506,2019-03-23 03:18:30,0.286
17507,2019-03-23 03:18:31,0.297
17508,2019-03-23 03:18:32,0.295
17509,2019-03-23 03:18:32,0.310
17510,2019-03-23 03:18:33,0.296
17511,2019-03-23 03:18:34,0.282
17512,2019-03-23 03:18:34,0.293
17513,2019-03-23 03:18:34,0.299
17514,2019-03-23 03:18:35,0.294
17515,2019-03-23 03:18:36,0.284
17516,2019-03-23 03:18:36,0.277
17517,2019-03-23 03:18:36,0.310
17518,2019-03-23 03:18:37,0.298
17519,2019-03-23 03:18:38,0.295
17520,2019-03-23 03:18:38,0.293
17521,2019-03-23 03:18:39,0.295
17522,2019-03-23 03:18:39,0.291
17523,2019-03-23 03:18:39,0.337
17524,2019-03-23 03:18:41,0.309
17525,2019-03-23 03:18:41,0.283
17526,2019-03-23 03:18:43,0.277
17527,2019-03-23 03:18:46,0.302
17528,2019-03-23 03:18:46,0.283
17529,2019-03-23 03:18:46,0.272
17530,2019-03-23 03:18:46,0.297
17531,2019-03-23 03:18:46,0.286
17532,2019-03-23 03:18:46,0.283
17533,2019-03-23 03:18:47,0.287
17534,2019-03-23 03:18:47,0.287
17535,2019-03-23 03:18:47,0.296
17536,2019-03-23 03:18:48,0.277
17537,2019-03-23 03:18:48,0.213
17538,2019-03-23 03:18:48,0.301
17539,2019-03-23 03:18:48,0.290
17540,2019-03-23 03:18:49,0.277
17541,2019-03-23 03:18:49,0.274
17542,2019-03-23 03:18:49,0.281
17543,2019-03-23 03:18:49,0.289
17544,2019-03-23 03:18:51,0.284
17545,2019-03-23 03:18:51,0.292
17546,2019-03-23 03:18:51,0.294
17547,2019-03-23 03:18:52,0.285
17548,2019-03-23 03:18:53,0.291
17549,2019-03-23 03:18:54,0.288
17550,2019-03-23 03:18:55,0.296
17551,2019-03-23 03:18:55,0.296
17552,2019-03-23 03:18:56,0.277
17553,2019-03-23 03:18:56,0.298
17554,2019-03-23 03:18:57,0.270
17555,2019-03-23 03:18:57,0.264
17556,2019-03-23 03:18:58,0.268
17557,2019-03-23 03:18:59,0.299
17558,2019-03-23 03:18:59,0.296
17559,2019-03-23 03:19:01,0.291
17560,2019-03-23 03:19:01,0.285
17561,2019-03-23 03:19:02,0.296
17562,2019-03-23 03:19:02,0.286
17563,2019-03-23 03:19:03,0.299
17564,2019-03-23 03:19:03,0.275
17565,2019-03-23 03:19:04,0.285
17566,2019-03-23 03:19:04,0.292
17567,2019-03-23 03:19:04,0.294
17568,2019-03-23 03:19:04,0.287
17569,2019-03-23 03:19:05,0.291
17570,2019-03-23 03:19:05,0.299
17571,2019-03-23 03:19:07,0.279
17572,2019-03-23 03:19:08,0.287
17573,2019-03-23 03:19:08,0.280
17574,2019-03-23 03:19:09,0.291
17575,2019-03-23 03:19:10,0.276
17576,2019-03-23 03:19:11,0.293
17577,2019-03-23 03:19:11,0.291
17578,2019-03-23 03:19:11,0.291
17579,2019-03-23 03:19:12,0.306
17580,2019-03-23 03:19:13,0.298
17581,2019-03-23 03:19:13,0.285
17582,2019-03-23 03:19:13,0.290
17583,2019-03-23 03:19:14,0.290
17584,2019-03-23 03:19:14,0.291
17585,2019-03-23 03:19:14,0.295
17586,2019-03-23 03:19:14,0.290
17587,2019-03-23 03:19:15,0.285
17588,2019-03-23 03:19:15,0.280
17589,2019-03-23 03:19:15,0.278
17590,2019-03-23 03:19:15,0.286
17591,2019-03-23 03:19:16,0.294
17592,2019-03-23 03:19:17,0.303
17593,2019-03-23 03:19:17,0.303
17594,2019-03-23 03:19:18,0.283
17595,2019-03-23 03:19:18,0.295
17596,2019-03-23 03:19:18,0.298
17597,2019-03-23 03:19:19,0.402
17598,2019-03-23 03:19:19,0.298
17599,2019-03-23 03:19:19,0.300
17600,2019-03-23 03:21:41,0.293
17601,2019-03-23 03:21:41,0.290
17602,2019-03-23 03:21:41,0.293
17603,2019-03-23 03:21:42,0.293
17604,2019-03-23 03:21:42,0.293
17605,2019-03-23 03:21:42,0.322
17606,2019-03-23 03:21:42,0.268
17607,2019-03-23 03:21:43,0.296
17608,2019-03-23 03:21:43,0.297
17609,2019-03-23 03:21:43,0.284
17610,2019-03-23 03:21:43,0.287
17611,2019-03-23 03:21:44,0.291
17612,2019-03-23 03:21:44,0.258
17613,2019-03-23 03:21:44,0.297
17614,2019-03-23 03:21:44,0.289
17615,2019-03-23 03:21:45,0.283
17616,2019-03-23 03:21:45,0.283
17617,2019-03-23 03:21:45,0.274
17618,2019-03-23 03:21:45,0.297
17619,2019-03-23 03:21:46,0.359
17620,2019-03-23 03:21:46,0.297
17621,2019-03-23 03:21:46,0.273
17622,2019-03-23 03:21:46,0.299
17623,2019-03-23 03:21:46,0.288
17624,2019-03-23 03:21:47,0.275
17625,2019-03-23 03:21:47,0.299
17626,2019-03-23 03:21:47,0.289
17627,2019-03-23 03:21:47,0.289
17628,2019-03-23 03:21:47,0.278
17629,2019-03-23 03:21:47,0.288
17630,2019-03-23 03:21:48,0.283
17631,2019-03-23 03:21:48,0.309
17632,2019-03-23 03:21:48,0.286
17633,2019-03-23 03:21:49,0.280
17634,2019-03-23 03:21:49,0.296
17635,2019-03-23 03:21:49,0.284
17636,2019-03-23 03:21:49,0.285
17637,2019-03-23 03:21:49,0.296
17638,2019-03-23 03:21:50,0.296
17639,2019-03-23 03:21:50,0.290
17640,2019-03-23 03:21:50,0.357
17641,2019-03-23 03:21:50,0.313
17642,2019-03-23 03:21:51,0.287
17643,2019-03-23 03:21:51,0.290
17644,2019-03-23 03:21:51,0.279
17645,2019-03-23 03:21:51,0.288
17646,2019-03-23 03:21:51,0.290
17647,2019-03-23 03:21:51,0.292
17648,2019-03-23 03:21:52,0.290
17649,2019-03-23 03:21:52,0.281
17650,2019-03-23 03:21:53,0.296
17651,2019-03-23 03:21:53,0.277
17652,2019-03-23 03:21:53,0.310
17653,2019-03-23 03:21:53,0.291
17654,2019-03-23 03:21:53,0.285
17655,2019-03-23 03:21:53,0.289
17656,2019-03-23 03:21:54,0.287
17657,2019-03-23 03:21:54,0.279
17658,2019-03-23 03:21:54,0.300
17659,2019-03-23 03:21:54,0.294
17660,2019-03-23 03:21:55,0.283
17661,2019-03-23 03:21:55,0.282
17662,2019-03-23 03:21:55,0.290
17663,2019-03-23 03:21:55,0.289
17664,2019-03-23 03:21:56,0.302
17665,2019-03-23 03:21:56,0.281
17666,2019-03-23 03:21:56,0.296
17667,2019-03-23 03:21:56,0.295
17668,2019-03-23 03:21:57,0.282
17669,2019-03-23 03:21:57,0.279
17670,2019-03-23 03:21:57,0.295
17671,2019-03-23 03:21:57,0.291
17672,2019-03-23 03:21:58,0.281
17673,2019-03-23 03:21:58,0.306
17674,2019-03-23 03:21:58,0.282
17675,2019-03-23 03:21:58,0.299
17676,2019-03-23 03:21:59,0.294
17677,2019-03-23 03:21:59,0.293
17678,2019-03-23 03:22:00,0.293
17679,2019-03-23 03:22:00,0.293
17680,2019-03-23 03:22:00,0.290
17681,2019-03-23 03:22:01,0.343
17682,2019-03-23 03:22:01,0.297
17683,2019-03-23 03:22:01,0.286
17684,2019-03-23 03:22:02,0.293
17685,2019-03-23 03:22:02,0.303
17686,2019-03-23 03:22:03,0.285
17687,2019-03-23 03:22:03,0.281
17688,2019-03-23 03:22:03,0.280
17689,2019-03-23 03:22:03,0.294
17690,2019-03-23 03:22:03,0.299
17691,2019-03-23 03:22:04,0.283
17692,2019-03-23 03:22:04,0.304
17693,2019-03-23 03:22:04,0.295
17694,2019-03-23 03:22:05,0.288
17695,2019-03-23 03:22:05,0.295
17696,2019-03-23 03:22:05,0.300
17697,2019-03-23 03:22:05,0.304
17698,2019-03-23 03:22:06,0.294
17699,2019-03-23 03:22:06,0.289
17700,2019-03-23 03:22:06,0.283
17701,2019-03-23 03:22:06,0.303
17702,2019-03-23 03:22:07,0.282
17703,2019-03-23 03:22:07,0.287
17704,2019-03-23 03:22:07,0.300
17705,2019-03-23 03:22:08,0.284
17706,2019-03-23 03:22:08,0.311
17707,2019-03-23 03:22:08,0.274
17708,2019-03-23 03:22:09,0.296
17709,2019-03-23 03:22:10,0.293
17710,2019-03-23 03:22:10,0.304
17711,2019-03-23 03:22:11,0.300
17712,2019-03-23 03:22:11,0.287
17713,2019-03-23 03:22:12,0.273
17714,2019-03-23 03:22:12,0.297
17715,2019-03-23 03:22:13,0.295
17716,2019-03-23 03:22:13,0.296
17717,2019-03-23 03:22:13,0.279
17718,2019-03-23 03:22:14,0.288
17719,2019-03-23 03:22:14,0.293
17720,2019-03-23 03:22:15,0.278
17721,2019-03-23 03:22:15,0.326
17722,2019-03-23 03:22:16,0.276
17723,2019-03-23 03:22:16,0.299
17724,2019-03-23 03:22:17,0.304
17725,2019-03-23 03:22:17,0.306
17726,2019-03-23 03:22:18,0.290
17727,2019-03-23 03:22:19,0.286
17728,2019-03-23 03:22:20,0.211
17729,2019-03-23 03:22:20,0.292
17730,2019-03-23 03:22:20,0.279
17731,2019-03-23 03:22:22,0.286
17732,2019-03-23 03:22:22,0.291
17733,2019-03-23 03:22:22,0.285
17734,2019-03-23 03:22:23,0.292
17735,2019-03-23 03:22:23,0.298
17736,2019-03-23 03:22:24,0.295
17737,2019-03-23 03:22:24,0.286
17738,2019-03-23 03:22:24,0.281
17739,2019-03-23 03:22:25,0.299
17740,2019-03-23 03:22:25,0.301
17741,2019-03-23 03:22:26,0.292
17742,2019-03-23 03:22:27,0.296
17743,2019-03-23 03:22:28,0.286
17744,2019-03-23 03:22:28,0.290
17745,2019-03-23 03:22:30,0.280
17746,2019-03-23 03:22:30,0.286
17747,2019-03-23 03:22:31,0.287
17748,2019-03-23 03:22:31,0.300
17749,2019-03-23 03:22:32,0.297
17750,2019-03-23 03:22:32,0.291
17751,2019-03-23 03:22:33,0.315
17752,2019-03-23 03:22:33,0.184
17753,2019-03-23 03:22:34,0.302
17754,2019-03-23 03:22:34,0.307
17755,2019-03-23 03:22:34,0.317
17756,2019-03-23 03:22:35,0.290
17757,2019-03-23 03:22:35,0.308
17758,2019-03-23 03:22:35,0.296
17759,2019-03-23 03:22:36,0.288
17760,2019-03-23 03:22:36,0.304
17761,2019-03-23 03:22:38,0.296
17762,2019-03-23 03:22:38,0.302
17763,2019-03-23 03:22:38,0.300
17764,2019-03-23 03:22:39,0.299
17765,2019-03-23 03:22:40,0.287
17766,2019-03-23 03:22:40,0.320
17767,2019-03-23 03:22:41,0.294
17768,2019-03-23 03:22:41,0.307
17769,2019-03-23 03:22:41,0.313
17770,2019-03-23 03:22:41,0.296
17771,2019-03-23 03:22:42,0.301
17772,2019-03-23 03:22:44,0.288
17773,2019-03-23 03:22:45,0.297
17774,2019-03-23 03:22:46,0.305
17775,2019-03-23 03:22:46,0.286
17776,2019-03-23 03:22:46,0.301
17777,2019-03-23 03:22:46,0.304
17778,2019-03-23 03:22:47,0.286
17779,2019-03-23 03:22:47,0.302
17780,2019-03-23 03:22:48,0.290
17781,2019-03-23 03:22:48,0.311
17782,2019-03-23 03:22:48,0.292
17783,2019-03-23 03:22:48,0.306
17784,2019-03-23 03:22:49,0.285
17785,2019-03-23 03:22:49,0.295
17786,2019-03-23 03:22:49,0.295
17787,2019-03-23 03:22:49,0.292
17788,2019-03-23 03:22:49,0.276
17789,2019-03-23 03:22:52,0.310
17790,2019-03-23 03:22:52,0.289
17791,2019-03-23 03:22:54,0.317
17792,2019-03-23 03:22:54,0.307
17793,2019-03-23 03:22:55,0.302
17794,2019-03-23 03:22:57,0.281
17795,2019-03-23 03:22:57,0.311
17796,2019-03-23 03:22:58,0.306
17797,2019-03-23 03:22:59,0.290
17798,2019-03-23 03:22:59,0.296
17799,2019-03-23 03:22:59,0.317
17800,2019-03-23 03:22:59,0.309
17801,2019-03-23 03:23:00,0.305
17802,2019-03-23 03:23:01,0.318
17803,2019-03-23 03:23:02,0.297
17804,2019-03-23 03:23:02,0.295
17805,2019-03-23 03:23:03,0.312
17806,2019-03-23 03:23:04,0.297
17807,2019-03-23 03:23:04,0.302
17808,2019-03-23 03:23:05,0.306
17809,2019-03-23 03:23:05,0.287
17810,2019-03-23 03:23:07,0.301
17811,2019-03-23 03:23:07,0.312
17812,2019-03-23 03:23:07,0.294
17813,2019-03-23 03:23:08,0.294
17814,2019-03-23 03:23:09,0.288
17815,2019-03-23 03:23:09,0.292
17816,2019-03-23 03:23:10,0.299
17817,2019-03-23 03:23:10,0.431
17818,2019-03-23 03:23:11,0.303
17819,2019-03-23 03:23:11,0.300
17820,2019-03-23 03:23:11,0.304
17821,2019-03-23 03:23:12,0.304
17822,2019-03-23 03:23:12,0.281
17823,2019-03-23 03:23:13,0.313
17824,2019-03-23 03:23:13,0.291
17825,2019-03-23 03:23:14,0.299
17826,2019-03-23 03:23:15,0.283
17827,2019-03-23 03:23:16,0.310
17828,2019-03-23 03:23:16,0.311
17829,2019-03-23 03:23:17,0.293
17830,2019-03-23 03:23:18,0.295
17831,2019-03-23 03:23:19,0.322
17832,2019-03-23 03:23:19,0.316
17833,2019-03-23 03:23:20,0.311
17834,2019-03-23 03:23:20,0.300
17835,2019-03-23 03:23:20,0.304
17836,2019-03-23 03:23:21,0.301
17837,2019-03-23 03:23:22,0.294
17838,2019-03-23 03:23:23,0.299
17839,2019-03-23 03:23:24,0.302
17840,2019-03-23 03:23:25,0.299
17841,2019-03-23 03:23:27,0.302
17842,2019-03-23 03:23:27,0.303
17843,2019-03-23 03:23:27,0.316
17844,2019-03-23 03:23:28,0.290
17845,2019-03-23 03:23:28,0.301
17846,2019-03-23 03:23:29,0.316
17847,2019-03-23 03:23:30,0.295
17848,2019-03-23 03:23:30,0.309
17849,2019-03-23 03:23:31,0.278
17850,2019-03-23 03:23:31,0.310
17851,2019-03-23 03:23:32,0.276
17852,2019-03-23 03:23:33,0.289
17853,2019-03-23 03:23:34,0.292
17854,2019-03-23 03:23:34,0.284
17855,2019-03-23 03:23:35,0.287
17856,2019-03-23 03:23:35,0.270
17857,2019-03-23 03:23:35,0.282
17858,2019-03-23 03:23:35,0.287
17859,2019-03-23 03:23:36,0.293
17860,2019-03-23 03:23:36,0.311
17861,2019-03-23 03:23:36,0.292
17862,2019-03-23 03:23:36,0.304
17863,2019-03-23 03:23:37,0.301
17864,2019-03-23 03:23:37,0.286
17865,2019-03-23 03:23:39,0.284
17866,2019-03-23 03:23:39,0.278
17867,2019-03-23 03:23:40,0.289
17868,2019-03-23 03:23:40,0.290
17869,2019-03-23 03:23:40,0.289
17870,2019-03-23 03:23:41,0.300
17871,2019-03-23 03:23:41,0.302
17872,2019-03-23 03:23:41,0.293
17873,2019-03-23 03:23:41,0.288
17874,2019-03-23 03:23:41,0.311
17875,2019-03-23 03:23:42,0.291
17876,2019-03-23 03:23:43,0.284
17877,2019-03-23 03:23:43,0.306
17878,2019-03-23 03:23:43,0.296
17879,2019-03-23 03:23:43,0.293
17880,2019-03-23 03:23:43,0.287
17881,2019-03-23 03:23:44,0.288
17882,2019-03-23 03:23:45,0.298
17883,2019-03-23 03:23:45,0.289
17884,2019-03-23 03:23:46,0.282
17885,2019-03-23 03:23:47,0.352
17886,2019-03-23 03:23:47,0.286
17887,2019-03-23 03:23:47,0.281
17888,2019-03-23 03:23:47,0.287
17889,2019-03-23 03:23:47,0.294
17890,2019-03-23 03:23:48,0.285
17891,2019-03-23 03:23:48,0.287
17892,2019-03-23 03:23:49,0.298
17893,2019-03-23 03:23:49,0.294
17894,2019-03-23 03:23:49,0.283
17895,2019-03-23 03:23:49,0.300
17896,2019-03-23 03:23:50,0.286
17897,2019-03-23 03:23:50,0.300
17898,2019-03-23 03:23:50,0.286
17899,2019-03-23 03:23:51,0.265
17900,2019-03-23 03:23:52,0.294
17901,2019-03-23 03:23:53,0.286
17902,2019-03-23 03:23:53,0.294
17903,2019-03-23 03:23:53,0.285
17904,2019-03-23 03:23:53,0.280
17905,2019-03-23 03:23:54,0.286
17906,2019-03-23 03:23:56,0.272
17907,2019-03-23 03:23:56,0.292
17908,2019-03-23 03:23:57,0.293
17909,2019-03-23 03:23:57,0.285
17910,2019-03-23 03:23:58,0.286
17911,2019-03-23 03:23:58,0.293
17912,2019-03-23 03:24:00,0.293
17913,2019-03-23 03:24:01,0.291
17914,2019-03-23 03:24:01,0.290
17915,2019-03-23 03:24:01,0.298
17916,2019-03-23 03:24:02,0.284
17917,2019-03-23 03:24:02,0.279
17918,2019-03-23 03:24:02,0.292
17919,2019-03-23 03:24:02,0.298
17920,2019-03-23 03:24:03,0.302
17921,2019-03-23 03:24:03,0.280
17922,2019-03-23 03:24:04,0.283
17923,2019-03-23 03:24:05,0.286
17924,2019-03-23 03:24:05,0.290
17925,2019-03-23 03:24:07,0.287
17926,2019-03-23 03:24:08,0.295
17927,2019-03-23 03:24:08,0.284
17928,2019-03-23 03:24:09,0.288
17929,2019-03-23 03:24:10,0.287
17930,2019-03-23 03:24:10,0.285
17931,2019-03-23 03:24:10,0.294
17932,2019-03-23 03:24:11,0.295
17933,2019-03-23 03:24:13,0.284
17934,2019-03-23 03:24:13,0.284
17935,2019-03-23 03:24:14,0.285
17936,2019-03-23 03:24:14,0.311
17937,2019-03-23 03:24:15,0.364
17938,2019-03-23 03:24:15,0.291
17939,2019-03-23 03:24:15,0.279
17940,2019-03-23 03:24:16,0.286
17941,2019-03-23 03:24:16,0.282
17942,2019-03-23 03:24:16,0.287
17943,2019-03-23 03:24:17,0.290
17944,2019-03-23 03:24:19,0.302
17945,2019-03-23 03:24:20,0.293
17946,2019-03-23 03:24:21,0.280
17947,2019-03-23 03:24:21,0.374
17948,2019-03-23 03:24:21,0.288
17949,2019-03-23 03:24:22,0.303
17950,2019-03-23 03:24:23,0.289
17951,2019-03-23 03:24:23,0.297
17952,2019-03-23 03:24:24,0.300
17953,2019-03-23 03:24:25,0.277
17954,2019-03-23 03:24:26,0.288
17955,2019-03-23 03:24:26,0.279
17956,2019-03-23 03:24:27,0.306
17957,2019-03-23 03:24:27,0.278
17958,2019-03-23 03:24:27,0.287
17959,2019-03-23 03:24:27,0.292
17960,2019-03-23 03:24:28,0.289
17961,2019-03-23 03:24:28,0.282
17962,2019-03-23 03:24:29,0.294
17963,2019-03-23 03:24:29,0.292
17964,2019-03-23 03:24:30,0.287
17965,2019-03-23 03:24:30,0.283
17966,2019-03-23 03:24:31,0.300
17967,2019-03-23 03:24:31,0.281
17968,2019-03-23 03:24:31,0.276
17969,2019-03-23 03:24:32,0.288
17970,2019-03-23 03:24:32,0.290
17971,2019-03-23 03:24:32,0.297
17972,2019-03-23 03:24:33,0.302
17973,2019-03-23 03:24:34,0.284
17974,2019-03-23 03:24:35,0.287
17975,2019-03-23 03:24:35,0.274
17976,2019-03-23 03:24:36,0.286
17977,2019-03-23 03:24:36,0.296
17978,2019-03-23 03:24:37,0.278
17979,2019-03-23 03:24:37,0.279
17980,2019-03-23 03:24:38,0.292
17981,2019-03-23 03:24:38,0.285
17982,2019-03-23 03:24:39,0.287
17983,2019-03-23 03:24:39,0.279
17984,2019-03-23 03:24:40,0.284
17985,2019-03-23 03:24:40,0.290
17986,2019-03-23 03:24:41,0.291
17987,2019-03-23 03:24:41,0.299
17988,2019-03-23 03:24:42,0.214
17989,2019-03-23 03:24:42,0.292
17990,2019-03-23 03:24:42,0.291
17991,2019-03-23 03:24:43,0.302
17992,2019-03-23 03:24:43,0.286
17993,2019-03-23 03:24:44,0.283
17994,2019-03-23 03:24:45,0.294
17995,2019-03-23 03:24:45,0.293
17996,2019-03-23 03:24:45,0.286
17997,2019-03-23 03:24:45,0.294
17998,2019-03-23 03:24:46,0.299
17999,2019-03-23 03:24:46,0.298
18000,2019-03-23 03:24:47,0.282
18001,2019-03-23 03:24:48,0.290
18002,2019-03-23 03:24:49,0.282
18003,2019-03-23 03:24:49,0.283
18004,2019-03-23 03:24:49,0.298
18005,2019-03-23 03:24:49,0.252
18006,2019-03-23 03:24:50,0.297
18007,2019-03-23 03:24:50,0.296
18008,2019-03-23 03:24:51,0.308
18009,2019-03-23 03:24:51,0.273
18010,2019-03-23 03:24:52,0.286
18011,2019-03-23 03:24:53,0.303
18012,2019-03-23 03:24:54,0.290
18013,2019-03-23 03:24:54,0.290
18014,2019-03-23 03:24:55,0.300
18015,2019-03-23 03:24:56,0.295
18016,2019-03-23 03:24:57,0.291
18017,2019-03-23 03:24:57,0.287
18018,2019-03-23 03:24:58,0.287
18019,2019-03-23 03:25:00,0.288
18020,2019-03-23 03:25:00,0.284
18021,2019-03-23 03:25:01,0.280
18022,2019-03-23 03:25:01,0.294
18023,2019-03-23 03:25:02,0.295
18024,2019-03-23 03:25:02,0.297
18025,2019-03-23 03:25:02,0.280
18026,2019-03-23 03:25:03,0.276
18027,2019-03-23 03:25:04,0.287
18028,2019-03-23 03:25:04,0.274
18029,2019-03-23 03:25:04,0.294
18030,2019-03-23 03:25:05,0.300
18031,2019-03-23 03:25:05,0.301
18032,2019-03-23 03:25:06,0.285
18033,2019-03-23 03:25:06,0.290
18034,2019-03-23 03:25:07,0.286
18035,2019-03-23 03:25:07,0.289
18036,2019-03-23 03:25:07,0.287
18037,2019-03-23 03:25:08,0.285
18038,2019-03-23 03:25:08,0.281
18039,2019-03-23 03:25:09,0.304
18040,2019-03-23 03:25:09,0.288
18041,2019-03-23 03:25:09,0.285
18042,2019-03-23 03:25:10,0.287
18043,2019-03-23 03:25:10,0.280
18044,2019-03-23 03:25:11,0.287
18045,2019-03-23 03:25:11,0.292
18046,2019-03-23 03:25:11,0.286
18047,2019-03-23 03:25:12,0.289
18048,2019-03-23 03:25:13,0.288
18049,2019-03-23 03:25:13,0.280
18050,2019-03-23 03:25:13,0.287
18051,2019-03-23 03:25:14,0.307
18052,2019-03-23 03:25:15,0.295
18053,2019-03-23 03:25:15,0.285
18054,2019-03-23 03:25:16,0.299
18055,2019-03-23 03:25:17,0.289
18056,2019-03-23 03:25:18,0.284
18057,2019-03-23 03:25:18,0.284
18058,2019-03-23 03:25:19,0.300
18059,2019-03-23 03:25:19,0.304
18060,2019-03-23 03:25:19,0.281
18061,2019-03-23 03:25:20,0.287
18062,2019-03-23 03:25:20,0.289
18063,2019-03-23 03:25:21,0.280
18064,2019-03-23 03:25:21,0.293
18065,2019-03-23 03:25:22,0.287
18066,2019-03-23 03:25:23,0.291
18067,2019-03-23 03:25:23,0.300
18068,2019-03-23 03:25:23,0.305
18069,2019-03-23 03:25:23,0.307
18070,2019-03-23 03:25:24,0.291
18071,2019-03-23 03:25:24,0.270
18072,2019-03-23 03:25:24,0.282
18073,2019-03-23 03:25:25,0.291
18074,2019-03-23 03:25:25,0.283
18075,2019-03-23 03:25:25,0.285
18076,2019-03-23 03:25:26,0.293
18077,2019-03-23 03:25:26,0.293
18078,2019-03-23 03:25:26,0.299
18079,2019-03-23 03:25:27,0.416
18080,2019-03-23 03:25:27,0.296
18081,2019-03-23 03:25:28,0.281
18082,2019-03-23 03:25:28,0.304
18083,2019-03-23 03:25:28,0.286
18084,2019-03-23 03:25:28,0.296
18085,2019-03-23 03:25:29,0.278
18086,2019-03-23 03:25:29,0.281
18087,2019-03-23 03:25:30,0.290
18088,2019-03-23 03:25:31,0.291
18089,2019-03-23 03:25:31,0.292
18090,2019-03-23 03:25:31,0.289
18091,2019-03-23 03:25:32,0.298
18092,2019-03-23 03:25:33,0.303
18093,2019-03-23 03:25:33,0.301
18094,2019-03-23 03:25:34,0.292
18095,2019-03-23 03:25:34,0.283
18096,2019-03-23 03:25:34,0.304
18097,2019-03-23 03:25:35,0.296
18098,2019-03-23 03:25:36,0.296
18099,2019-03-23 03:25:36,0.286
18100,2019-03-23 03:25:37,0.213
18101,2019-03-23 03:25:38,0.288
18102,2019-03-23 03:25:38,0.286
18103,2019-03-23 03:25:39,0.289
18104,2019-03-23 03:25:39,0.289
18105,2019-03-23 03:25:39,0.289
18106,2019-03-23 03:25:41,0.311
18107,2019-03-23 03:25:41,0.295
18108,2019-03-23 03:25:42,0.294
18109,2019-03-23 03:25:42,0.275
18110,2019-03-23 03:25:43,0.304
18111,2019-03-23 03:25:44,0.299
18112,2019-03-23 03:25:44,0.337
18113,2019-03-23 03:25:45,0.298
18114,2019-03-23 03:25:46,0.287
18115,2019-03-23 03:25:46,0.292
18116,2019-03-23 03:25:47,0.293
18117,2019-03-23 03:25:49,0.276
18118,2019-03-23 03:25:49,0.293
18119,2019-03-23 03:25:49,0.283
18120,2019-03-23 03:25:50,0.289
18121,2019-03-23 03:25:50,0.300
18122,2019-03-23 03:25:50,0.303
18123,2019-03-23 03:25:51,0.297
18124,2019-03-23 03:25:52,0.285
18125,2019-03-23 03:25:53,0.284
18126,2019-03-23 03:25:54,0.284
18127,2019-03-23 03:25:55,0.297
18128,2019-03-23 03:25:56,0.289
18129,2019-03-23 03:25:56,0.184
18130,2019-03-23 03:25:56,0.289
18131,2019-03-23 03:25:56,0.304
18132,2019-03-23 03:25:56,0.303
18133,2019-03-23 03:25:58,0.293
18134,2019-03-23 03:25:58,0.300
18135,2019-03-23 03:25:59,0.293
18136,2019-03-23 03:26:00,0.295
18137,2019-03-23 03:26:00,0.288
18138,2019-03-23 03:26:00,0.286
18139,2019-03-23 03:26:01,0.284
18140,2019-03-23 03:26:01,0.294
18141,2019-03-23 03:26:02,0.282
18142,2019-03-23 03:26:03,0.286
18143,2019-03-23 03:26:03,0.290
18144,2019-03-23 03:26:04,0.215
18145,2019-03-23 03:26:04,0.288
18146,2019-03-23 03:26:05,0.289
18147,2019-03-23 03:26:06,0.289
18148,2019-03-23 03:26:06,0.274
18149,2019-03-23 03:26:07,0.289
18150,2019-03-23 03:26:07,0.291
18151,2019-03-23 03:26:08,0.294
18152,2019-03-23 03:26:08,0.284
18153,2019-03-23 03:26:08,0.292
18154,2019-03-23 03:26:09,0.296
18155,2019-03-23 03:26:09,0.285
18156,2019-03-23 03:26:09,0.294
18157,2019-03-23 03:26:10,0.294
18158,2019-03-23 03:26:10,0.282
18159,2019-03-23 03:26:11,0.302
18160,2019-03-23 03:26:11,0.294
18161,2019-03-23 03:26:12,0.297
18162,2019-03-23 03:26:12,0.296
18163,2019-03-23 03:26:12,0.299
18164,2019-03-23 03:26:13,0.294
18165,2019-03-23 03:26:13,0.285
18166,2019-03-23 03:26:14,0.297
18167,2019-03-23 03:26:15,0.317
18168,2019-03-23 03:26:15,0.303
18169,2019-03-23 03:26:16,0.315
18170,2019-03-23 03:26:16,0.286
18171,2019-03-23 03:26:17,0.310
18172,2019-03-23 03:26:18,0.279
18173,2019-03-23 03:26:19,0.316
18174,2019-03-23 03:26:19,0.292
18175,2019-03-23 03:26:19,0.295
18176,2019-03-23 03:26:19,0.323
18177,2019-03-23 03:26:20,0.286
18178,2019-03-23 03:26:20,0.302
18179,2019-03-23 03:26:20,0.296
18180,2019-03-23 03:26:21,0.297
18181,2019-03-23 03:26:21,0.310
18182,2019-03-23 03:26:22,0.305
18183,2019-03-23 03:26:22,0.298
18184,2019-03-23 03:26:22,0.301
18185,2019-03-23 03:26:23,0.287
18186,2019-03-23 03:26:23,0.282
18187,2019-03-23 03:26:23,0.283
18188,2019-03-23 03:26:24,0.299
18189,2019-03-23 03:26:26,0.311
18190,2019-03-23 03:26:27,0.299
18191,2019-03-23 03:26:27,0.299
18192,2019-03-23 03:26:27,0.292
18193,2019-03-23 03:26:27,0.280
18194,2019-03-23 03:26:28,0.286
18195,2019-03-23 03:26:28,0.290
18196,2019-03-23 03:26:29,0.298
18197,2019-03-23 03:26:29,0.299
18198,2019-03-23 03:26:30,0.320
18199,2019-03-23 03:26:31,0.299
18200,2019-03-23 03:26:31,0.295
18201,2019-03-23 03:26:31,0.298
18202,2019-03-23 03:26:32,0.292
18203,2019-03-23 03:26:33,0.308
18204,2019-03-23 03:26:34,0.287
18205,2019-03-23 03:26:35,0.301
18206,2019-03-23 03:26:36,0.301
18207,2019-03-23 03:26:37,0.291
18208,2019-03-23 03:26:38,0.358
18209,2019-03-23 03:26:38,0.289
18210,2019-03-23 03:26:38,0.299
18211,2019-03-23 03:26:39,0.286
18212,2019-03-23 03:26:39,0.289
18213,2019-03-23 03:26:40,0.299
18214,2019-03-23 03:26:41,0.279
18215,2019-03-23 03:26:42,0.302
18216,2019-03-23 03:26:42,0.288
18217,2019-03-23 03:26:42,0.290
18218,2019-03-23 03:26:43,0.293
18219,2019-03-23 03:26:44,0.281
18220,2019-03-23 03:26:45,0.286
18221,2019-03-23 03:26:46,0.325
18222,2019-03-23 03:26:46,0.213
18223,2019-03-23 03:26:46,0.283
18224,2019-03-23 03:26:46,0.278
18225,2019-03-23 03:26:47,0.286
18226,2019-03-23 03:26:47,0.352
18227,2019-03-23 03:26:47,0.279
18228,2019-03-23 03:26:47,0.296
18229,2019-03-23 03:26:48,0.287
18230,2019-03-23 03:26:48,0.289
18231,2019-03-23 03:26:51,0.285
18232,2019-03-23 03:26:52,0.295
18233,2019-03-23 03:26:53,0.295
18234,2019-03-23 03:26:55,0.295
18235,2019-03-23 03:26:56,0.291
18236,2019-03-23 03:26:57,0.202
18237,2019-03-23 03:26:57,0.283
18238,2019-03-23 03:26:57,0.291
18239,2019-03-23 03:26:58,0.288
18240,2019-03-23 03:26:58,0.288
18241,2019-03-23 03:26:59,0.249
18242,2019-03-23 03:26:59,0.298
18243,2019-03-23 03:26:59,0.281
18244,2019-03-23 03:27:01,0.297
18245,2019-03-23 03:27:01,0.295
18246,2019-03-23 03:27:01,0.297
18247,2019-03-23 03:27:02,0.285
18248,2019-03-23 03:27:03,0.284
18249,2019-03-23 03:27:04,0.282
18250,2019-03-23 03:27:04,0.273
18251,2019-03-23 03:27:04,0.279
18252,2019-03-23 03:27:05,0.275
18253,2019-03-23 03:27:05,0.298
18254,2019-03-23 03:27:05,0.293
18255,2019-03-23 03:27:06,0.289
18256,2019-03-23 03:27:06,0.299
18257,2019-03-23 03:27:07,0.304
18258,2019-03-23 03:27:07,0.292
18259,2019-03-23 03:27:08,0.403
18260,2019-03-23 03:27:08,0.285
18261,2019-03-23 03:27:08,0.292
18262,2019-03-23 03:27:09,0.293
18263,2019-03-23 03:27:10,0.300
18264,2019-03-23 03:27:10,0.336
18265,2019-03-23 03:27:10,0.282
18266,2019-03-23 03:27:10,0.289
18267,2019-03-23 03:27:11,0.297
18268,2019-03-23 03:27:11,0.295
18269,2019-03-23 03:27:12,0.301
18270,2019-03-23 03:27:13,0.297
18271,2019-03-23 03:27:13,0.288
18272,2019-03-23 03:27:14,0.275
18273,2019-03-23 03:27:15,0.305
18274,2019-03-23 03:27:16,0.328
18275,2019-03-23 03:27:16,0.283
18276,2019-03-23 03:27:16,0.290
18277,2019-03-23 03:27:18,0.297
18278,2019-03-23 03:27:18,0.288
18279,2019-03-23 03:27:19,0.292
18280,2019-03-23 03:27:19,0.284
18281,2019-03-23 03:27:19,0.212
18282,2019-03-23 03:27:20,0.285
18283,2019-03-23 03:27:21,0.308
18284,2019-03-23 03:27:22,0.277
18285,2019-03-23 03:27:23,0.296
18286,2019-03-23 03:27:23,0.285
18287,2019-03-23 03:27:24,0.310
18288,2019-03-23 03:27:25,0.298
18289,2019-03-23 03:27:26,0.285
18290,2019-03-23 03:27:26,0.213
18291,2019-03-23 03:27:26,0.277
18292,2019-03-23 03:27:28,0.307
18293,2019-03-23 03:27:29,0.289
18294,2019-03-23 03:27:29,0.293
18295,2019-03-23 03:27:30,0.294
18296,2019-03-23 03:27:30,0.287
18297,2019-03-23 03:27:31,0.313
18298,2019-03-23 03:27:31,0.290
18299,2019-03-23 03:27:32,0.286
18300,2019-03-23 03:27:32,0.287
18301,2019-03-23 03:27:32,0.284
18302,2019-03-23 03:27:33,0.287
18303,2019-03-23 03:27:33,0.296
18304,2019-03-23 03:27:34,0.272
18305,2019-03-23 03:27:34,0.308
18306,2019-03-23 03:27:35,0.272
18307,2019-03-23 03:27:35,0.293
18308,2019-03-23 03:27:35,0.285
18309,2019-03-23 03:27:36,0.276
18310,2019-03-23 03:27:36,0.289
18311,2019-03-23 03:27:37,0.280
18312,2019-03-23 03:27:37,0.294
18313,2019-03-23 03:27:37,0.294
18314,2019-03-23 03:27:39,0.292
18315,2019-03-23 03:27:40,0.288
18316,2019-03-23 03:27:41,0.294
18317,2019-03-23 03:27:41,0.303
18318,2019-03-23 03:27:42,0.293
18319,2019-03-23 03:27:43,0.283
18320,2019-03-23 03:27:43,0.293
18321,2019-03-23 03:27:44,0.292
18322,2019-03-23 03:27:44,0.288
18323,2019-03-23 03:27:45,0.290
18324,2019-03-23 03:27:45,0.289
18325,2019-03-23 03:27:45,0.283
18326,2019-03-23 03:27:45,0.298
18327,2019-03-23 03:27:46,0.291
18328,2019-03-23 03:27:46,0.291
18329,2019-03-23 03:27:46,0.273
18330,2019-03-23 03:27:46,0.294
18331,2019-03-23 03:27:47,0.303
18332,2019-03-23 03:27:47,0.290
18333,2019-03-23 03:27:49,0.274
18334,2019-03-23 03:27:49,0.277
18335,2019-03-23 03:27:51,0.293
18336,2019-03-23 03:27:51,0.283
18337,2019-03-23 03:27:52,0.295
18338,2019-03-23 03:27:54,0.281
18339,2019-03-23 03:27:54,0.301
18340,2019-03-23 03:27:54,0.292
18341,2019-03-23 03:27:54,0.295
18342,2019-03-23 03:27:56,0.294
18343,2019-03-23 03:27:56,0.286
18344,2019-03-23 03:27:57,0.278
18345,2019-03-23 03:27:58,0.291
18346,2019-03-23 03:27:58,0.295
18347,2019-03-23 03:27:58,0.302
18348,2019-03-23 03:27:58,0.273
18349,2019-03-23 03:27:59,0.289
18350,2019-03-23 03:28:00,0.288
18351,2019-03-23 03:28:00,0.278
18352,2019-03-23 03:28:01,0.210
18353,2019-03-23 03:28:02,0.276
18354,2019-03-23 03:28:02,0.287
18355,2019-03-23 03:28:03,0.282
18356,2019-03-23 03:28:03,0.286
18357,2019-03-23 03:28:04,0.279
18358,2019-03-23 03:28:05,0.293
18359,2019-03-23 03:28:05,0.283
18360,2019-03-23 03:28:05,0.287
18361,2019-03-23 03:28:06,0.291
18362,2019-03-23 03:28:06,0.298
18363,2019-03-23 03:28:07,0.289
18364,2019-03-23 03:28:08,0.291
18365,2019-03-23 03:28:08,0.287
18366,2019-03-23 03:28:09,0.294
18367,2019-03-23 03:28:09,0.284
18368,2019-03-23 03:28:11,0.305
18369,2019-03-23 03:28:11,0.290
18370,2019-03-23 03:28:12,0.289
18371,2019-03-23 03:28:12,0.302
18372,2019-03-23 03:28:13,0.297
18373,2019-03-23 03:28:13,0.291
18374,2019-03-23 03:28:13,0.279
18375,2019-03-23 03:28:13,0.283
18376,2019-03-23 03:28:14,0.298
18377,2019-03-23 03:28:15,0.307
18378,2019-03-23 03:28:15,0.304
18379,2019-03-23 03:28:16,0.295
18380,2019-03-23 03:28:16,0.292
18381,2019-03-23 03:28:17,0.288
18382,2019-03-23 03:28:17,0.285
18383,2019-03-23 03:28:18,0.292
18384,2019-03-23 03:28:19,0.304
18385,2019-03-23 03:28:19,0.287
18386,2019-03-23 03:28:19,0.291
18387,2019-03-23 03:28:20,0.299
18388,2019-03-23 03:28:20,0.287
18389,2019-03-23 03:28:20,0.305
18390,2019-03-23 03:28:21,0.281
18391,2019-03-23 03:28:21,0.308
18392,2019-03-23 03:28:21,0.277
18393,2019-03-23 03:28:21,0.281
18394,2019-03-23 03:30:40,0.289
18395,2019-03-23 03:30:40,0.290
18396,2019-03-23 03:30:41,0.286
18397,2019-03-23 03:30:41,0.280
18398,2019-03-23 03:30:41,0.281
18399,2019-03-23 03:30:41,0.281
18400,2019-03-23 03:30:42,0.283
18401,2019-03-23 03:30:42,0.293
18402,2019-03-23 03:30:42,0.284
18403,2019-03-23 03:30:42,0.307
18404,2019-03-23 03:30:42,0.293
18405,2019-03-23 03:30:43,0.291
18406,2019-03-23 03:30:43,0.301
18407,2019-03-23 03:30:43,0.286
18408,2019-03-23 03:30:44,0.308
18409,2019-03-23 03:30:44,0.303
18410,2019-03-23 03:30:44,0.289
18411,2019-03-23 03:30:44,0.280
18412,2019-03-23 03:30:44,0.279
18413,2019-03-23 03:30:44,0.296
18414,2019-03-23 03:30:45,0.277
18415,2019-03-23 03:30:45,0.293
18416,2019-03-23 03:30:45,0.294
18417,2019-03-23 03:30:45,0.286
18418,2019-03-23 03:30:46,0.290
18419,2019-03-23 03:30:46,0.299
18420,2019-03-23 03:30:46,0.289
18421,2019-03-23 03:30:46,0.291
18422,2019-03-23 03:30:46,0.301
18423,2019-03-23 03:30:46,0.284
18424,2019-03-23 03:30:47,0.286
18425,2019-03-23 03:30:47,0.287
18426,2019-03-23 03:30:47,0.285
18427,2019-03-23 03:30:47,0.286
18428,2019-03-23 03:30:48,0.344
18429,2019-03-23 03:30:48,0.292
18430,2019-03-23 03:30:48,0.283
18431,2019-03-23 03:30:48,0.302
18432,2019-03-23 03:30:48,0.298
18433,2019-03-23 03:30:49,0.212
18434,2019-03-23 03:30:49,0.287
18435,2019-03-23 03:30:49,0.285
18436,2019-03-23 03:30:49,0.281
18437,2019-03-23 03:30:49,0.269
18438,2019-03-23 03:30:49,0.282
18439,2019-03-23 03:30:49,0.295
18440,2019-03-23 03:30:49,0.268
18441,2019-03-23 03:30:49,0.263
18442,2019-03-23 03:30:50,0.290
18443,2019-03-23 03:30:51,0.285
18444,2019-03-23 03:30:51,0.287
18445,2019-03-23 03:30:51,0.298
18446,2019-03-23 03:30:51,0.291
18447,2019-03-23 03:30:51,0.285
18448,2019-03-23 03:30:51,0.291
18449,2019-03-23 03:30:52,0.291
18450,2019-03-23 03:30:52,0.288
18451,2019-03-23 03:30:52,0.284
18452,2019-03-23 03:30:52,0.292
18453,2019-03-23 03:30:52,0.289
18454,2019-03-23 03:30:53,0.302
18455,2019-03-23 03:30:53,0.286
18456,2019-03-23 03:30:53,0.300
18457,2019-03-23 03:30:53,0.287
18458,2019-03-23 03:30:53,0.283
18459,2019-03-23 03:30:53,0.301
18460,2019-03-23 03:30:54,0.302
18461,2019-03-23 03:30:54,0.281
18462,2019-03-23 03:30:54,0.286
18463,2019-03-23 03:30:54,0.275
18464,2019-03-23 03:30:55,0.292
18465,2019-03-23 03:30:55,0.280
18466,2019-03-23 03:30:55,0.297
18467,2019-03-23 03:30:55,0.306
18468,2019-03-23 03:30:56,0.294
18469,2019-03-23 03:30:56,0.298
18470,2019-03-23 03:30:57,0.214
18471,2019-03-23 03:30:57,0.297
18472,2019-03-23 03:30:57,0.296
18473,2019-03-23 03:30:57,0.288
18474,2019-03-23 03:30:57,0.290
18475,2019-03-23 03:30:58,0.277
18476,2019-03-23 03:30:58,0.290
18477,2019-03-23 03:30:58,0.298
18478,2019-03-23 03:30:59,0.212
18479,2019-03-23 03:30:59,0.282
18480,2019-03-23 03:30:59,0.278
18481,2019-03-23 03:30:59,0.284
18482,2019-03-23 03:31:00,0.280
18483,2019-03-23 03:31:00,0.209
18484,2019-03-23 03:31:00,0.299
18485,2019-03-23 03:31:00,0.279
18486,2019-03-23 03:31:01,0.287
18487,2019-03-23 03:31:01,0.303
18488,2019-03-23 03:31:01,0.302
18489,2019-03-23 03:31:01,0.278
18490,2019-03-23 03:31:02,0.290
18491,2019-03-23 03:31:02,0.303
18492,2019-03-23 03:31:02,0.282
18493,2019-03-23 03:31:03,0.293
18494,2019-03-23 03:31:03,0.293
18495,2019-03-23 03:31:03,0.268
18496,2019-03-23 03:31:03,0.289
18497,2019-03-23 03:31:04,0.289
18498,2019-03-23 03:31:04,0.289
18499,2019-03-23 03:31:04,0.287
18500,2019-03-23 03:31:04,0.275
18501,2019-03-23 03:31:04,0.281
18502,2019-03-23 03:31:04,0.286
18503,2019-03-23 03:31:04,0.294
18504,2019-03-23 03:31:05,0.305
18505,2019-03-23 03:31:05,0.288
18506,2019-03-23 03:31:05,0.284
18507,2019-03-23 03:31:05,0.285
18508,2019-03-23 03:31:06,0.284
18509,2019-03-23 03:31:06,0.286
18510,2019-03-23 03:31:06,0.287
18511,2019-03-23 03:31:07,0.277
18512,2019-03-23 03:31:07,0.287
18513,2019-03-23 03:31:08,0.282
18514,2019-03-23 03:31:08,0.287
18515,2019-03-23 03:31:08,0.297
18516,2019-03-23 03:31:08,0.300
18517,2019-03-23 03:31:09,0.287
18518,2019-03-23 03:31:10,0.293
18519,2019-03-23 03:31:10,0.290
18520,2019-03-23 03:31:10,0.285
18521,2019-03-23 03:31:10,0.288
18522,2019-03-23 03:31:11,0.298
18523,2019-03-23 03:31:11,0.283
18524,2019-03-23 03:31:11,0.302
18525,2019-03-23 03:31:11,0.280
18526,2019-03-23 03:31:12,0.287
18527,2019-03-23 03:31:13,0.296
18528,2019-03-23 03:31:13,0.291
18529,2019-03-23 03:31:15,0.281
18530,2019-03-23 03:31:15,0.292
18531,2019-03-23 03:31:16,0.281
18532,2019-03-23 03:31:16,0.291
18533,2019-03-23 03:31:16,0.302
18534,2019-03-23 03:31:16,0.298
18535,2019-03-23 03:31:17,0.282
18536,2019-03-23 03:31:17,0.294
18537,2019-03-23 03:31:18,0.304
18538,2019-03-23 03:31:18,0.291
18539,2019-03-23 03:31:19,0.287
18540,2019-03-23 03:31:20,0.341
18541,2019-03-23 03:31:20,0.300
18542,2019-03-23 03:31:20,0.289
18543,2019-03-23 03:31:21,0.290
18544,2019-03-23 03:31:22,0.289
18545,2019-03-23 03:31:22,0.297
18546,2019-03-23 03:31:22,0.280
18547,2019-03-23 03:31:23,0.212
18548,2019-03-23 03:31:23,0.280
18549,2019-03-23 03:31:24,0.291
18550,2019-03-23 03:31:24,0.269
18551,2019-03-23 03:31:25,0.296
18552,2019-03-23 03:31:25,0.288
18553,2019-03-23 03:31:26,0.290
18554,2019-03-23 03:31:26,0.282
18555,2019-03-23 03:31:27,0.283
18556,2019-03-23 03:31:28,0.293
18557,2019-03-23 03:31:28,0.280
18558,2019-03-23 03:31:29,0.292
18559,2019-03-23 03:31:29,0.292
18560,2019-03-23 03:31:29,0.295
18561,2019-03-23 03:31:29,0.271
18562,2019-03-23 03:31:29,0.273
18563,2019-03-23 03:31:29,0.271
18564,2019-03-23 03:31:29,0.273
18565,2019-03-23 03:31:29,0.274
18566,2019-03-23 03:31:31,0.292
18567,2019-03-23 03:31:32,0.291
18568,2019-03-23 03:31:33,0.296
18569,2019-03-23 03:31:33,0.304
18570,2019-03-23 03:31:33,0.304
18571,2019-03-23 03:31:34,0.270
18572,2019-03-23 03:31:34,0.287
18573,2019-03-23 03:31:34,0.293
18574,2019-03-23 03:31:36,0.292
18575,2019-03-23 03:31:37,0.294
18576,2019-03-23 03:31:38,0.285
18577,2019-03-23 03:31:39,0.294
18578,2019-03-23 03:31:40,0.277
18579,2019-03-23 03:31:41,0.307
18580,2019-03-23 03:31:42,0.294
18581,2019-03-23 03:31:42,0.296
18582,2019-03-23 03:31:43,0.285
18583,2019-03-23 03:31:43,0.305
18584,2019-03-23 03:31:44,0.292
18585,2019-03-23 03:31:45,0.265
18586,2019-03-23 03:31:45,0.297
18587,2019-03-23 03:31:46,0.288
18588,2019-03-23 03:31:47,0.290
18589,2019-03-23 03:31:47,0.297
18590,2019-03-23 03:31:48,0.288
18591,2019-03-23 03:31:49,0.292
18592,2019-03-23 03:31:49,0.297
18593,2019-03-23 03:31:49,0.276
18594,2019-03-23 03:31:49,0.283
18595,2019-03-23 03:31:52,0.294
18596,2019-03-23 03:31:53,0.288
18597,2019-03-23 03:31:54,0.279
18598,2019-03-23 03:31:54,0.292
18599,2019-03-23 03:31:55,0.296
18600,2019-03-23 03:31:57,0.313
18601,2019-03-23 03:31:58,0.298
18602,2019-03-23 03:31:58,0.295
18603,2019-03-23 03:31:59,0.214
18604,2019-03-23 03:31:59,0.290
18605,2019-03-23 03:31:59,0.286
18606,2019-03-23 03:32:00,0.292
18607,2019-03-23 03:32:00,0.277
18608,2019-03-23 03:32:01,0.288
18609,2019-03-23 03:32:02,0.299
18610,2019-03-23 03:32:02,0.289
18611,2019-03-23 03:32:02,0.289
18612,2019-03-23 03:32:03,0.291
18613,2019-03-23 03:32:03,0.284
18614,2019-03-23 03:32:03,0.299
18615,2019-03-23 03:32:04,0.294
18616,2019-03-23 03:32:05,0.294
18617,2019-03-23 03:32:07,0.275
18618,2019-03-23 03:32:08,0.285
18619,2019-03-23 03:32:08,0.292
18620,2019-03-23 03:32:09,0.281
18621,2019-03-23 03:32:09,0.310
18622,2019-03-23 03:32:10,0.279
18623,2019-03-23 03:32:11,0.289
18624,2019-03-23 03:32:12,0.269
18625,2019-03-23 03:32:13,0.297
18626,2019-03-23 03:32:13,0.306
18627,2019-03-23 03:32:14,0.209
18628,2019-03-23 03:32:15,0.300
18629,2019-03-23 03:32:15,0.285
18630,2019-03-23 03:32:16,0.297
18631,2019-03-23 03:32:16,0.305
18632,2019-03-23 03:32:17,0.219
18633,2019-03-23 03:32:17,0.319
18634,2019-03-23 03:32:17,0.306
18635,2019-03-23 03:32:18,0.280
18636,2019-03-23 03:32:18,0.293
18637,2019-03-23 03:32:19,0.303
18638,2019-03-23 03:32:19,0.307
18639,2019-03-23 03:32:19,0.312
18640,2019-03-23 03:32:20,0.301
18641,2019-03-23 03:32:20,0.297
18642,2019-03-23 03:32:21,0.293
18643,2019-03-23 03:32:21,0.296
18644,2019-03-23 03:32:22,0.309
18645,2019-03-23 03:32:22,0.315
18646,2019-03-23 03:32:23,0.278
18647,2019-03-23 03:32:23,0.299
18648,2019-03-23 03:32:23,0.295
18649,2019-03-23 03:32:24,0.286
18650,2019-03-23 03:32:24,0.301
18651,2019-03-23 03:32:25,0.289
18652,2019-03-23 03:32:26,0.305
18653,2019-03-23 03:32:28,0.294
18654,2019-03-23 03:32:29,0.300
18655,2019-03-23 03:32:29,0.287
18656,2019-03-23 03:32:30,0.315
18657,2019-03-23 03:32:31,0.313
18658,2019-03-23 03:32:31,0.306
18659,2019-03-23 03:32:31,0.301
18660,2019-03-23 03:32:31,0.314
18661,2019-03-23 03:32:32,0.297
18662,2019-03-23 03:32:32,0.299
18663,2019-03-23 03:32:33,0.291
18664,2019-03-23 03:32:33,0.318
18665,2019-03-23 03:32:34,0.292
18666,2019-03-23 03:32:35,0.289
18667,2019-03-23 03:32:35,0.292
18668,2019-03-23 03:32:35,0.307
18669,2019-03-23 03:32:36,0.313
18670,2019-03-23 03:32:36,0.302
18671,2019-03-23 03:32:36,0.298
18672,2019-03-23 03:32:38,0.297
18673,2019-03-23 03:32:38,0.272
18674,2019-03-23 03:32:38,0.314
18675,2019-03-23 03:32:39,0.295
18676,2019-03-23 03:32:39,0.304
18677,2019-03-23 03:32:39,0.304
18678,2019-03-23 03:32:39,0.298
18679,2019-03-23 03:32:40,0.294
18680,2019-03-23 03:32:40,0.293
18681,2019-03-23 03:32:41,0.298
18682,2019-03-23 03:32:41,0.289
18683,2019-03-23 03:32:42,0.323
18684,2019-03-23 03:32:43,0.297
18685,2019-03-23 03:32:43,0.307
18686,2019-03-23 03:32:44,0.315
18687,2019-03-23 03:32:44,0.306
18688,2019-03-23 03:32:45,0.293
18689,2019-03-23 03:32:45,0.311
18690,2019-03-23 03:32:46,0.318
18691,2019-03-23 03:32:46,0.296
18692,2019-03-23 03:32:46,0.300
18693,2019-03-23 03:32:47,0.306
18694,2019-03-23 03:32:47,0.312
18695,2019-03-23 03:32:48,0.303
18696,2019-03-23 03:32:48,0.307
18697,2019-03-23 03:32:48,0.305
18698,2019-03-23 03:32:48,0.308
18699,2019-03-23 03:32:48,0.300
18700,2019-03-23 03:32:49,0.300
18701,2019-03-23 03:32:50,0.319
18702,2019-03-23 03:32:50,0.304
18703,2019-03-23 03:32:50,0.302
18704,2019-03-23 03:32:50,0.262
18705,2019-03-23 03:32:51,0.296
18706,2019-03-23 03:32:53,0.288
18707,2019-03-23 03:32:54,0.297
18708,2019-03-23 03:32:54,0.304
18709,2019-03-23 03:32:55,0.302
18710,2019-03-23 03:32:55,0.298
18711,2019-03-23 03:32:55,0.302
18712,2019-03-23 03:32:56,0.303
18713,2019-03-23 03:32:56,0.313
18714,2019-03-23 03:32:57,0.284
18715,2019-03-23 03:32:58,0.297
18716,2019-03-23 03:32:58,0.313
18717,2019-03-23 03:32:59,0.306
18718,2019-03-23 03:33:00,0.283
18719,2019-03-23 03:33:00,0.314
18720,2019-03-23 03:33:01,0.295
18721,2019-03-23 03:33:01,0.301
18722,2019-03-23 03:33:02,0.296
18723,2019-03-23 03:33:03,0.303
18724,2019-03-23 03:33:03,0.286
18725,2019-03-23 03:33:04,0.298
18726,2019-03-23 03:33:04,0.293
18727,2019-03-23 03:33:05,0.284
18728,2019-03-23 03:33:05,0.296
18729,2019-03-23 03:33:06,0.293
18730,2019-03-23 03:33:06,0.291
18731,2019-03-23 03:33:07,0.299
18732,2019-03-23 03:33:08,0.304
18733,2019-03-23 03:33:08,0.313
18734,2019-03-23 03:33:10,0.296
18735,2019-03-23 03:33:10,0.304
18736,2019-03-23 03:33:11,0.311
18737,2019-03-23 03:33:11,0.308
18738,2019-03-23 03:33:11,0.303
18739,2019-03-23 03:33:11,0.295
18740,2019-03-23 03:33:12,0.303
18741,2019-03-23 03:33:12,0.303
18742,2019-03-23 03:33:12,0.306
18743,2019-03-23 03:33:13,0.292
18744,2019-03-23 03:33:13,0.395
18745,2019-03-23 03:33:14,0.313
18746,2019-03-23 03:33:14,0.291
18747,2019-03-23 03:33:15,0.305
18748,2019-03-23 03:33:15,0.326
18749,2019-03-23 03:33:16,0.295
18750,2019-03-23 03:33:18,0.289
18751,2019-03-23 03:33:18,0.287
18752,2019-03-23 03:33:18,0.301
18753,2019-03-23 03:33:18,0.299
18754,2019-03-23 03:33:19,0.299
18755,2019-03-23 03:33:20,0.303
18756,2019-03-23 03:33:20,0.293
18757,2019-03-23 03:33:21,0.308
18758,2019-03-23 03:33:22,0.304
18759,2019-03-23 03:33:23,0.309
18760,2019-03-23 03:33:23,0.290
18761,2019-03-23 03:33:23,0.304
18762,2019-03-23 03:33:23,0.212
18763,2019-03-23 03:33:23,0.298
18764,2019-03-23 03:33:24,0.313
18765,2019-03-23 03:33:26,0.289
18766,2019-03-23 03:33:26,0.293
18767,2019-03-23 03:33:27,0.313
18768,2019-03-23 03:33:27,0.306
18769,2019-03-23 03:33:28,0.306
18770,2019-03-23 03:33:28,0.305
18771,2019-03-23 03:33:29,0.299
18772,2019-03-23 03:33:29,0.306
18773,2019-03-23 03:33:29,0.288
18774,2019-03-23 03:33:30,0.298
18775,2019-03-23 03:33:30,0.309
18776,2019-03-23 03:33:30,0.297
18777,2019-03-23 03:33:32,0.303
18778,2019-03-23 03:33:32,0.311
18779,2019-03-23 03:33:33,0.303
18780,2019-03-23 03:33:33,0.307
18781,2019-03-23 03:33:33,0.306
18782,2019-03-23 03:33:34,0.307
18783,2019-03-23 03:33:34,0.297
18784,2019-03-23 03:33:35,0.303
18785,2019-03-23 03:33:35,0.312
18786,2019-03-23 03:33:36,0.208
18787,2019-03-23 03:33:36,0.298
18788,2019-03-23 03:33:36,0.325
18789,2019-03-23 03:33:38,0.302
18790,2019-03-23 03:33:39,0.301
18791,2019-03-23 03:33:39,0.306
18792,2019-03-23 03:33:40,0.304
18793,2019-03-23 03:33:40,0.302
18794,2019-03-23 03:33:41,0.307
18795,2019-03-23 03:33:41,0.298
18796,2019-03-23 03:33:41,0.303
18797,2019-03-23 03:33:42,0.303
18798,2019-03-23 03:33:43,0.303
18799,2019-03-23 03:33:43,0.295
18800,2019-03-23 03:33:43,0.299
18801,2019-03-23 03:33:44,0.299
18802,2019-03-23 03:33:45,0.310
18803,2019-03-23 03:33:45,0.316
18804,2019-03-23 03:33:46,0.293
18805,2019-03-23 03:33:48,0.303
18806,2019-03-23 03:33:48,0.304
18807,2019-03-23 03:33:48,0.291
18808,2019-03-23 03:33:48,0.302
18809,2019-03-23 03:33:48,0.293
18810,2019-03-23 03:33:49,0.301
18811,2019-03-23 03:33:50,0.291
18812,2019-03-23 03:33:50,0.301
18813,2019-03-23 03:33:50,0.312
18814,2019-03-23 03:33:51,0.299
18815,2019-03-23 03:33:51,0.318
18816,2019-03-23 03:33:54,0.295
18817,2019-03-23 03:33:55,0.289
18818,2019-03-23 03:33:55,0.297
18819,2019-03-23 03:33:55,0.306
18820,2019-03-23 03:33:55,0.299
18821,2019-03-23 03:33:56,0.311
18822,2019-03-23 03:33:56,0.285
18823,2019-03-23 03:33:57,0.303
18824,2019-03-23 03:33:57,0.280
18825,2019-03-23 03:33:57,0.428
18826,2019-03-23 03:33:58,0.297
18827,2019-03-23 03:33:59,0.289
18828,2019-03-23 03:34:00,0.299
18829,2019-03-23 03:34:00,0.263
18830,2019-03-23 03:34:00,0.301
18831,2019-03-23 03:34:00,0.303
18832,2019-03-23 03:34:01,0.292
18833,2019-03-23 03:34:01,0.289
18834,2019-03-23 03:34:01,0.304
18835,2019-03-23 03:34:02,0.302
18836,2019-03-23 03:34:02,0.293
18837,2019-03-23 03:34:02,0.283
18838,2019-03-23 03:34:02,0.315
18839,2019-03-23 03:34:03,0.292
18840,2019-03-23 03:34:03,0.290
18841,2019-03-23 03:34:04,0.301
18842,2019-03-23 03:34:04,0.288
18843,2019-03-23 03:34:04,0.304
18844,2019-03-23 03:34:06,0.286
18845,2019-03-23 03:34:07,0.291
18846,2019-03-23 03:34:07,0.296
18847,2019-03-23 03:34:07,0.285
18848,2019-03-23 03:34:07,0.287
18849,2019-03-23 03:34:08,0.296
18850,2019-03-23 03:34:08,0.304
18851,2019-03-23 03:34:09,0.306
18852,2019-03-23 03:34:09,0.294
18853,2019-03-23 03:34:10,0.301
18854,2019-03-23 03:34:12,0.292
18855,2019-03-23 03:34:12,0.296
18856,2019-03-23 03:34:12,0.311
18857,2019-03-23 03:34:13,0.297
18858,2019-03-23 03:34:15,0.323
18859,2019-03-23 03:34:15,0.285
18860,2019-03-23 03:34:16,0.273
18861,2019-03-23 03:34:17,0.304
18862,2019-03-23 03:34:17,0.289
18863,2019-03-23 03:34:18,0.299
18864,2019-03-23 03:34:21,0.283
18865,2019-03-23 03:34:22,0.296
18866,2019-03-23 03:34:22,0.296
18867,2019-03-23 03:34:23,0.302
18868,2019-03-23 03:34:23,0.285
18869,2019-03-23 03:34:23,0.303
18870,2019-03-23 03:34:23,0.298
18871,2019-03-23 03:34:24,0.293
18872,2019-03-23 03:34:24,0.296
18873,2019-03-23 03:34:25,0.306
18874,2019-03-23 03:34:25,0.295
18875,2019-03-23 03:34:25,0.301
18876,2019-03-23 03:34:26,0.292
18877,2019-03-23 03:34:27,0.315
18878,2019-03-23 03:34:27,0.297
18879,2019-03-23 03:34:27,0.301
18880,2019-03-23 03:34:30,0.299
18881,2019-03-23 03:34:30,0.313
18882,2019-03-23 03:34:30,0.303
18883,2019-03-23 03:34:31,0.295
18884,2019-03-23 03:34:31,0.303
18885,2019-03-23 03:34:32,0.293
18886,2019-03-23 03:34:32,0.307
18887,2019-03-23 03:34:33,0.303
18888,2019-03-23 03:34:33,0.279
18889,2019-03-23 03:34:33,0.308
18890,2019-03-23 03:34:33,0.305
18891,2019-03-23 03:34:34,0.272
18892,2019-03-23 03:34:34,0.287
18893,2019-03-23 03:34:35,0.305
18894,2019-03-23 03:34:36,0.304
18895,2019-03-23 03:34:37,0.312
18896,2019-03-23 03:34:39,0.296
18897,2019-03-23 03:34:40,0.309
18898,2019-03-23 03:34:40,0.298
18899,2019-03-23 03:34:40,0.313
18900,2019-03-23 03:34:41,0.315
18901,2019-03-23 03:34:41,0.301
18902,2019-03-23 03:34:41,0.309
18903,2019-03-23 03:34:41,0.309
18904,2019-03-23 03:34:42,0.314
18905,2019-03-23 03:34:42,0.309
18906,2019-03-23 03:34:43,0.299
18907,2019-03-23 03:34:43,0.288
18908,2019-03-23 03:34:43,0.297
18909,2019-03-23 03:34:43,0.299
18910,2019-03-23 03:34:44,0.270
18911,2019-03-23 03:34:45,0.280
18912,2019-03-23 03:34:45,0.293
18913,2019-03-23 03:34:46,0.213
18914,2019-03-23 03:34:46,0.305
18915,2019-03-23 03:34:46,0.298
18916,2019-03-23 03:34:47,0.300
18917,2019-03-23 03:34:47,0.301
18918,2019-03-23 03:34:48,0.263
18919,2019-03-23 03:34:48,0.310
18920,2019-03-23 03:34:48,0.307
18921,2019-03-23 03:34:48,0.299
18922,2019-03-23 03:34:49,0.302
18923,2019-03-23 03:34:49,0.264
18924,2019-03-23 03:34:49,0.310
18925,2019-03-23 03:34:49,0.290
18926,2019-03-23 03:34:49,0.308
18927,2019-03-23 03:34:50,0.265
18928,2019-03-23 03:34:51,0.313
18929,2019-03-23 03:34:51,0.308
18930,2019-03-23 03:34:51,0.299
18931,2019-03-23 03:34:53,0.305
18932,2019-03-23 03:34:53,0.315
18933,2019-03-23 03:34:54,0.303
18934,2019-03-23 03:34:55,0.302
18935,2019-03-23 03:34:55,0.293
18936,2019-03-23 03:34:56,0.284
18937,2019-03-23 03:34:57,0.304
18938,2019-03-23 03:34:58,0.296
18939,2019-03-23 03:34:58,0.302
18940,2019-03-23 03:34:59,0.297
18941,2019-03-23 03:34:59,0.308
18942,2019-03-23 03:34:59,0.309
18943,2019-03-23 03:35:00,0.295
18944,2019-03-23 03:35:01,0.291
18945,2019-03-23 03:35:01,0.311
18946,2019-03-23 03:35:02,0.301
18947,2019-03-23 03:35:02,0.193
18948,2019-03-23 03:35:03,0.303
18949,2019-03-23 03:35:03,0.267
18950,2019-03-23 03:35:04,0.291
18951,2019-03-23 03:35:04,0.292
18952,2019-03-23 03:35:04,0.293
18953,2019-03-23 03:35:04,0.293
18954,2019-03-23 03:35:06,0.285
18955,2019-03-23 03:35:06,0.292
18956,2019-03-23 03:35:07,0.304
18957,2019-03-23 03:35:07,0.309
18958,2019-03-23 03:35:08,0.299
18959,2019-03-23 03:35:08,0.296
18960,2019-03-23 03:35:08,0.315
18961,2019-03-23 03:35:08,0.288
18962,2019-03-23 03:35:10,0.304
18963,2019-03-23 03:35:10,0.305
18964,2019-03-23 03:35:10,0.293
18965,2019-03-23 03:35:11,0.282
18966,2019-03-23 03:35:11,0.320
18967,2019-03-23 03:35:12,0.291
18968,2019-03-23 03:35:14,0.289
18969,2019-03-23 03:35:15,0.280
18970,2019-03-23 03:35:15,0.291
18971,2019-03-23 03:35:15,0.285
18972,2019-03-23 03:35:16,0.290
18973,2019-03-23 03:35:16,0.295
18974,2019-03-23 03:35:16,0.290
18975,2019-03-23 03:35:16,0.288
18976,2019-03-23 03:35:17,0.289
18977,2019-03-23 03:35:18,0.279
18978,2019-03-23 03:35:18,0.286
18979,2019-03-23 03:35:19,0.293
18980,2019-03-23 03:35:22,0.288
18981,2019-03-23 03:35:23,0.297
18982,2019-03-23 03:35:24,0.288
18983,2019-03-23 03:35:25,0.285
18984,2019-03-23 03:35:26,0.292
18985,2019-03-23 03:35:26,0.275
18986,2019-03-23 03:35:27,0.295
18987,2019-03-23 03:35:28,0.281
18988,2019-03-23 03:35:28,0.309
18989,2019-03-23 03:35:29,0.295
18990,2019-03-23 03:35:29,0.290
18991,2019-03-23 03:35:31,0.283
18992,2019-03-23 03:35:31,0.306
18993,2019-03-23 03:35:32,0.298
18994,2019-03-23 03:35:32,0.298
18995,2019-03-23 03:35:32,0.297
18996,2019-03-23 03:35:33,0.290
18997,2019-03-23 03:35:34,0.286
18998,2019-03-23 03:35:34,0.289
18999,2019-03-23 03:35:35,0.288
19000,2019-03-23 03:35:36,0.277
19001,2019-03-23 03:35:37,0.298
19002,2019-03-23 03:35:37,0.285
19003,2019-03-23 03:35:37,0.290
19004,2019-03-23 03:35:38,0.296
19005,2019-03-23 03:35:38,0.270
19006,2019-03-23 03:35:39,0.292
19007,2019-03-23 03:35:40,0.275
19008,2019-03-23 03:35:40,0.275
19009,2019-03-23 03:35:40,0.284
19010,2019-03-23 03:35:41,0.215
19011,2019-03-23 03:35:42,0.292
19012,2019-03-23 03:35:42,0.212
19013,2019-03-23 03:35:43,0.283
19014,2019-03-23 03:35:43,0.287
19015,2019-03-23 03:35:43,0.288
19016,2019-03-23 03:35:44,0.278
19017,2019-03-23 03:35:44,0.289
19018,2019-03-23 03:35:44,0.299
19019,2019-03-23 03:35:44,0.268
19020,2019-03-23 03:35:45,0.284
19021,2019-03-23 03:35:45,0.291
19022,2019-03-23 03:35:46,0.297
19023,2019-03-23 03:35:46,0.287
19024,2019-03-23 03:35:47,0.288
19025,2019-03-23 03:35:47,0.293
19026,2019-03-23 03:35:48,0.368
19027,2019-03-23 03:35:49,0.306
19028,2019-03-23 03:35:50,0.299
19029,2019-03-23 03:35:51,0.308
19030,2019-03-23 03:35:54,0.300
19031,2019-03-23 03:35:56,0.300
19032,2019-03-23 03:35:57,0.296
19033,2019-03-23 03:35:57,0.290
19034,2019-03-23 03:35:58,0.284
19035,2019-03-23 03:35:58,0.281
19036,2019-03-23 03:35:59,0.302
19037,2019-03-23 03:36:00,0.302
19038,2019-03-23 03:36:00,0.289
19039,2019-03-23 03:36:01,0.297
19040,2019-03-23 03:36:02,0.283
19041,2019-03-23 03:36:03,0.296
19042,2019-03-23 03:36:03,0.289
19043,2019-03-23 03:36:03,0.281
19044,2019-03-23 03:36:04,0.282
19045,2019-03-23 03:36:04,0.281
19046,2019-03-23 03:36:04,0.287
19047,2019-03-23 03:36:05,0.284
19048,2019-03-23 03:36:06,0.282
19049,2019-03-23 03:36:07,0.293
19050,2019-03-23 03:36:07,0.286
19051,2019-03-23 03:36:08,0.300
19052,2019-03-23 03:36:08,0.292
19053,2019-03-23 03:36:09,0.278
19054,2019-03-23 03:36:09,0.290
19055,2019-03-23 03:36:09,0.276
19056,2019-03-23 03:36:10,0.307
19057,2019-03-23 03:36:11,0.263
19058,2019-03-23 03:36:12,0.285
19059,2019-03-23 03:36:12,0.292
19060,2019-03-23 03:36:13,0.277
19061,2019-03-23 03:36:14,0.296
19062,2019-03-23 03:36:14,0.289
19063,2019-03-23 03:36:15,0.284
19064,2019-03-23 03:36:15,0.281
19065,2019-03-23 03:36:16,0.285
19066,2019-03-23 03:36:17,0.295
19067,2019-03-23 03:36:18,0.301
19068,2019-03-23 03:36:18,0.290
19069,2019-03-23 03:36:19,0.285
19070,2019-03-23 03:36:20,0.284
19071,2019-03-23 03:36:21,0.301
19072,2019-03-23 03:36:21,0.265
19073,2019-03-23 03:36:21,0.291
19074,2019-03-23 03:36:22,0.273
19075,2019-03-23 03:36:22,0.297
19076,2019-03-23 03:36:22,0.292
19077,2019-03-23 03:36:22,0.301
19078,2019-03-23 03:36:23,0.292
19079,2019-03-23 03:36:23,0.266
19080,2019-03-23 03:36:23,0.285
19081,2019-03-23 03:36:23,0.384
19082,2019-03-23 03:36:23,0.278
19083,2019-03-23 03:36:23,0.295
19084,2019-03-23 03:36:24,0.308
19085,2019-03-23 03:36:25,0.278
19086,2019-03-23 03:36:25,0.269
19087,2019-03-23 03:36:25,0.280
19088,2019-03-23 03:36:26,0.301
19089,2019-03-23 03:36:28,0.290
19090,2019-03-23 03:36:28,0.294
19091,2019-03-23 03:36:29,0.295
19092,2019-03-23 03:36:29,0.280
19093,2019-03-23 03:36:29,0.292
19094,2019-03-23 03:36:31,0.294
19095,2019-03-23 03:36:31,0.290
19096,2019-03-23 03:36:32,0.299
19097,2019-03-23 03:36:33,0.280
19098,2019-03-23 03:36:34,0.295
19099,2019-03-23 03:36:35,0.288
19100,2019-03-23 03:36:35,0.289
19101,2019-03-23 03:36:35,0.289
19102,2019-03-23 03:36:36,0.291
19103,2019-03-23 03:36:36,0.283
19104,2019-03-23 03:36:36,0.291
19105,2019-03-23 03:36:38,0.282
19106,2019-03-23 03:36:38,0.287
19107,2019-03-23 03:36:39,0.279
19108,2019-03-23 03:36:39,0.287
19109,2019-03-23 03:36:39,0.291
19110,2019-03-23 03:36:40,0.287
19111,2019-03-23 03:36:41,0.292
19112,2019-03-23 03:36:42,0.290
19113,2019-03-23 03:36:42,0.290
19114,2019-03-23 03:36:42,0.280
19115,2019-03-23 03:36:42,0.281
19116,2019-03-23 03:36:43,0.280
19117,2019-03-23 03:36:44,0.294
19118,2019-03-23 03:36:44,0.279
19119,2019-03-23 03:36:44,0.288
19120,2019-03-23 03:36:46,0.298
19121,2019-03-23 03:36:46,0.281
19122,2019-03-23 03:36:46,0.290
19123,2019-03-23 03:36:47,0.297
19124,2019-03-23 03:36:47,0.282
19125,2019-03-23 03:36:48,0.293
19126,2019-03-23 03:36:48,0.293
19127,2019-03-23 03:36:48,0.297
19128,2019-03-23 03:36:49,0.296
19129,2019-03-23 03:36:49,0.273
19130,2019-03-23 03:36:49,0.291
19131,2019-03-23 03:36:50,0.304
19132,2019-03-23 03:36:51,0.297
19133,2019-03-23 03:36:51,0.289
19134,2019-03-23 03:36:52,0.293
19135,2019-03-23 03:36:52,0.272
19136,2019-03-23 03:36:53,0.284
19137,2019-03-23 03:36:54,0.279
19138,2019-03-23 03:36:54,0.286
19139,2019-03-23 03:36:56,0.197
19140,2019-03-23 03:36:57,0.299
19141,2019-03-23 03:36:57,0.299
19142,2019-03-23 03:36:58,0.295
19143,2019-03-23 03:36:58,0.298
19144,2019-03-23 03:36:59,0.294
19145,2019-03-23 03:36:59,0.301
19146,2019-03-23 03:37:00,0.289
19147,2019-03-23 03:37:00,0.284
19148,2019-03-23 03:37:02,0.295
19149,2019-03-23 03:37:02,0.281
19150,2019-03-23 03:37:02,0.288
19151,2019-03-23 03:37:03,0.282
19152,2019-03-23 03:37:04,0.278
19153,2019-03-23 03:37:05,0.295
19154,2019-03-23 03:37:05,0.295
19155,2019-03-23 03:37:05,0.296
19156,2019-03-23 03:37:06,0.302
19157,2019-03-23 03:37:07,0.299
19158,2019-03-23 03:37:08,0.289
19159,2019-03-23 03:37:08,0.291
19160,2019-03-23 03:37:08,0.297
19161,2019-03-23 03:37:09,0.284
19162,2019-03-23 03:37:09,0.289
19163,2019-03-23 03:37:10,0.287
19164,2019-03-23 03:37:11,0.301
19165,2019-03-23 03:37:11,0.295
19166,2019-03-23 03:37:11,0.289
19167,2019-03-23 03:37:11,0.274
19168,2019-03-23 03:37:12,0.281
19169,2019-03-23 03:37:12,0.282
19170,2019-03-23 03:37:12,0.293
19171,2019-03-23 03:37:14,0.278
19172,2019-03-23 03:37:15,0.284
19173,2019-03-23 03:37:15,0.299
19174,2019-03-23 03:37:15,0.289
19175,2019-03-23 03:37:15,0.293
19176,2019-03-23 03:37:16,0.297
19177,2019-03-23 03:37:16,0.292
19178,2019-03-23 03:37:16,0.289
19179,2019-03-23 03:37:17,0.292
19180,2019-03-23 03:37:17,0.295
19181,2019-03-23 03:37:18,0.290
19182,2019-03-23 03:37:18,0.328
19183,2019-03-23 03:39:24,0.283
19184,2019-03-23 03:39:24,0.292
19185,2019-03-23 03:39:24,0.290
19186,2019-03-23 03:39:25,0.349
19187,2019-03-23 03:39:25,0.296
19188,2019-03-23 03:39:25,0.294
19189,2019-03-23 03:39:25,0.299
19190,2019-03-23 03:39:26,0.286
19191,2019-03-23 03:39:26,0.280
19192,2019-03-23 03:39:26,0.298
19193,2019-03-23 03:39:26,0.284
19194,2019-03-23 03:39:26,0.293
19195,2019-03-23 03:39:27,0.288
19196,2019-03-23 03:39:27,0.294
19197,2019-03-23 03:39:27,0.290
19198,2019-03-23 03:39:27,0.212
19199,2019-03-23 03:39:27,0.287
19200,2019-03-23 03:39:27,0.281
19201,2019-03-23 03:39:27,0.281
19202,2019-03-23 03:39:27,0.273
19203,2019-03-23 03:39:27,0.292
19204,2019-03-23 03:39:27,0.278
19205,2019-03-23 03:39:27,0.289
19206,2019-03-23 03:39:28,0.348
19207,2019-03-23 03:39:28,0.289
19208,2019-03-23 03:39:28,0.283
19209,2019-03-23 03:39:28,0.294
19210,2019-03-23 03:39:28,0.291
19211,2019-03-23 03:39:28,0.301
19212,2019-03-23 03:39:29,0.274
19213,2019-03-23 03:39:29,0.290
19214,2019-03-23 03:39:29,0.281
19215,2019-03-23 03:39:29,0.300
19216,2019-03-23 03:39:29,0.285
19217,2019-03-23 03:39:29,0.283
19218,2019-03-23 03:39:30,0.287
19219,2019-03-23 03:39:30,0.285
19220,2019-03-23 03:39:30,0.288
19221,2019-03-23 03:39:30,0.286
19222,2019-03-23 03:39:30,0.296
19223,2019-03-23 03:39:31,0.284
19224,2019-03-23 03:39:31,0.301
19225,2019-03-23 03:39:32,0.288
19226,2019-03-23 03:39:32,0.296
19227,2019-03-23 03:39:33,0.280
19228,2019-03-23 03:39:33,0.286
19229,2019-03-23 03:39:33,0.298
19230,2019-03-23 03:39:33,0.299
19231,2019-03-23 03:39:34,0.301
19232,2019-03-23 03:39:34,0.277
19233,2019-03-23 03:39:35,0.290
19234,2019-03-23 03:39:36,0.284
19235,2019-03-23 03:39:36,0.439
19236,2019-03-23 03:39:36,0.289
19237,2019-03-23 03:39:36,0.286
19238,2019-03-23 03:39:37,0.285
19239,2019-03-23 03:39:37,0.296
19240,2019-03-23 03:39:38,0.305
19241,2019-03-23 03:39:38,0.287
19242,2019-03-23 03:39:38,0.287
19243,2019-03-23 03:39:38,0.278
19244,2019-03-23 03:39:39,0.303
19245,2019-03-23 03:39:39,0.293
19246,2019-03-23 03:39:40,0.286
19247,2019-03-23 03:39:40,0.296
19248,2019-03-23 03:39:40,0.292
19249,2019-03-23 03:39:40,0.284
19250,2019-03-23 03:39:40,0.287
19251,2019-03-23 03:39:41,0.281
19252,2019-03-23 03:39:41,0.295
19253,2019-03-23 03:39:42,0.305
19254,2019-03-23 03:39:42,0.298
19255,2019-03-23 03:39:42,0.286
19256,2019-03-23 03:39:42,0.294
19257,2019-03-23 03:39:43,0.280
19258,2019-03-23 03:39:43,0.289
19259,2019-03-23 03:39:43,0.294
19260,2019-03-23 03:39:43,0.287
19261,2019-03-23 03:39:43,0.294
19262,2019-03-23 03:39:43,0.282
19263,2019-03-23 03:39:44,0.288
19264,2019-03-23 03:39:44,0.294
19265,2019-03-23 03:39:44,0.279
19266,2019-03-23 03:39:44,0.266
19267,2019-03-23 03:39:44,0.293
19268,2019-03-23 03:39:45,0.288
19269,2019-03-23 03:39:45,0.285
19270,2019-03-23 03:39:45,0.314
19271,2019-03-23 03:39:46,0.283
19272,2019-03-23 03:39:46,0.296
19273,2019-03-23 03:39:46,0.300
19274,2019-03-23 03:39:47,0.281
19275,2019-03-23 03:39:47,0.278
19276,2019-03-23 03:39:47,0.275
19277,2019-03-23 03:39:47,0.294
19278,2019-03-23 03:39:48,0.295
19279,2019-03-23 03:39:49,0.294
19280,2019-03-23 03:39:49,0.278
19281,2019-03-23 03:39:49,0.305
19282,2019-03-23 03:39:50,0.288
19283,2019-03-23 03:39:50,0.281
19284,2019-03-23 03:39:50,0.287
19285,2019-03-23 03:39:50,0.304
19286,2019-03-23 03:39:50,0.281
19287,2019-03-23 03:39:51,0.302
19288,2019-03-23 03:39:51,0.293
19289,2019-03-23 03:39:52,0.291
19290,2019-03-23 03:39:53,0.286
19291,2019-03-23 03:39:54,0.299
19292,2019-03-23 03:39:54,0.284
19293,2019-03-23 03:39:54,0.294
19294,2019-03-23 03:39:55,0.296
19295,2019-03-23 03:39:55,0.275
19296,2019-03-23 03:39:56,0.293
19297,2019-03-23 03:39:57,0.287
19298,2019-03-23 03:39:57,0.283
19299,2019-03-23 03:39:58,0.292
19300,2019-03-23 03:39:58,0.297
19301,2019-03-23 03:39:58,0.287
19302,2019-03-23 03:39:59,0.311
19303,2019-03-23 03:39:59,0.298
19304,2019-03-23 03:40:00,0.292
19305,2019-03-23 03:40:00,0.301
19306,2019-03-23 03:40:02,0.307
19307,2019-03-23 03:40:02,0.294
19308,2019-03-23 03:40:02,0.286
19309,2019-03-23 03:40:03,0.292
19310,2019-03-23 03:40:03,0.275
19311,2019-03-23 03:40:04,0.280
19312,2019-03-23 03:40:04,0.308
19313,2019-03-23 03:40:04,0.280
19314,2019-03-23 03:40:04,0.278
19315,2019-03-23 03:40:05,0.288
19316,2019-03-23 03:40:05,0.287
19317,2019-03-23 03:40:05,0.287
19318,2019-03-23 03:40:06,0.273
19319,2019-03-23 03:40:07,0.309
19320,2019-03-23 03:40:07,0.290
19321,2019-03-23 03:40:07,0.272
19322,2019-03-23 03:40:07,0.282
19323,2019-03-23 03:40:08,0.290
19324,2019-03-23 03:40:09,0.283
19325,2019-03-23 03:40:09,0.300
19326,2019-03-23 03:40:10,0.275
19327,2019-03-23 03:40:11,0.293
19328,2019-03-23 03:40:11,0.300
19329,2019-03-23 03:40:12,0.281
19330,2019-03-23 03:40:13,0.280
19331,2019-03-23 03:40:14,0.288
19332,2019-03-23 03:40:14,0.303
19333,2019-03-23 03:40:15,0.306
19334,2019-03-23 03:40:15,0.294
19335,2019-03-23 03:40:16,0.289
19336,2019-03-23 03:40:17,0.300
19337,2019-03-23 03:40:17,0.310
19338,2019-03-23 03:40:17,0.280
19339,2019-03-23 03:40:18,0.281
19340,2019-03-23 03:40:18,0.286
19341,2019-03-23 03:40:19,0.292
19342,2019-03-23 03:40:24,0.295
19343,2019-03-23 03:40:24,0.282
19344,2019-03-23 03:40:24,0.296
19345,2019-03-23 03:40:25,0.280
19346,2019-03-23 03:40:25,0.261
19347,2019-03-23 03:40:25,0.289
19348,2019-03-23 03:40:25,0.280
19349,2019-03-23 03:40:26,0.288
19350,2019-03-23 03:40:27,0.296
19351,2019-03-23 03:40:27,0.285
19352,2019-03-23 03:40:27,0.295
19353,2019-03-23 03:40:28,0.293
19354,2019-03-23 03:40:28,0.289
19355,2019-03-23 03:40:29,0.291
19356,2019-03-23 03:40:29,0.290
19357,2019-03-23 03:40:30,0.295
19358,2019-03-23 03:40:31,0.286
19359,2019-03-23 03:40:32,0.297
19360,2019-03-23 03:40:32,0.293
19361,2019-03-23 03:40:33,0.279
19362,2019-03-23 03:40:33,0.291
19363,2019-03-23 03:40:33,0.309
19364,2019-03-23 03:40:33,0.292
19365,2019-03-23 03:40:34,0.297
19366,2019-03-23 03:40:35,0.286
19367,2019-03-23 03:40:35,0.283
19368,2019-03-23 03:40:36,0.289
19369,2019-03-23 03:40:36,0.282
19370,2019-03-23 03:40:37,0.294
19371,2019-03-23 03:40:37,0.292
19372,2019-03-23 03:40:40,0.287
19373,2019-03-23 03:40:41,0.287
19374,2019-03-23 03:40:41,0.304
19375,2019-03-23 03:40:42,0.277
19376,2019-03-23 03:40:44,0.290
19377,2019-03-23 03:40:45,0.283
19378,2019-03-23 03:40:46,0.286
19379,2019-03-23 03:40:47,0.298
19380,2019-03-23 03:40:47,0.296
19381,2019-03-23 03:40:47,0.285
19382,2019-03-23 03:40:49,0.300
19383,2019-03-23 03:40:49,0.278
19384,2019-03-23 03:40:49,0.293
19385,2019-03-23 03:40:49,0.279
19386,2019-03-23 03:40:51,0.214
19387,2019-03-23 03:40:51,0.292
19388,2019-03-23 03:40:52,0.293
19389,2019-03-23 03:40:52,0.285
19390,2019-03-23 03:40:52,0.278
19391,2019-03-23 03:40:52,0.296
19392,2019-03-23 03:40:53,0.292
19393,2019-03-23 03:40:53,0.290
19394,2019-03-23 03:40:55,0.292
19395,2019-03-23 03:40:56,0.287
19396,2019-03-23 03:40:57,0.285
19397,2019-03-23 03:40:57,0.290
19398,2019-03-23 03:40:57,0.293
19399,2019-03-23 03:40:57,0.292
19400,2019-03-23 03:40:58,0.289
19401,2019-03-23 03:40:58,0.279
19402,2019-03-23 03:40:58,0.213
19403,2019-03-23 03:40:59,0.300
19404,2019-03-23 03:40:59,0.291
19405,2019-03-23 03:41:01,0.292
19406,2019-03-23 03:41:02,0.284
19407,2019-03-23 03:41:03,0.280
19408,2019-03-23 03:41:04,0.290
19409,2019-03-23 03:41:05,0.293
19410,2019-03-23 03:41:05,0.297
19411,2019-03-23 03:41:06,0.289
19412,2019-03-23 03:41:07,0.294
19413,2019-03-23 03:41:07,0.289
19414,2019-03-23 03:41:09,0.298
19415,2019-03-23 03:41:09,0.293
19416,2019-03-23 03:41:10,0.285
19417,2019-03-23 03:41:10,0.296
19418,2019-03-23 03:41:10,0.297
19419,2019-03-23 03:41:10,0.267
19420,2019-03-23 03:41:11,0.289
19421,2019-03-23 03:41:11,0.293
19422,2019-03-23 03:41:12,0.287
19423,2019-03-23 03:41:12,0.290
19424,2019-03-23 03:41:13,0.285
19425,2019-03-23 03:41:13,0.283
19426,2019-03-23 03:41:14,0.281
19427,2019-03-23 03:41:14,0.284
19428,2019-03-23 03:41:14,0.287
19429,2019-03-23 03:41:14,0.292
19430,2019-03-23 03:41:15,0.282
19431,2019-03-23 03:41:15,0.294
19432,2019-03-23 03:41:16,0.286
19433,2019-03-23 03:41:17,0.295
19434,2019-03-23 03:41:17,0.283
19435,2019-03-23 03:41:18,0.288
19436,2019-03-23 03:41:18,0.298
19437,2019-03-23 03:41:18,0.289
19438,2019-03-23 03:41:19,0.276
19439,2019-03-23 03:41:20,0.291
19440,2019-03-23 03:41:20,0.282
19441,2019-03-23 03:41:21,0.290
19442,2019-03-23 03:41:24,0.288
19443,2019-03-23 03:41:24,0.293
19444,2019-03-23 03:41:25,0.289
19445,2019-03-23 03:41:25,0.291
19446,2019-03-23 03:41:25,0.284
19447,2019-03-23 03:41:25,0.218
19448,2019-03-23 03:41:26,0.301
19449,2019-03-23 03:41:27,0.289
19450,2019-03-23 03:41:27,0.286
19451,2019-03-23 03:41:28,0.302
19452,2019-03-23 03:41:29,0.293
19453,2019-03-23 03:41:30,0.298
19454,2019-03-23 03:41:30,0.305
19455,2019-03-23 03:41:31,0.291
19456,2019-03-23 03:41:31,0.284
19457,2019-03-23 03:41:32,0.288
19458,2019-03-23 03:41:33,0.281
19459,2019-03-23 03:41:33,0.278
19460,2019-03-23 03:41:34,0.289
19461,2019-03-23 03:41:34,0.297
19462,2019-03-23 03:41:35,0.302
19463,2019-03-23 03:41:36,0.289
19464,2019-03-23 03:41:36,0.285
19465,2019-03-23 03:41:37,0.287
19466,2019-03-23 03:41:37,0.305
19467,2019-03-23 03:41:38,0.285
19468,2019-03-23 03:41:39,0.291
19469,2019-03-23 03:41:39,0.295
19470,2019-03-23 03:41:39,0.286
19471,2019-03-23 03:41:39,0.305
19472,2019-03-23 03:41:40,0.287
19473,2019-03-23 03:41:40,0.285
19474,2019-03-23 03:41:41,0.273
19475,2019-03-23 03:41:41,0.318
19476,2019-03-23 03:41:41,0.294
19477,2019-03-23 03:41:42,0.290
19478,2019-03-23 03:41:42,0.294
19479,2019-03-23 03:41:42,0.290
19480,2019-03-23 03:41:42,0.283
19481,2019-03-23 03:41:44,0.291
19482,2019-03-23 03:41:44,0.279
19483,2019-03-23 03:41:44,0.283
19484,2019-03-23 03:41:45,0.289
19485,2019-03-23 03:41:45,0.309
19486,2019-03-23 03:41:45,0.291
19487,2019-03-23 03:41:45,0.280
19488,2019-03-23 03:41:47,0.303
19489,2019-03-23 03:41:47,0.290
19490,2019-03-23 03:41:48,0.283
19491,2019-03-23 03:41:49,0.292
19492,2019-03-23 03:41:49,0.304
19493,2019-03-23 03:41:49,0.277
19494,2019-03-23 03:41:49,0.289
19495,2019-03-23 03:41:49,0.289
19496,2019-03-23 03:41:49,0.277
19497,2019-03-23 03:41:49,0.280
19498,2019-03-23 03:41:49,0.297
19499,2019-03-23 03:41:52,0.289
19500,2019-03-23 03:41:52,0.289
19501,2019-03-23 03:41:52,0.285
19502,2019-03-23 03:41:53,0.288
19503,2019-03-23 03:41:54,0.404
19504,2019-03-23 03:41:56,0.305
19505,2019-03-23 03:41:57,0.276
19506,2019-03-23 03:41:57,0.283
19507,2019-03-23 03:41:57,0.282
19508,2019-03-23 03:41:58,0.290
19509,2019-03-23 03:41:59,0.274
19510,2019-03-23 03:41:59,0.296
19511,2019-03-23 03:41:59,0.288
19512,2019-03-23 03:42:00,0.304
19513,2019-03-23 03:42:02,0.274
19514,2019-03-23 03:42:02,0.296
19515,2019-03-23 03:42:03,0.288
19516,2019-03-23 03:42:03,0.292
19517,2019-03-23 03:42:03,0.292
19518,2019-03-23 03:42:03,0.292
19519,2019-03-23 03:42:04,0.292
19520,2019-03-23 03:42:05,0.294
19521,2019-03-23 03:42:05,0.296
19522,2019-03-23 03:42:05,0.278
19523,2019-03-23 03:42:06,0.292
19524,2019-03-23 03:42:07,0.302
19525,2019-03-23 03:42:07,0.287
19526,2019-03-23 03:42:07,0.303
19527,2019-03-23 03:42:08,0.298
19528,2019-03-23 03:42:08,0.282
19529,2019-03-23 03:42:09,0.282
19530,2019-03-23 03:42:10,0.282
19531,2019-03-23 03:42:10,0.284
19532,2019-03-23 03:42:10,0.283
19533,2019-03-23 03:42:11,0.293
19534,2019-03-23 03:42:11,0.293
19535,2019-03-23 03:42:13,0.290
19536,2019-03-23 03:42:14,0.307
19537,2019-03-23 03:42:14,0.292
19538,2019-03-23 03:42:15,0.294
19539,2019-03-23 03:42:16,0.291
19540,2019-03-23 03:42:16,0.295
19541,2019-03-23 03:42:16,0.301
19542,2019-03-23 03:42:17,0.293
19543,2019-03-23 03:42:18,0.290
19544,2019-03-23 03:42:18,0.294
19545,2019-03-23 03:42:19,0.292
19546,2019-03-23 03:42:21,0.281
19547,2019-03-23 03:42:21,0.290
19548,2019-03-23 03:42:22,0.300
19549,2019-03-23 03:42:23,0.288
19550,2019-03-23 03:42:23,0.277
19551,2019-03-23 03:42:24,0.286
19552,2019-03-23 03:42:24,0.299
19553,2019-03-23 03:42:26,0.288
19554,2019-03-23 03:42:26,0.285
19555,2019-03-23 03:42:26,0.279
19556,2019-03-23 03:42:27,0.287
19557,2019-03-23 03:42:27,0.294
19558,2019-03-23 03:42:28,0.296
19559,2019-03-23 03:42:29,0.293
19560,2019-03-23 03:42:29,0.305
19561,2019-03-23 03:42:30,0.277
19562,2019-03-23 03:42:30,0.278
19563,2019-03-23 03:42:30,0.293
19564,2019-03-23 03:42:30,0.278
19565,2019-03-23 03:42:31,0.276
19566,2019-03-23 03:42:31,0.294
19567,2019-03-23 03:42:32,0.298
19568,2019-03-23 03:42:33,0.288
19569,2019-03-23 03:42:33,0.300
19570,2019-03-23 03:42:33,0.287
19571,2019-03-23 03:42:34,0.293
19572,2019-03-23 03:42:35,0.294
19573,2019-03-23 03:42:35,0.293
19574,2019-03-23 03:42:35,0.287
19575,2019-03-23 03:42:37,0.288
19576,2019-03-23 03:42:38,0.290
19577,2019-03-23 03:42:38,0.279
19578,2019-03-23 03:42:38,0.306
19579,2019-03-23 03:42:39,0.293
19580,2019-03-23 03:42:40,0.291
19581,2019-03-23 03:42:40,0.287
19582,2019-03-23 03:42:41,0.293
19583,2019-03-23 03:42:41,0.285
19584,2019-03-23 03:42:41,0.292
19585,2019-03-23 03:42:42,0.291
19586,2019-03-23 03:42:43,0.294
19587,2019-03-23 03:42:43,0.280
19588,2019-03-23 03:42:43,0.294
19589,2019-03-23 03:42:44,0.286
19590,2019-03-23 03:42:44,0.282
19591,2019-03-23 03:42:44,0.284
19592,2019-03-23 03:42:45,0.281
19593,2019-03-23 03:42:45,0.279
19594,2019-03-23 03:42:46,0.397
19595,2019-03-23 03:42:46,0.286
19596,2019-03-23 03:42:47,0.287
19597,2019-03-23 03:42:48,0.286
19598,2019-03-23 03:42:49,0.279
19599,2019-03-23 03:42:49,0.286
19600,2019-03-23 03:42:49,0.274
19601,2019-03-23 03:42:50,0.289
19602,2019-03-23 03:42:50,0.298
19603,2019-03-23 03:42:50,0.275
19604,2019-03-23 03:42:50,0.285
19605,2019-03-23 03:42:51,0.292
19606,2019-03-23 03:42:51,0.280
19607,2019-03-23 03:42:51,0.283
19608,2019-03-23 03:42:52,0.296
19609,2019-03-23 03:42:52,0.288
19610,2019-03-23 03:42:53,0.287
19611,2019-03-23 03:42:53,0.287
19612,2019-03-23 03:42:53,0.305
19613,2019-03-23 03:42:54,0.285
19614,2019-03-23 03:42:54,0.278
19615,2019-03-23 03:42:54,0.293
19616,2019-03-23 03:42:55,0.298
19617,2019-03-23 03:42:56,0.292
19618,2019-03-23 03:42:57,0.282
19619,2019-03-23 03:42:58,0.294
19620,2019-03-23 03:42:58,0.271
19621,2019-03-23 03:42:59,0.281
19622,2019-03-23 03:42:59,0.300
19623,2019-03-23 03:42:59,0.290
19624,2019-03-23 03:42:59,0.299
19625,2019-03-23 03:42:59,0.292
19626,2019-03-23 03:43:00,0.291
19627,2019-03-23 03:43:00,0.288
19628,2019-03-23 03:43:01,0.271
19629,2019-03-23 03:43:01,0.298
19630,2019-03-23 03:43:02,0.280
19631,2019-03-23 03:43:02,0.297
19632,2019-03-23 03:43:03,0.278
19633,2019-03-23 03:43:06,0.439
19634,2019-03-23 03:43:06,0.302
19635,2019-03-23 03:43:06,0.278
19636,2019-03-23 03:43:08,0.283
19637,2019-03-23 03:43:08,0.295
19638,2019-03-23 03:43:10,0.277
19639,2019-03-23 03:43:10,0.284
19640,2019-03-23 03:43:11,0.280
19641,2019-03-23 03:43:11,0.302
19642,2019-03-23 03:43:11,0.287
19643,2019-03-23 03:43:11,0.293
19644,2019-03-23 03:43:12,0.296
19645,2019-03-23 03:43:12,0.299
19646,2019-03-23 03:43:12,0.281
19647,2019-03-23 03:43:13,0.306
19648,2019-03-23 03:43:13,0.296
19649,2019-03-23 03:43:15,0.289
19650,2019-03-23 03:43:15,0.287
19651,2019-03-23 03:43:15,0.287
19652,2019-03-23 03:43:15,0.295
19653,2019-03-23 03:43:17,0.305
19654,2019-03-23 03:43:17,0.297
19655,2019-03-23 03:43:17,0.290
19656,2019-03-23 03:43:17,0.284
19657,2019-03-23 03:43:18,0.289
19658,2019-03-23 03:43:18,0.281
19659,2019-03-23 03:43:18,0.275
19660,2019-03-23 03:43:19,0.286
19661,2019-03-23 03:43:22,0.283
19662,2019-03-23 03:43:22,0.208
19663,2019-03-23 03:43:22,0.290
19664,2019-03-23 03:43:23,0.302
19665,2019-03-23 03:43:25,0.279
19666,2019-03-23 03:43:25,0.281
19667,2019-03-23 03:43:27,0.300
19668,2019-03-23 03:43:27,0.285
19669,2019-03-23 03:43:27,0.282
19670,2019-03-23 03:43:28,0.284
19671,2019-03-23 03:43:28,0.286
19672,2019-03-23 03:43:29,0.272
19673,2019-03-23 03:43:29,0.310
19674,2019-03-23 03:43:29,0.280
19675,2019-03-23 03:43:30,0.280
19676,2019-03-23 03:43:32,0.294
19677,2019-03-23 03:43:32,0.284
19678,2019-03-23 03:43:33,0.296
19679,2019-03-23 03:43:33,0.281
19680,2019-03-23 03:43:33,0.295
19681,2019-03-23 03:43:33,0.300
19682,2019-03-23 03:43:34,0.278
19683,2019-03-23 03:43:35,0.296
19684,2019-03-23 03:43:35,0.301
19685,2019-03-23 03:43:35,0.310
19686,2019-03-23 03:43:36,0.283
19687,2019-03-23 03:43:37,0.290
19688,2019-03-23 03:43:38,0.293
19689,2019-03-23 03:43:38,0.292
19690,2019-03-23 03:43:39,0.348
19691,2019-03-23 03:43:39,0.294
19692,2019-03-23 03:43:39,0.283
19693,2019-03-23 03:43:40,0.283
19694,2019-03-23 03:43:40,0.301
19695,2019-03-23 03:43:41,0.295
19696,2019-03-23 03:43:41,0.297
19697,2019-03-23 03:43:42,0.299
19698,2019-03-23 03:43:42,0.285
19699,2019-03-23 03:43:43,0.228
19700,2019-03-23 03:43:44,0.270
19701,2019-03-23 03:43:45,0.293
19702,2019-03-23 03:43:45,0.298
19703,2019-03-23 03:43:45,0.294
19704,2019-03-23 03:43:47,0.298
19705,2019-03-23 03:43:47,0.287
19706,2019-03-23 03:43:47,0.295
19707,2019-03-23 03:43:48,0.287
19708,2019-03-23 03:43:48,0.297
19709,2019-03-23 03:43:49,0.264
19710,2019-03-23 03:43:49,0.205
19711,2019-03-23 03:43:49,0.288
19712,2019-03-23 03:43:51,0.304
19713,2019-03-23 03:43:51,0.289
19714,2019-03-23 03:43:52,0.283
19715,2019-03-23 03:43:52,0.292
19716,2019-03-23 03:43:52,0.288
19717,2019-03-23 03:43:53,0.285
19718,2019-03-23 03:43:53,0.289
19719,2019-03-23 03:43:54,0.278
19720,2019-03-23 03:43:54,0.291
19721,2019-03-23 03:43:54,0.292
19722,2019-03-23 03:43:55,0.322
19723,2019-03-23 03:43:56,0.296
19724,2019-03-23 03:43:57,0.297
19725,2019-03-23 03:43:57,0.292
19726,2019-03-23 03:43:58,0.278
19727,2019-03-23 03:43:58,0.279
19728,2019-03-23 03:43:58,0.289
19729,2019-03-23 03:43:58,0.295
19730,2019-03-23 03:43:59,0.286
19731,2019-03-23 03:43:59,0.288
19732,2019-03-23 03:43:59,0.283
19733,2019-03-23 03:43:59,0.290
19734,2019-03-23 03:44:00,0.285
19735,2019-03-23 03:44:01,0.283
19736,2019-03-23 03:44:01,0.290
19737,2019-03-23 03:44:02,0.291
19738,2019-03-23 03:44:02,0.280
19739,2019-03-23 03:44:03,0.281
19740,2019-03-23 03:44:03,0.280
19741,2019-03-23 03:44:04,0.290
19742,2019-03-23 03:44:04,0.273
19743,2019-03-23 03:44:04,0.287
19744,2019-03-23 03:44:04,0.285
19745,2019-03-23 03:44:05,0.297
19746,2019-03-23 03:44:06,0.292
19747,2019-03-23 03:44:06,0.294
19748,2019-03-23 03:44:06,0.278
19749,2019-03-23 03:44:06,0.299
19750,2019-03-23 03:44:07,0.305
19751,2019-03-23 03:44:07,0.279
19752,2019-03-23 03:44:08,0.292
19753,2019-03-23 03:44:09,0.283
19754,2019-03-23 03:44:09,0.291
19755,2019-03-23 03:44:10,0.293
19756,2019-03-23 03:44:10,0.291
19757,2019-03-23 03:44:11,0.283
19758,2019-03-23 03:44:12,0.290
19759,2019-03-23 03:44:12,0.289
19760,2019-03-23 03:44:13,0.290
19761,2019-03-23 03:44:13,0.281
19762,2019-03-23 03:44:14,0.292
19763,2019-03-23 03:44:14,0.302
19764,2019-03-23 03:44:14,0.291
19765,2019-03-23 03:44:14,0.291
19766,2019-03-23 03:44:15,0.306
19767,2019-03-23 03:44:16,0.285
19768,2019-03-23 03:44:16,0.298
19769,2019-03-23 03:44:16,0.294
19770,2019-03-23 03:44:17,0.293
19771,2019-03-23 03:44:17,0.279
19772,2019-03-23 03:44:17,0.291
19773,2019-03-23 03:44:17,0.286
19774,2019-03-23 03:44:18,0.289
19775,2019-03-23 03:44:19,0.290
19776,2019-03-23 03:44:19,0.282
19777,2019-03-23 03:44:20,0.300
19778,2019-03-23 03:44:21,0.292
19779,2019-03-23 03:44:22,0.294
19780,2019-03-23 03:44:24,0.303
19781,2019-03-23 03:44:24,0.287
19782,2019-03-23 03:44:25,0.285
19783,2019-03-23 03:44:26,0.289
19784,2019-03-23 03:44:26,0.291
19785,2019-03-23 03:44:27,0.306
19786,2019-03-23 03:44:27,0.290
19787,2019-03-23 03:44:28,0.288
19788,2019-03-23 03:44:29,0.286
19789,2019-03-23 03:44:29,0.298
19790,2019-03-23 03:44:29,0.290
19791,2019-03-23 03:44:30,0.288
19792,2019-03-23 03:44:30,0.285
19793,2019-03-23 03:44:30,0.288
19794,2019-03-23 03:44:31,0.285
19795,2019-03-23 03:44:32,0.300
19796,2019-03-23 03:44:32,0.291
19797,2019-03-23 03:44:32,0.261
19798,2019-03-23 03:44:33,0.290
19799,2019-03-23 03:44:33,0.282
19800,2019-03-23 03:44:34,0.287
19801,2019-03-23 03:44:34,0.304
19802,2019-03-23 03:44:35,0.292
19803,2019-03-23 03:44:35,0.281
19804,2019-03-23 03:44:35,0.280
19805,2019-03-23 03:44:36,0.307
19806,2019-03-23 03:44:36,0.299
19807,2019-03-23 03:44:37,0.289
19808,2019-03-23 03:44:37,0.298
19809,2019-03-23 03:44:38,0.291
19810,2019-03-23 03:44:39,0.213
19811,2019-03-23 03:44:40,0.290
19812,2019-03-23 03:44:41,0.300
19813,2019-03-23 03:44:41,0.297
19814,2019-03-23 03:44:41,0.287
19815,2019-03-23 03:44:42,0.294
19816,2019-03-23 03:44:44,0.285
19817,2019-03-23 03:44:44,0.213
19818,2019-03-23 03:44:44,0.290
19819,2019-03-23 03:44:46,0.286
19820,2019-03-23 03:44:46,0.301
19821,2019-03-23 03:44:46,0.291
19822,2019-03-23 03:44:47,0.304
19823,2019-03-23 03:44:47,0.288
19824,2019-03-23 03:44:48,0.293
19825,2019-03-23 03:44:48,0.290
19826,2019-03-23 03:44:49,0.301
19827,2019-03-23 03:44:49,0.289
19828,2019-03-23 03:44:50,0.291
19829,2019-03-23 03:44:50,0.291
19830,2019-03-23 03:44:50,0.289
19831,2019-03-23 03:44:51,0.293
19832,2019-03-23 03:44:51,0.289
19833,2019-03-23 03:44:51,0.292
19834,2019-03-23 03:44:51,0.303
19835,2019-03-23 03:44:52,0.294
19836,2019-03-23 03:44:53,0.298
19837,2019-03-23 03:44:53,0.308
19838,2019-03-23 03:44:54,0.311
19839,2019-03-23 03:44:54,0.288
19840,2019-03-23 03:44:54,0.287
19841,2019-03-23 03:44:55,0.296
19842,2019-03-23 03:44:55,0.282
19843,2019-03-23 03:44:55,0.293
19844,2019-03-23 03:44:56,0.309
19845,2019-03-23 03:44:57,0.297
19846,2019-03-23 03:44:57,0.293
19847,2019-03-23 03:44:57,0.287
19848,2019-03-23 03:44:58,0.288
19849,2019-03-23 03:44:58,0.343
19850,2019-03-23 03:45:00,0.294
19851,2019-03-23 03:45:00,0.295
19852,2019-03-23 03:45:00,0.293
19853,2019-03-23 03:45:01,0.278
19854,2019-03-23 03:45:01,0.282
19855,2019-03-23 03:45:01,0.296
19856,2019-03-23 03:45:01,0.291
19857,2019-03-23 03:45:01,0.282
19858,2019-03-23 03:45:02,0.295
19859,2019-03-23 03:45:02,0.281
19860,2019-03-23 03:45:03,0.281
19861,2019-03-23 03:45:03,0.291
19862,2019-03-23 03:45:04,0.294
19863,2019-03-23 03:45:04,0.305
19864,2019-03-23 03:45:05,0.282
19865,2019-03-23 03:45:05,0.279
19866,2019-03-23 03:45:05,0.292
19867,2019-03-23 03:45:06,0.297
19868,2019-03-23 03:45:07,0.293
19869,2019-03-23 03:45:07,0.285
19870,2019-03-23 03:45:07,0.296
19871,2019-03-23 03:45:08,0.288
19872,2019-03-23 03:45:09,0.300
19873,2019-03-23 03:45:09,0.288
19874,2019-03-23 03:45:10,0.282
19875,2019-03-23 03:45:10,0.275
19876,2019-03-23 03:45:10,0.285
19877,2019-03-23 03:45:11,0.293
19878,2019-03-23 03:45:12,0.296
19879,2019-03-23 03:45:13,0.281
19880,2019-03-23 03:45:14,0.304
19881,2019-03-23 03:45:15,0.286
19882,2019-03-23 03:45:16,0.279
19883,2019-03-23 03:45:17,0.294
19884,2019-03-23 03:45:17,0.288
19885,2019-03-23 03:45:18,0.300
19886,2019-03-23 03:45:19,0.290
19887,2019-03-23 03:45:20,0.289
19888,2019-03-23 03:45:21,0.287
19889,2019-03-23 03:45:21,0.291
19890,2019-03-23 03:45:22,0.300
19891,2019-03-23 03:45:23,0.280
19892,2019-03-23 03:45:24,0.276
19893,2019-03-23 03:45:24,0.299
19894,2019-03-23 03:45:25,0.288
19895,2019-03-23 03:45:25,0.291
19896,2019-03-23 03:45:25,0.288
19897,2019-03-23 03:45:26,0.285
19898,2019-03-23 03:45:27,0.291
19899,2019-03-23 03:45:28,0.287
19900,2019-03-23 03:45:28,0.292
19901,2019-03-23 03:45:28,0.291
19902,2019-03-23 03:45:29,0.294
19903,2019-03-23 03:45:29,0.279
19904,2019-03-23 03:45:30,0.287
19905,2019-03-23 03:45:32,0.300
19906,2019-03-23 03:45:33,0.282
19907,2019-03-23 03:45:34,0.300
19908,2019-03-23 03:45:34,0.289
19909,2019-03-23 03:45:34,0.290
19910,2019-03-23 03:45:35,0.286
19911,2019-03-23 03:45:35,0.425
19912,2019-03-23 03:45:35,0.281
19913,2019-03-23 03:45:36,0.292
19914,2019-03-23 03:45:36,0.299
19915,2019-03-23 03:45:37,0.376
19916,2019-03-23 03:45:37,0.213
19917,2019-03-23 03:45:37,0.281
19918,2019-03-23 03:45:37,0.278
19919,2019-03-23 03:45:38,0.284
19920,2019-03-23 03:45:38,0.298
19921,2019-03-23 03:45:38,0.275
19922,2019-03-23 03:45:38,0.283
19923,2019-03-23 03:45:38,0.284
19924,2019-03-23 03:45:39,0.292
19925,2019-03-23 03:45:39,0.291
19926,2019-03-23 03:45:40,0.292
19927,2019-03-23 03:45:41,0.282
19928,2019-03-23 03:45:42,0.285
19929,2019-03-23 03:45:42,0.296
19930,2019-03-23 03:45:43,0.285
19931,2019-03-23 03:45:43,0.275
19932,2019-03-23 03:45:44,0.284
19933,2019-03-23 03:45:45,0.292
19934,2019-03-23 03:45:46,0.292
19935,2019-03-23 03:45:47,0.288
19936,2019-03-23 03:45:48,0.298
19937,2019-03-23 03:45:48,0.283
19938,2019-03-23 03:45:49,0.302
19939,2019-03-23 03:45:50,0.303
19940,2019-03-23 03:45:50,0.294
19941,2019-03-23 03:45:50,0.289
19942,2019-03-23 03:45:50,0.296
19943,2019-03-23 03:45:51,0.309
19944,2019-03-23 03:45:51,0.288
19945,2019-03-23 03:45:53,0.290
19946,2019-03-23 03:45:53,0.278
19947,2019-03-23 03:45:54,0.285
19948,2019-03-23 03:45:54,0.283
19949,2019-03-23 03:45:55,0.389
19950,2019-03-23 03:45:55,0.288
19951,2019-03-23 03:45:56,0.290
19952,2019-03-23 03:45:58,0.275
19953,2019-03-23 03:45:58,0.287
19954,2019-03-23 03:46:00,0.283
19955,2019-03-23 03:46:00,0.300
19956,2019-03-23 03:46:02,0.292
19957,2019-03-23 03:46:02,0.295
19958,2019-03-23 03:46:02,0.298
19959,2019-03-23 03:46:02,0.310
19960,2019-03-23 03:46:03,0.291
19961,2019-03-23 03:46:03,0.291
19962,2019-03-23 03:46:03,0.299
19963,2019-03-23 03:46:04,0.298
19964,2019-03-23 03:46:05,0.299
19965,2019-03-23 03:46:05,0.265
19966,2019-03-23 03:46:05,0.300
19967,2019-03-23 03:48:30,0.282
19968,2019-03-23 03:48:30,0.301
19969,2019-03-23 03:48:31,0.282
19970,2019-03-23 03:48:31,0.287
19971,2019-03-23 03:48:31,0.291
19972,2019-03-23 03:48:31,0.282
19973,2019-03-23 03:48:31,0.289
19974,2019-03-23 03:48:32,0.283
19975,2019-03-23 03:48:32,0.288
19976,2019-03-23 03:48:32,0.282
19977,2019-03-23 03:48:32,0.347
19978,2019-03-23 03:48:32,0.293
19979,2019-03-23 03:48:32,0.264
19980,2019-03-23 03:48:32,0.286
19981,2019-03-23 03:48:33,0.291
19982,2019-03-23 03:48:33,0.295
19983,2019-03-23 03:48:33,0.289
19984,2019-03-23 03:48:34,0.292
19985,2019-03-23 03:48:34,0.286
19986,2019-03-23 03:48:34,0.273
19987,2019-03-23 03:48:35,0.383
19988,2019-03-23 03:48:35,0.281
19989,2019-03-23 03:48:35,0.288
19990,2019-03-23 03:48:35,0.282
19991,2019-03-23 03:48:35,0.285
19992,2019-03-23 03:48:35,0.279
19993,2019-03-23 03:48:35,0.279
19994,2019-03-23 03:48:36,0.278
19995,2019-03-23 03:48:37,0.289
19996,2019-03-23 03:48:37,0.300
19997,2019-03-23 03:48:37,0.290
19998,2019-03-23 03:48:37,0.295
19999,2019-03-23 03:48:37,0.296
20000,2019-03-23 03:48:38,0.294
20001,2019-03-23 03:48:38,0.291
20002,2019-03-23 03:48:38,0.280
20003,2019-03-23 03:48:39,0.287
20004,2019-03-23 03:48:39,0.287
20005,2019-03-23 03:48:39,0.280
20006,2019-03-23 03:48:39,0.293
20007,2019-03-23 03:48:39,0.276
20008,2019-03-23 03:48:39,0.287
20009,2019-03-23 03:48:40,0.291
20010,2019-03-23 03:48:40,0.286
20011,2019-03-23 03:48:40,0.291
20012,2019-03-23 03:48:40,0.286
20013,2019-03-23 03:48:41,0.317
20014,2019-03-23 03:48:41,0.283
20015,2019-03-23 03:48:41,0.284
20016,2019-03-23 03:48:41,0.287
20017,2019-03-23 03:48:41,0.305
20018,2019-03-23 03:48:41,0.309
20019,2019-03-23 03:48:42,0.290
20020,2019-03-23 03:48:42,0.263
20021,2019-03-23 03:48:42,0.300
20022,2019-03-23 03:48:43,0.292
20023,2019-03-23 03:48:43,0.298
20024,2019-03-23 03:48:43,0.287
20025,2019-03-23 03:48:43,0.288
20026,2019-03-23 03:48:43,0.297
20027,2019-03-23 03:48:43,0.283
20028,2019-03-23 03:48:44,0.282
20029,2019-03-23 03:48:44,0.285
20030,2019-03-23 03:48:44,0.286
20031,2019-03-23 03:48:44,0.270
20032,2019-03-23 03:48:45,0.291
20033,2019-03-23 03:48:45,0.291
20034,2019-03-23 03:48:45,0.296
20035,2019-03-23 03:48:45,0.321
20036,2019-03-23 03:48:46,0.302
20037,2019-03-23 03:48:46,0.291
20038,2019-03-23 03:48:47,0.294
20039,2019-03-23 03:48:48,0.294
20040,2019-03-23 03:48:48,0.275
20041,2019-03-23 03:48:48,0.289
20042,2019-03-23 03:48:48,0.300
20043,2019-03-23 03:48:49,0.280
20044,2019-03-23 03:48:49,0.275
20045,2019-03-23 03:48:49,0.281
20046,2019-03-23 03:48:49,0.274
20047,2019-03-23 03:48:49,0.283
20048,2019-03-23 03:48:50,0.416
20049,2019-03-23 03:48:50,0.290
20050,2019-03-23 03:48:50,0.294
20051,2019-03-23 03:48:51,0.291
20052,2019-03-23 03:48:51,0.292
20053,2019-03-23 03:48:51,0.298
20054,2019-03-23 03:48:51,0.290
20055,2019-03-23 03:48:51,0.287
20056,2019-03-23 03:48:51,0.288
20057,2019-03-23 03:48:52,0.283
20058,2019-03-23 03:48:52,0.285
20059,2019-03-23 03:48:52,0.290
20060,2019-03-23 03:48:53,0.289
20061,2019-03-23 03:48:53,0.291
20062,2019-03-23 03:48:53,0.289
20063,2019-03-23 03:48:53,0.300
20064,2019-03-23 03:48:54,0.283
20065,2019-03-23 03:48:54,0.285
20066,2019-03-23 03:48:54,0.285
20067,2019-03-23 03:48:54,0.279
20068,2019-03-23 03:48:54,0.264
20069,2019-03-23 03:48:55,0.297
20070,2019-03-23 03:48:55,0.292
20071,2019-03-23 03:48:55,0.282
20072,2019-03-23 03:48:55,0.286
20073,2019-03-23 03:48:55,0.291
20074,2019-03-23 03:48:56,0.285
20075,2019-03-23 03:48:56,0.264
20076,2019-03-23 03:48:56,0.290
20077,2019-03-23 03:48:56,0.291
20078,2019-03-23 03:48:56,0.293
20079,2019-03-23 03:48:56,0.295
20080,2019-03-23 03:48:57,0.281
20081,2019-03-23 03:48:58,0.281
20082,2019-03-23 03:48:58,0.289
20083,2019-03-23 03:48:59,0.287
20084,2019-03-23 03:48:59,0.278
20085,2019-03-23 03:48:59,0.294
20086,2019-03-23 03:48:59,0.293
20087,2019-03-23 03:49:00,0.288
20088,2019-03-23 03:49:00,0.292
20089,2019-03-23 03:49:00,0.284
20090,2019-03-23 03:49:01,0.288
20091,2019-03-23 03:49:01,0.285
20092,2019-03-23 03:49:02,0.286
20093,2019-03-23 03:49:02,0.298
20094,2019-03-23 03:49:03,0.298
20095,2019-03-23 03:49:03,0.302
20096,2019-03-23 03:49:04,0.311
20097,2019-03-23 03:49:05,0.296
20098,2019-03-23 03:49:05,0.281
20099,2019-03-23 03:49:06,0.265
20100,2019-03-23 03:49:07,0.292
20101,2019-03-23 03:49:08,0.297
20102,2019-03-23 03:49:09,0.300
20103,2019-03-23 03:49:09,0.300
20104,2019-03-23 03:49:09,0.288
20105,2019-03-23 03:49:09,0.286
20106,2019-03-23 03:49:10,0.297
20107,2019-03-23 03:49:10,0.289
20108,2019-03-23 03:49:10,0.287
20109,2019-03-23 03:49:11,0.282
20110,2019-03-23 03:49:12,0.303
20111,2019-03-23 03:49:12,0.288
20112,2019-03-23 03:49:14,0.285
20113,2019-03-23 03:49:14,0.297
20114,2019-03-23 03:49:15,0.283
20115,2019-03-23 03:49:15,0.300
20116,2019-03-23 03:49:15,0.282
20117,2019-03-23 03:49:15,0.298
20118,2019-03-23 03:49:15,0.305
20119,2019-03-23 03:49:16,0.286
20120,2019-03-23 03:49:16,0.286
20121,2019-03-23 03:49:17,0.283
20122,2019-03-23 03:49:17,0.289
20123,2019-03-23 03:49:17,0.280
20124,2019-03-23 03:49:19,0.287
20125,2019-03-23 03:49:19,0.293
20126,2019-03-23 03:49:19,0.294
20127,2019-03-23 03:49:21,0.290
20128,2019-03-23 03:49:21,0.284
20129,2019-03-23 03:49:22,0.292
20130,2019-03-23 03:49:23,0.281
20131,2019-03-23 03:49:23,0.290
20132,2019-03-23 03:49:24,0.289
20133,2019-03-23 03:49:25,0.285
20134,2019-03-23 03:49:26,0.289
20135,2019-03-23 03:49:26,0.287
20136,2019-03-23 03:49:27,0.288
20137,2019-03-23 03:49:28,0.283
20138,2019-03-23 03:49:28,0.289
20139,2019-03-23 03:49:29,0.281
20140,2019-03-23 03:49:30,0.287
20141,2019-03-23 03:49:30,0.212
20142,2019-03-23 03:49:31,0.285
20143,2019-03-23 03:49:32,0.293
20144,2019-03-23 03:49:32,0.279
20145,2019-03-23 03:49:32,0.296
20146,2019-03-23 03:49:33,0.287
20147,2019-03-23 03:49:35,0.284
20148,2019-03-23 03:49:36,0.294
20149,2019-03-23 03:49:36,0.300
20150,2019-03-23 03:49:36,0.293
20151,2019-03-23 03:49:36,0.285
20152,2019-03-23 03:49:37,0.284
20153,2019-03-23 03:49:38,0.292
20154,2019-03-23 03:49:38,0.284
20155,2019-03-23 03:49:38,0.298
20156,2019-03-23 03:49:38,0.304
20157,2019-03-23 03:49:39,0.292
20158,2019-03-23 03:49:40,0.293
20159,2019-03-23 03:49:41,0.296
20160,2019-03-23 03:49:41,0.289
20161,2019-03-23 03:49:43,0.287
20162,2019-03-23 03:49:44,0.273
20163,2019-03-23 03:49:47,0.288
20164,2019-03-23 03:49:48,0.288
20165,2019-03-23 03:49:48,0.292
20166,2019-03-23 03:49:49,0.274
20167,2019-03-23 03:49:49,0.277
20168,2019-03-23 03:49:49,0.274
20169,2019-03-23 03:49:50,0.297
20170,2019-03-23 03:49:50,0.293
20171,2019-03-23 03:49:52,0.293
20172,2019-03-23 03:49:52,0.292
20173,2019-03-23 03:49:53,0.285
20174,2019-03-23 03:49:53,0.294
20175,2019-03-23 03:49:53,0.290
20176,2019-03-23 03:49:54,0.265
20177,2019-03-23 03:49:54,0.203
20178,2019-03-23 03:49:54,0.280
20179,2019-03-23 03:49:55,0.288
20180,2019-03-23 03:49:55,0.287
20181,2019-03-23 03:49:56,0.292
20182,2019-03-23 03:49:56,0.274
20183,2019-03-23 03:49:57,0.287
20184,2019-03-23 03:49:57,0.302
20185,2019-03-23 03:49:57,0.287
20186,2019-03-23 03:49:58,0.291
20187,2019-03-23 03:49:58,0.289
20188,2019-03-23 03:49:58,0.269
20189,2019-03-23 03:49:59,0.312
20190,2019-03-23 03:49:59,0.299
20191,2019-03-23 03:49:59,0.298
20192,2019-03-23 03:50:00,0.299
20193,2019-03-23 03:50:00,0.291
20194,2019-03-23 03:50:00,0.291
20195,2019-03-23 03:50:01,0.293
20196,2019-03-23 03:50:01,0.292
20197,2019-03-23 03:50:01,0.301
20198,2019-03-23 03:50:02,0.292
20199,2019-03-23 03:50:02,0.280
20200,2019-03-23 03:50:03,0.288
20201,2019-03-23 03:50:03,0.288
20202,2019-03-23 03:50:04,0.287
20203,2019-03-23 03:50:04,0.279
20204,2019-03-23 03:50:05,0.298
20205,2019-03-23 03:50:05,0.280
20206,2019-03-23 03:50:06,0.293
20207,2019-03-23 03:50:06,0.279
20208,2019-03-23 03:50:06,0.401
20209,2019-03-23 03:50:07,0.293
20210,2019-03-23 03:50:07,0.292
20211,2019-03-23 03:50:07,0.296
20212,2019-03-23 03:50:08,0.294
20213,2019-03-23 03:50:09,0.284
20214,2019-03-23 03:50:09,0.284
20215,2019-03-23 03:50:09,0.306
20216,2019-03-23 03:50:09,0.285
20217,2019-03-23 03:50:10,0.288
20218,2019-03-23 03:50:10,0.281
20219,2019-03-23 03:50:10,0.282
20220,2019-03-23 03:50:11,0.214
20221,2019-03-23 03:50:11,0.302
20222,2019-03-23 03:50:12,0.298
20223,2019-03-23 03:50:12,0.294
20224,2019-03-23 03:50:12,0.287
20225,2019-03-23 03:50:15,0.301
20226,2019-03-23 03:50:15,0.293
20227,2019-03-23 03:50:16,0.288
20228,2019-03-23 03:50:16,0.293
20229,2019-03-23 03:50:16,0.276
20230,2019-03-23 03:50:17,0.292
20231,2019-03-23 03:50:17,0.282
20232,2019-03-23 03:50:17,0.288
20233,2019-03-23 03:50:20,0.282
20234,2019-03-23 03:50:20,0.280
20235,2019-03-23 03:50:20,0.297
20236,2019-03-23 03:50:21,0.286
20237,2019-03-23 03:50:21,0.296
20238,2019-03-23 03:50:22,0.275
20239,2019-03-23 03:50:22,0.289
20240,2019-03-23 03:50:23,0.279
20241,2019-03-23 03:50:23,0.290
20242,2019-03-23 03:50:24,0.286
20243,2019-03-23 03:50:24,0.297
20244,2019-03-23 03:50:25,0.282
20245,2019-03-23 03:50:25,0.283
20246,2019-03-23 03:50:25,0.290
20247,2019-03-23 03:50:25,0.287
20248,2019-03-23 03:50:26,0.292
20249,2019-03-23 03:50:26,0.279
20250,2019-03-23 03:50:26,0.292
20251,2019-03-23 03:50:27,0.292
20252,2019-03-23 03:50:27,0.283
20253,2019-03-23 03:50:28,0.290
20254,2019-03-23 03:50:28,0.292
20255,2019-03-23 03:50:31,0.287
20256,2019-03-23 03:50:31,0.280
20257,2019-03-23 03:50:31,0.282
20258,2019-03-23 03:50:32,0.282
20259,2019-03-23 03:50:32,0.283
20260,2019-03-23 03:50:33,0.296
20261,2019-03-23 03:50:34,0.284
20262,2019-03-23 03:50:34,0.298
20263,2019-03-23 03:50:35,0.295
20264,2019-03-23 03:50:35,0.291
20265,2019-03-23 03:50:36,0.305
20266,2019-03-23 03:50:36,0.285
20267,2019-03-23 03:50:36,0.286
20268,2019-03-23 03:50:36,0.302
20269,2019-03-23 03:50:37,0.295
20270,2019-03-23 03:50:37,0.294
20271,2019-03-23 03:50:37,0.289
20272,2019-03-23 03:50:38,0.181
20273,2019-03-23 03:50:38,0.283
20274,2019-03-23 03:50:38,0.286
20275,2019-03-23 03:50:39,0.297
20276,2019-03-23 03:50:39,0.302
20277,2019-03-23 03:50:39,0.288
20278,2019-03-23 03:50:40,0.286
20279,2019-03-23 03:50:41,0.293
20280,2019-03-23 03:50:41,0.292
20281,2019-03-23 03:50:42,0.274
20282,2019-03-23 03:50:42,0.280
20283,2019-03-23 03:50:42,0.287
20284,2019-03-23 03:50:42,0.289
20285,2019-03-23 03:50:42,0.302
20286,2019-03-23 03:50:42,0.299
20287,2019-03-23 03:50:43,0.298
20288,2019-03-23 03:50:43,0.281
20289,2019-03-23 03:50:44,0.278
20290,2019-03-23 03:50:44,0.300
20291,2019-03-23 03:50:45,0.299
20292,2019-03-23 03:50:45,0.282
20293,2019-03-23 03:50:46,0.294
20294,2019-03-23 03:50:47,0.296
20295,2019-03-23 03:50:48,0.302
20296,2019-03-23 03:50:48,0.294
20297,2019-03-23 03:50:49,0.293
20298,2019-03-23 03:50:49,0.304
20299,2019-03-23 03:50:49,0.278
20300,2019-03-23 03:50:49,0.287
20301,2019-03-23 03:50:50,0.291
20302,2019-03-23 03:50:51,0.295
20303,2019-03-23 03:50:51,0.293
20304,2019-03-23 03:50:52,0.297
20305,2019-03-23 03:50:52,0.293
20306,2019-03-23 03:50:53,0.289
20307,2019-03-23 03:50:53,0.281
20308,2019-03-23 03:50:53,0.276
20309,2019-03-23 03:50:53,0.291
20310,2019-03-23 03:50:54,0.296
20311,2019-03-23 03:50:54,0.290
20312,2019-03-23 03:50:55,0.292
20313,2019-03-23 03:50:55,0.300
20314,2019-03-23 03:50:56,0.280
20315,2019-03-23 03:50:56,0.280
20316,2019-03-23 03:50:56,0.291
20317,2019-03-23 03:50:57,0.293
20318,2019-03-23 03:50:59,0.289
20319,2019-03-23 03:51:00,0.275
20320,2019-03-23 03:51:00,0.291
20321,2019-03-23 03:51:01,0.296
20322,2019-03-23 03:51:01,0.294
20323,2019-03-23 03:51:01,0.281
20324,2019-03-23 03:51:02,0.285
20325,2019-03-23 03:51:02,0.279
20326,2019-03-23 03:51:04,0.296
20327,2019-03-23 03:51:04,0.295
20328,2019-03-23 03:51:05,0.292
20329,2019-03-23 03:51:05,0.301
20330,2019-03-23 03:51:05,0.243
20331,2019-03-23 03:51:06,0.295
20332,2019-03-23 03:51:06,0.302
20333,2019-03-23 03:51:07,0.280
20334,2019-03-23 03:51:08,0.297
20335,2019-03-23 03:51:08,0.301
20336,2019-03-23 03:51:09,0.287
20337,2019-03-23 03:51:09,0.288
20338,2019-03-23 03:51:10,0.302
20339,2019-03-23 03:51:10,0.275
20340,2019-03-23 03:51:10,0.276
20341,2019-03-23 03:51:10,0.296
20342,2019-03-23 03:51:11,0.306
20343,2019-03-23 03:51:11,0.300
20344,2019-03-23 03:51:11,0.298
20345,2019-03-23 03:51:12,0.296
20346,2019-03-23 03:51:13,0.295
20347,2019-03-23 03:51:13,0.197
20348,2019-03-23 03:51:13,0.280
20349,2019-03-23 03:51:13,0.285
20350,2019-03-23 03:51:14,0.270
20351,2019-03-23 03:51:15,0.284
20352,2019-03-23 03:51:15,0.297
20353,2019-03-23 03:51:16,0.287
20354,2019-03-23 03:51:17,0.282
20355,2019-03-23 03:51:17,0.297
20356,2019-03-23 03:51:17,0.290
20357,2019-03-23 03:51:18,0.292
20358,2019-03-23 03:51:18,0.295
20359,2019-03-23 03:51:18,0.282
20360,2019-03-23 03:51:19,0.277
20361,2019-03-23 03:51:19,0.287
20362,2019-03-23 03:51:21,0.298
20363,2019-03-23 03:51:21,0.307
20364,2019-03-23 03:51:22,0.294
20365,2019-03-23 03:51:22,0.296
20366,2019-03-23 03:51:23,0.278
20367,2019-03-23 03:51:23,0.283
20368,2019-03-23 03:51:24,0.293
20369,2019-03-23 03:51:26,0.285
20370,2019-03-23 03:51:26,0.282
20371,2019-03-23 03:51:27,0.289
20372,2019-03-23 03:51:29,0.287
20373,2019-03-23 03:51:30,0.286
20374,2019-03-23 03:51:30,0.213
20375,2019-03-23 03:51:31,0.288
20376,2019-03-23 03:51:32,0.287
20377,2019-03-23 03:51:32,0.283
20378,2019-03-23 03:51:34,0.301
20379,2019-03-23 03:51:35,0.285
20380,2019-03-23 03:51:35,0.291
20381,2019-03-23 03:51:36,0.283
20382,2019-03-23 03:51:36,0.308
20383,2019-03-23 03:51:36,0.293
20384,2019-03-23 03:51:37,0.306
20385,2019-03-23 03:51:37,0.294
20386,2019-03-23 03:51:38,0.287
20387,2019-03-23 03:51:38,0.213
20388,2019-03-23 03:51:39,0.272
20389,2019-03-23 03:51:39,0.263
20390,2019-03-23 03:51:40,0.285
20391,2019-03-23 03:51:40,0.302
20392,2019-03-23 03:51:40,0.282
20393,2019-03-23 03:51:41,0.298
20394,2019-03-23 03:51:42,0.295
20395,2019-03-23 03:51:42,0.290
20396,2019-03-23 03:51:43,0.286
20397,2019-03-23 03:51:44,0.284
20398,2019-03-23 03:51:45,0.276
20399,2019-03-23 03:51:45,0.284
20400,2019-03-23 03:51:45,0.288
20401,2019-03-23 03:51:46,0.288
20402,2019-03-23 03:51:46,0.285
20403,2019-03-23 03:51:46,0.280
20404,2019-03-23 03:51:47,0.277
20405,2019-03-23 03:51:47,0.297
20406,2019-03-23 03:51:47,0.291
20407,2019-03-23 03:51:48,0.295
20408,2019-03-23 03:51:48,0.290
20409,2019-03-23 03:51:49,0.298
20410,2019-03-23 03:51:49,0.291
20411,2019-03-23 03:51:50,0.308
20412,2019-03-23 03:51:50,0.281
20413,2019-03-23 03:51:50,0.290
20414,2019-03-23 03:51:50,0.291
20415,2019-03-23 03:51:50,0.281
20416,2019-03-23 03:51:51,0.293
20417,2019-03-23 03:51:51,0.284
20418,2019-03-23 03:51:52,0.300
20419,2019-03-23 03:51:52,0.289
20420,2019-03-23 03:51:53,0.285
20421,2019-03-23 03:51:53,0.284
20422,2019-03-23 03:51:54,0.278
20423,2019-03-23 03:51:55,0.292
20424,2019-03-23 03:51:55,0.300
20425,2019-03-23 03:51:55,0.288
20426,2019-03-23 03:51:55,0.273
20427,2019-03-23 03:51:56,0.280
20428,2019-03-23 03:51:57,0.278
20429,2019-03-23 03:51:57,0.309
20430,2019-03-23 03:51:57,0.283
20431,2019-03-23 03:51:58,0.288
20432,2019-03-23 03:51:58,0.297
20433,2019-03-23 03:51:59,0.288
20434,2019-03-23 03:52:00,0.286
20435,2019-03-23 03:52:01,0.288
20436,2019-03-23 03:52:01,0.281
20437,2019-03-23 03:52:03,0.295
20438,2019-03-23 03:52:03,0.295
20439,2019-03-23 03:52:03,0.290
20440,2019-03-23 03:52:04,0.295
20441,2019-03-23 03:52:04,0.296
20442,2019-03-23 03:52:05,0.278
20443,2019-03-23 03:52:06,0.288
20444,2019-03-23 03:52:06,0.287
20445,2019-03-23 03:52:07,0.283
20446,2019-03-23 03:52:08,0.314
20447,2019-03-23 03:52:09,0.283
20448,2019-03-23 03:52:09,0.280
20449,2019-03-23 03:52:09,0.290
20450,2019-03-23 03:52:10,0.302
20451,2019-03-23 03:52:11,0.277
20452,2019-03-23 03:52:12,0.299
20453,2019-03-23 03:52:12,0.290
20454,2019-03-23 03:52:14,0.285
20455,2019-03-23 03:52:14,0.278
20456,2019-03-23 03:52:14,0.288
20457,2019-03-23 03:52:15,0.284
20458,2019-03-23 03:52:16,0.279
20459,2019-03-23 03:52:17,0.276
20460,2019-03-23 03:52:17,0.298
20461,2019-03-23 03:52:18,0.291
20462,2019-03-23 03:52:18,0.288
20463,2019-03-23 03:52:18,0.284
20464,2019-03-23 03:52:18,0.292
20465,2019-03-23 03:52:19,0.291
20466,2019-03-23 03:52:19,0.291
20467,2019-03-23 03:52:19,0.273
20468,2019-03-23 03:52:19,0.302
20469,2019-03-23 03:52:20,0.280
20470,2019-03-23 03:52:20,0.288
20471,2019-03-23 03:52:21,0.281
20472,2019-03-23 03:52:22,0.289
20473,2019-03-23 03:52:23,0.288
20474,2019-03-23 03:52:23,0.298
20475,2019-03-23 03:52:25,0.305
20476,2019-03-23 03:52:25,0.291
20477,2019-03-23 03:52:25,0.294
20478,2019-03-23 03:52:26,0.297
20479,2019-03-23 03:52:27,0.292
20480,2019-03-23 03:52:27,0.283
20481,2019-03-23 03:52:28,0.289
20482,2019-03-23 03:52:28,0.280
20483,2019-03-23 03:52:29,0.292
20484,2019-03-23 03:52:29,0.286
20485,2019-03-23 03:52:30,0.286
20486,2019-03-23 03:52:30,0.279
20487,2019-03-23 03:52:31,0.299
20488,2019-03-23 03:52:31,0.302
20489,2019-03-23 03:52:31,0.282
20490,2019-03-23 03:52:32,0.285
20491,2019-03-23 03:52:33,0.288
20492,2019-03-23 03:52:34,0.292
20493,2019-03-23 03:52:35,0.290
20494,2019-03-23 03:52:35,0.217
20495,2019-03-23 03:52:35,0.294
20496,2019-03-23 03:52:36,0.275
20497,2019-03-23 03:52:36,0.297
20498,2019-03-23 03:52:37,0.289
20499,2019-03-23 03:52:37,0.277
20500,2019-03-23 03:52:38,0.284
20501,2019-03-23 03:52:38,0.287
20502,2019-03-23 03:52:38,0.284
20503,2019-03-23 03:52:38,0.289
20504,2019-03-23 03:52:39,0.289
20505,2019-03-23 03:52:39,0.287
20506,2019-03-23 03:52:40,0.296
20507,2019-03-23 03:52:40,0.297
20508,2019-03-23 03:52:40,0.308
20509,2019-03-23 03:52:41,0.283
20510,2019-03-23 03:52:41,0.295
20511,2019-03-23 03:52:42,0.299
20512,2019-03-23 03:52:42,0.287
20513,2019-03-23 03:52:42,0.283
20514,2019-03-23 03:52:44,0.289
20515,2019-03-23 03:52:44,0.283
20516,2019-03-23 03:52:44,0.281
20517,2019-03-23 03:52:44,0.283
20518,2019-03-23 03:52:44,0.276
20519,2019-03-23 03:52:45,0.310
20520,2019-03-23 03:52:46,0.277
20521,2019-03-23 03:52:46,0.283
20522,2019-03-23 03:52:46,0.296
20523,2019-03-23 03:52:47,0.291
20524,2019-03-23 03:52:47,0.332
20525,2019-03-23 03:52:47,0.292
20526,2019-03-23 03:52:48,0.300
20527,2019-03-23 03:52:48,0.369
20528,2019-03-23 03:52:48,0.289
20529,2019-03-23 03:52:49,0.303
20530,2019-03-23 03:52:50,0.279
20531,2019-03-23 03:52:50,0.289
20532,2019-03-23 03:52:51,0.284
20533,2019-03-23 03:52:52,0.288
20534,2019-03-23 03:52:52,0.285
20535,2019-03-23 03:52:52,0.276
20536,2019-03-23 03:52:52,0.291
20537,2019-03-23 03:52:53,0.287
20538,2019-03-23 03:52:53,0.311
20539,2019-03-23 03:52:53,0.289
20540,2019-03-23 03:52:54,0.286
20541,2019-03-23 03:52:54,0.285
20542,2019-03-23 03:52:56,0.292
20543,2019-03-23 03:52:58,0.281
20544,2019-03-23 03:52:59,0.297
20545,2019-03-23 03:53:01,0.296
20546,2019-03-23 03:53:01,0.281
20547,2019-03-23 03:53:01,0.281
20548,2019-03-23 03:53:01,0.279
20549,2019-03-23 03:53:02,0.291
20550,2019-03-23 03:53:02,0.280
20551,2019-03-23 03:53:02,0.289
20552,2019-03-23 03:53:04,0.281
20553,2019-03-23 03:53:04,0.294
20554,2019-03-23 03:53:06,0.286
20555,2019-03-23 03:53:06,0.286
20556,2019-03-23 03:53:07,0.293
20557,2019-03-23 03:53:07,0.291
20558,2019-03-23 03:53:07,0.286
20559,2019-03-23 03:53:08,0.291
20560,2019-03-23 03:53:08,0.340
20561,2019-03-23 03:53:08,0.282
20562,2019-03-23 03:53:08,0.262
20563,2019-03-23 03:53:09,0.291
20564,2019-03-23 03:53:09,0.293
20565,2019-03-23 03:53:09,0.291
20566,2019-03-23 03:53:09,0.298
20567,2019-03-23 03:53:11,0.297
20568,2019-03-23 03:53:11,0.286
20569,2019-03-23 03:53:12,0.290
20570,2019-03-23 03:53:12,0.294
20571,2019-03-23 03:53:13,0.296
20572,2019-03-23 03:53:13,0.307
20573,2019-03-23 03:53:13,0.289
20574,2019-03-23 03:53:14,0.288
20575,2019-03-23 03:53:14,0.302
20576,2019-03-23 03:53:14,0.299
20577,2019-03-23 03:53:14,0.309
20578,2019-03-23 03:53:16,0.299
20579,2019-03-23 03:53:16,0.300
20580,2019-03-23 03:53:17,0.289
20581,2019-03-23 03:53:17,0.283
20582,2019-03-23 03:53:18,0.296
20583,2019-03-23 03:53:19,0.353
20584,2019-03-23 03:53:19,0.300
20585,2019-03-23 03:53:19,0.310
20586,2019-03-23 03:53:19,0.305
20587,2019-03-23 03:53:20,0.326
20588,2019-03-23 03:53:21,0.303
20589,2019-03-23 03:53:21,0.307
20590,2019-03-23 03:53:21,0.295
20591,2019-03-23 03:53:24,0.315
20592,2019-03-23 03:53:24,0.297
20593,2019-03-23 03:53:25,0.308
20594,2019-03-23 03:53:25,0.299
20595,2019-03-23 03:53:25,0.306
20596,2019-03-23 03:53:27,0.301
20597,2019-03-23 03:53:27,0.297
20598,2019-03-23 03:53:27,0.293
20599,2019-03-23 03:53:27,0.287
20600,2019-03-23 03:53:28,0.325
20601,2019-03-23 03:53:28,0.392
20602,2019-03-23 03:53:30,0.297
20603,2019-03-23 03:53:31,0.291
20604,2019-03-23 03:53:31,0.302
20605,2019-03-23 03:53:31,0.294
20606,2019-03-23 03:53:31,0.306
20607,2019-03-23 03:53:33,0.289
20608,2019-03-23 03:53:33,0.303
20609,2019-03-23 03:53:34,0.286
20610,2019-03-23 03:53:34,0.296
20611,2019-03-23 03:53:34,0.296
20612,2019-03-23 03:53:35,0.302
20613,2019-03-23 03:53:35,0.299
20614,2019-03-23 03:53:36,0.305
20615,2019-03-23 03:53:36,0.300
20616,2019-03-23 03:53:36,0.321
20617,2019-03-23 03:53:36,0.308
20618,2019-03-23 03:53:37,0.298
20619,2019-03-23 03:53:39,0.299
20620,2019-03-23 03:53:39,0.288
20621,2019-03-23 03:53:39,0.293
20622,2019-03-23 03:53:40,0.273
20623,2019-03-23 03:53:40,0.284
20624,2019-03-23 03:53:41,0.305
20625,2019-03-23 03:53:41,0.292
20626,2019-03-23 03:53:41,0.296
20627,2019-03-23 03:53:42,0.316
20628,2019-03-23 03:53:42,0.308
20629,2019-03-23 03:53:42,0.281
20630,2019-03-23 03:53:43,0.293
20631,2019-03-23 03:53:43,0.301
20632,2019-03-23 03:53:43,0.308
20633,2019-03-23 03:53:44,0.303
20634,2019-03-23 03:53:44,0.303
20635,2019-03-23 03:53:44,0.300
20636,2019-03-23 03:53:45,0.315
20637,2019-03-23 03:53:46,0.307
20638,2019-03-23 03:53:46,0.310
20639,2019-03-23 03:53:47,0.290
20640,2019-03-23 03:53:48,0.300
20641,2019-03-23 03:53:48,0.302
20642,2019-03-23 03:53:49,0.302
20643,2019-03-23 03:53:49,0.303
20644,2019-03-23 03:53:49,0.279
20645,2019-03-23 03:53:49,0.291
20646,2019-03-23 03:53:49,0.299
20647,2019-03-23 03:53:49,0.297
20648,2019-03-23 03:53:51,0.290
20649,2019-03-23 03:53:53,0.317
20650,2019-03-23 03:53:53,0.300
20651,2019-03-23 03:53:54,0.300
20652,2019-03-23 03:53:54,0.312
20653,2019-03-23 03:53:55,0.311
20654,2019-03-23 03:53:56,0.294
20655,2019-03-23 03:53:56,0.310
20656,2019-03-23 03:53:57,0.299
20657,2019-03-23 03:53:57,0.301
20658,2019-03-23 03:53:57,0.295
20659,2019-03-23 03:53:58,0.297
20660,2019-03-23 03:53:58,0.299
20661,2019-03-23 03:54:00,0.296
20662,2019-03-23 03:54:00,0.301
20663,2019-03-23 03:54:00,0.285
20664,2019-03-23 03:54:00,0.295
20665,2019-03-23 03:54:02,0.292
20666,2019-03-23 03:54:03,0.308
20667,2019-03-23 03:54:03,0.293
20668,2019-03-23 03:54:04,0.294
20669,2019-03-23 03:54:04,0.314
20670,2019-03-23 03:54:05,0.296
20671,2019-03-23 03:54:05,0.284
20672,2019-03-23 03:54:06,0.289
20673,2019-03-23 03:54:06,0.286
20674,2019-03-23 03:54:07,0.285
20675,2019-03-23 03:54:07,0.289
20676,2019-03-23 03:54:08,0.291
20677,2019-03-23 03:54:09,0.309
20678,2019-03-23 03:54:10,0.311
20679,2019-03-23 03:54:10,0.298
20680,2019-03-23 03:54:10,0.300
20681,2019-03-23 03:54:11,0.280
20682,2019-03-23 03:54:11,0.303
20683,2019-03-23 03:54:12,0.303
20684,2019-03-23 03:54:13,0.283
20685,2019-03-23 03:54:13,0.290
20686,2019-03-23 03:54:14,0.300
20687,2019-03-23 03:54:15,0.285
20688,2019-03-23 03:54:16,0.302
20689,2019-03-23 03:54:17,0.308
20690,2019-03-23 03:54:17,0.280
20691,2019-03-23 03:54:17,0.294
20692,2019-03-23 03:54:17,0.305
20693,2019-03-23 03:54:17,0.287
20694,2019-03-23 03:54:19,0.298
20695,2019-03-23 03:54:19,0.309
20696,2019-03-23 03:54:20,0.307
20697,2019-03-23 03:54:20,0.288
20698,2019-03-23 03:54:20,0.308
20699,2019-03-23 03:54:21,0.313
20700,2019-03-23 03:54:22,0.299
20701,2019-03-23 03:54:22,0.307
20702,2019-03-23 03:54:22,0.309
20703,2019-03-23 03:54:23,0.285
20704,2019-03-23 03:54:24,0.301
20705,2019-03-23 03:54:24,0.329
20706,2019-03-23 03:54:25,0.293
20707,2019-03-23 03:54:25,0.304
20708,2019-03-23 03:54:26,0.305
20709,2019-03-23 03:54:26,0.311
20710,2019-03-23 03:54:27,0.304
20711,2019-03-23 03:54:27,0.285
20712,2019-03-23 03:54:27,0.325
20713,2019-03-23 03:54:27,0.289
20714,2019-03-23 03:54:27,0.310
20715,2019-03-23 03:54:27,0.292
20716,2019-03-23 03:54:28,0.301
20717,2019-03-23 03:54:28,0.317
20718,2019-03-23 03:54:28,0.302
20719,2019-03-23 03:54:29,0.308
20720,2019-03-23 03:54:29,0.310
20721,2019-03-23 03:54:30,0.333
20722,2019-03-23 03:54:31,0.306
20723,2019-03-23 03:54:31,0.306
20724,2019-03-23 03:54:32,0.213
20725,2019-03-23 03:54:32,0.304
20726,2019-03-23 03:54:33,0.302
20727,2019-03-23 03:54:33,0.211
20728,2019-03-23 03:54:34,0.290
20729,2019-03-23 03:54:34,0.315
20730,2019-03-23 03:54:35,0.295
20731,2019-03-23 03:54:35,0.279
20732,2019-03-23 03:54:36,0.295
20733,2019-03-23 03:54:36,0.297
20734,2019-03-23 03:54:37,0.287
20735,2019-03-23 03:54:37,0.305
20736,2019-03-23 03:54:37,0.297
20737,2019-03-23 03:54:38,0.289
20738,2019-03-23 03:54:38,0.305
20739,2019-03-23 03:54:38,0.304
20740,2019-03-23 03:54:39,0.313
20741,2019-03-23 03:54:39,0.312
20742,2019-03-23 03:54:40,0.293
20743,2019-03-23 03:54:40,0.289
20744,2019-03-23 03:54:40,0.295
20745,2019-03-23 03:54:41,0.306
20746,2019-03-23 03:54:41,0.313
20747,2019-03-23 03:54:42,0.277
20748,2019-03-23 03:54:43,0.292
20749,2019-03-23 03:54:43,0.293
20750,2019-03-23 03:54:44,0.291
20751,2019-03-23 03:54:44,0.299
20752,2019-03-23 03:54:44,0.327
20753,2019-03-23 03:54:45,0.299
20754,2019-03-23 03:54:45,0.282
20755,2019-03-23 03:54:47,0.297
20756,2019-03-23 03:54:47,0.292
20757,2019-03-23 03:54:48,0.295
20758,2019-03-23 03:54:48,0.328
20759,2019-03-23 03:54:48,0.287
20760,2019-03-23 03:54:49,0.302
20761,2019-03-23 03:54:49,0.277
20762,2019-03-23 03:54:49,0.289
20763,2019-03-23 03:54:51,0.295
20764,2019-03-23 03:54:52,0.296
20765,2019-03-23 03:54:52,0.304
20766,2019-03-23 03:54:53,0.305
20767,2019-03-23 03:54:54,0.213
20768,2019-03-23 03:54:54,0.287
20769,2019-03-23 03:54:55,0.282
20770,2019-03-23 03:54:55,0.297
20771,2019-03-23 03:54:55,0.271
20772,2019-03-23 03:54:56,0.300
20773,2019-03-23 03:54:57,0.294
20774,2019-03-23 03:54:58,0.288
20775,2019-03-23 03:54:58,0.291
20776,2019-03-23 03:54:58,0.262
20777,2019-03-23 03:54:59,0.298
20778,2019-03-23 03:55:00,0.293
20779,2019-03-23 03:55:00,0.294
20780,2019-03-23 03:55:01,0.279
20781,2019-03-23 03:55:01,0.297
20782,2019-03-23 03:55:01,0.284
20783,2019-03-23 03:55:02,0.301
20784,2019-03-23 03:55:02,0.303
20785,2019-03-23 03:55:02,0.306
20786,2019-03-23 03:55:03,0.294
20787,2019-03-23 03:55:03,0.297
20788,2019-03-23 03:55:04,0.301
20789,2019-03-23 03:55:04,0.294
20790,2019-03-23 03:55:05,0.300
20791,2019-03-23 03:55:05,0.305
20792,2019-03-23 03:55:06,0.292
20793,2019-03-23 03:55:07,0.304
20794,2019-03-23 03:55:07,0.300
20795,2019-03-23 03:55:08,0.306
20796,2019-03-23 03:55:09,0.303
20797,2019-03-23 03:55:10,0.300
20798,2019-03-23 03:55:10,0.311
20799,2019-03-23 03:55:11,0.305
20800,2019-03-23 03:55:11,0.280
20801,2019-03-23 03:55:11,0.299
20802,2019-03-23 03:55:12,0.293
20803,2019-03-23 03:55:12,0.309
20804,2019-03-23 03:55:13,0.299
20805,2019-03-23 03:57:39,0.293
20806,2019-03-23 03:57:39,0.298
20807,2019-03-23 03:57:40,0.299
20808,2019-03-23 03:57:40,0.378
20809,2019-03-23 03:57:40,0.298
20810,2019-03-23 03:57:40,0.299
20811,2019-03-23 03:57:40,0.296
20812,2019-03-23 03:57:40,0.295
20813,2019-03-23 03:57:41,0.288
20814,2019-03-23 03:57:41,0.301
20815,2019-03-23 03:57:42,0.300
20816,2019-03-23 03:57:42,0.299
20817,2019-03-23 03:57:42,0.298
20818,2019-03-23 03:57:42,0.303
20819,2019-03-23 03:57:42,0.296
20820,2019-03-23 03:57:43,0.295
20821,2019-03-23 03:57:43,0.296
20822,2019-03-23 03:57:43,0.296
20823,2019-03-23 03:57:44,0.295
20824,2019-03-23 03:57:44,0.304
20825,2019-03-23 03:57:44,0.299
20826,2019-03-23 03:57:44,0.302
20827,2019-03-23 03:57:45,0.304
20828,2019-03-23 03:57:45,0.278
20829,2019-03-23 03:57:45,0.274
20830,2019-03-23 03:57:45,0.308
20831,2019-03-23 03:57:46,0.309
20832,2019-03-23 03:57:46,0.306
20833,2019-03-23 03:57:46,0.296
20834,2019-03-23 03:57:46,0.286
20835,2019-03-23 03:57:46,0.293
20836,2019-03-23 03:57:47,0.304
20837,2019-03-23 03:57:47,0.368
20838,2019-03-23 03:57:47,0.298
20839,2019-03-23 03:57:47,0.307
20840,2019-03-23 03:57:47,0.300
20841,2019-03-23 03:57:47,0.299
20842,2019-03-23 03:57:48,0.279
20843,2019-03-23 03:57:48,0.282
20844,2019-03-23 03:57:48,0.301
20845,2019-03-23 03:57:48,0.316
20846,2019-03-23 03:57:48,0.309
20847,2019-03-23 03:57:48,0.328
20848,2019-03-23 03:57:49,0.292
20849,2019-03-23 03:57:49,0.302
20850,2019-03-23 03:57:49,0.305
20851,2019-03-23 03:57:49,0.278
20852,2019-03-23 03:57:49,0.269
20853,2019-03-23 03:57:49,0.276
20854,2019-03-23 03:57:50,0.317
20855,2019-03-23 03:57:50,0.303
20856,2019-03-23 03:57:50,0.304
20857,2019-03-23 03:57:50,0.303
20858,2019-03-23 03:57:51,0.289
20859,2019-03-23 03:57:51,0.259
20860,2019-03-23 03:57:51,0.299
20861,2019-03-23 03:57:51,0.268
20862,2019-03-23 03:57:52,0.211
20863,2019-03-23 03:57:52,0.308
20864,2019-03-23 03:57:52,0.317
20865,2019-03-23 03:57:52,0.285
20866,2019-03-23 03:57:53,0.320
20867,2019-03-23 03:57:53,0.302
20868,2019-03-23 03:57:53,0.288
20869,2019-03-23 03:57:53,0.262
20870,2019-03-23 03:57:53,0.306
20871,2019-03-23 03:57:53,0.305
20872,2019-03-23 03:57:53,0.293
20873,2019-03-23 03:57:54,0.294
20874,2019-03-23 03:57:55,0.290
20875,2019-03-23 03:57:55,0.293
20876,2019-03-23 03:57:55,0.311
20877,2019-03-23 03:57:55,0.319
20878,2019-03-23 03:57:55,0.302
20879,2019-03-23 03:57:56,0.292
20880,2019-03-23 03:57:56,0.305
20881,2019-03-23 03:57:56,0.299
20882,2019-03-23 03:57:57,0.290
20883,2019-03-23 03:57:57,0.300
20884,2019-03-23 03:57:57,0.313
20885,2019-03-23 03:57:58,0.298
20886,2019-03-23 03:57:58,0.286
20887,2019-03-23 03:57:58,0.287
20888,2019-03-23 03:57:58,0.300
20889,2019-03-23 03:57:58,0.299
20890,2019-03-23 03:57:59,0.288
20891,2019-03-23 03:58:00,0.303
20892,2019-03-23 03:58:01,0.298
20893,2019-03-23 03:58:02,0.354
20894,2019-03-23 03:58:02,0.306
20895,2019-03-23 03:58:02,0.288
20896,2019-03-23 03:58:02,0.291
20897,2019-03-23 03:58:03,0.272
20898,2019-03-23 03:58:03,0.304
20899,2019-03-23 03:58:03,0.297
20900,2019-03-23 03:58:04,0.305
20901,2019-03-23 03:58:04,0.298
20902,2019-03-23 03:58:05,0.292
20903,2019-03-23 03:58:05,0.288
20904,2019-03-23 03:58:05,0.293
20905,2019-03-23 03:58:06,0.297
20906,2019-03-23 03:58:06,0.291
20907,2019-03-23 03:58:07,0.304
20908,2019-03-23 03:58:07,0.294
20909,2019-03-23 03:58:08,0.297
20910,2019-03-23 03:58:08,0.285
20911,2019-03-23 03:58:08,0.288
20912,2019-03-23 03:58:08,0.306
20913,2019-03-23 03:58:08,0.305
20914,2019-03-23 03:58:09,0.313
20915,2019-03-23 03:58:09,0.299
20916,2019-03-23 03:58:09,0.304
20917,2019-03-23 03:58:09,0.285
20918,2019-03-23 03:58:10,0.285
20919,2019-03-23 03:58:11,0.297
20920,2019-03-23 03:58:12,0.287
20921,2019-03-23 03:58:12,0.295
20922,2019-03-23 03:58:12,0.312
20923,2019-03-23 03:58:13,0.281
20924,2019-03-23 03:58:13,0.300
20925,2019-03-23 03:58:14,0.298
20926,2019-03-23 03:58:14,0.304
20927,2019-03-23 03:58:14,0.316
20928,2019-03-23 03:58:15,0.306
20929,2019-03-23 03:58:15,0.305
20930,2019-03-23 03:58:15,0.295
20931,2019-03-23 03:58:16,0.286
20932,2019-03-23 03:58:17,0.288
20933,2019-03-23 03:58:18,0.301
20934,2019-03-23 03:58:19,0.300
20935,2019-03-23 03:58:19,0.380
20936,2019-03-23 03:58:19,0.306
20937,2019-03-23 03:58:20,0.208
20938,2019-03-23 03:58:21,0.300
20939,2019-03-23 03:58:22,0.301
20940,2019-03-23 03:58:22,0.303
20941,2019-03-23 03:58:23,0.304
20942,2019-03-23 03:58:24,0.294
20943,2019-03-23 03:58:24,0.307
20944,2019-03-23 03:58:24,0.296
20945,2019-03-23 03:58:24,0.299
20946,2019-03-23 03:58:25,0.302
20947,2019-03-23 03:58:25,0.289
20948,2019-03-23 03:58:26,0.308
20949,2019-03-23 03:58:26,0.300
20950,2019-03-23 03:58:27,0.291
20951,2019-03-23 03:58:28,0.282
20952,2019-03-23 03:58:28,0.303
20953,2019-03-23 03:58:29,0.304
20954,2019-03-23 03:58:30,0.211
20955,2019-03-23 03:58:31,0.277
20956,2019-03-23 03:58:31,0.301
20957,2019-03-23 03:58:32,0.285
20958,2019-03-23 03:58:32,0.308
20959,2019-03-23 03:58:32,0.303
20960,2019-03-23 03:58:33,0.298
20961,2019-03-23 03:58:34,0.321
20962,2019-03-23 03:58:36,0.284
20963,2019-03-23 03:58:36,0.294
20964,2019-03-23 03:58:37,0.279
20965,2019-03-23 03:58:37,0.293
20966,2019-03-23 03:58:37,0.298
20967,2019-03-23 03:58:38,0.293
20968,2019-03-23 03:58:38,0.305
20969,2019-03-23 03:58:39,0.306
20970,2019-03-23 03:58:39,0.298
20971,2019-03-23 03:58:40,0.310
20972,2019-03-23 03:58:40,0.319
20973,2019-03-23 03:58:41,0.294
20974,2019-03-23 03:58:41,0.304
20975,2019-03-23 03:58:41,0.293
20976,2019-03-23 03:58:41,0.296
20977,2019-03-23 03:58:42,0.289
20978,2019-03-23 03:58:44,0.299
20979,2019-03-23 03:58:46,0.294
20980,2019-03-23 03:58:47,0.298
20981,2019-03-23 03:58:47,0.300
20982,2019-03-23 03:58:47,0.293
20983,2019-03-23 03:58:48,0.309
20984,2019-03-23 03:58:49,0.280
20985,2019-03-23 03:58:49,0.285
20986,2019-03-23 03:58:49,0.300
20987,2019-03-23 03:58:49,0.270
20988,2019-03-23 03:58:51,0.308
20989,2019-03-23 03:58:52,0.290
20990,2019-03-23 03:58:52,0.302
20991,2019-03-23 03:58:53,0.306
20992,2019-03-23 03:58:53,0.291
20993,2019-03-23 03:58:54,1.090
20994,2019-03-23 03:58:54,0.282
20995,2019-03-23 03:58:54,0.305
20996,2019-03-23 03:58:55,0.307
20997,2019-03-23 03:58:56,0.301
20998,2019-03-23 03:58:56,0.302
20999,2019-03-23 03:58:57,0.292
21000,2019-03-23 03:58:57,0.308
21001,2019-03-23 03:58:57,0.295
21002,2019-03-23 03:58:58,0.305
21003,2019-03-23 03:58:58,0.290
21004,2019-03-23 03:58:59,0.308
21005,2019-03-23 03:58:59,0.292
21006,2019-03-23 03:58:59,0.302
21007,2019-03-23 03:58:59,0.282
21008,2019-03-23 03:59:02,0.285
21009,2019-03-23 03:59:03,0.306
21010,2019-03-23 03:59:04,0.286
21011,2019-03-23 03:59:04,0.298
21012,2019-03-23 03:59:04,0.307
21013,2019-03-23 03:59:05,0.291
21014,2019-03-23 03:59:05,0.303
21015,2019-03-23 03:59:07,0.294
21016,2019-03-23 03:59:07,0.286
21017,2019-03-23 03:59:08,0.290
21018,2019-03-23 03:59:10,0.293
21019,2019-03-23 03:59:10,0.290
21020,2019-03-23 03:59:11,0.298
21021,2019-03-23 03:59:12,0.291
21022,2019-03-23 03:59:13,0.378
21023,2019-03-23 03:59:14,0.290
21024,2019-03-23 03:59:16,0.296
21025,2019-03-23 03:59:16,0.295
21026,2019-03-23 03:59:16,0.294
21027,2019-03-23 03:59:17,0.283
21028,2019-03-23 03:59:17,0.282
21029,2019-03-23 03:59:18,0.281
21030,2019-03-23 03:59:19,0.289
21031,2019-03-23 03:59:20,0.291
21032,2019-03-23 03:59:20,0.292
21033,2019-03-23 03:59:20,0.281
21034,2019-03-23 03:59:21,0.288
21035,2019-03-23 03:59:24,0.293
21036,2019-03-23 03:59:24,0.270
21037,2019-03-23 03:59:25,0.295
21038,2019-03-23 03:59:26,0.284
21039,2019-03-23 03:59:27,0.278
21040,2019-03-23 03:59:27,0.289
21041,2019-03-23 03:59:27,0.293
21042,2019-03-23 03:59:28,0.286
21043,2019-03-23 03:59:28,0.286
21044,2019-03-23 03:59:29,0.289
21045,2019-03-23 03:59:29,0.300
21046,2019-03-23 03:59:29,0.291
21047,2019-03-23 03:59:30,0.280
21048,2019-03-23 03:59:30,0.281
21049,2019-03-23 03:59:30,0.291
21050,2019-03-23 03:59:30,0.296
21051,2019-03-23 03:59:31,0.292
21052,2019-03-23 03:59:31,0.285
21053,2019-03-23 03:59:32,0.288
21054,2019-03-23 03:59:32,0.290
21055,2019-03-23 03:59:33,0.285
21056,2019-03-23 03:59:34,0.295
21057,2019-03-23 03:59:35,0.292
21058,2019-03-23 03:59:36,0.283
21059,2019-03-23 03:59:36,0.276
21060,2019-03-23 03:59:36,0.314
21061,2019-03-23 03:59:36,0.291
21062,2019-03-23 03:59:37,0.288
21063,2019-03-23 03:59:37,0.285
21064,2019-03-23 03:59:37,0.284
21065,2019-03-23 03:59:38,0.285
21066,2019-03-23 03:59:38,0.295
21067,2019-03-23 03:59:39,0.316
21068,2019-03-23 03:59:39,0.296
21069,2019-03-23 03:59:40,0.302
21070,2019-03-23 03:59:40,0.348
21071,2019-03-23 03:59:41,0.276
21072,2019-03-23 03:59:41,0.301
21073,2019-03-23 03:59:41,0.294
21074,2019-03-23 03:59:42,0.303
21075,2019-03-23 03:59:43,0.308
21076,2019-03-23 03:59:44,0.295
21077,2019-03-23 03:59:44,0.303
21078,2019-03-23 03:59:44,0.301
21079,2019-03-23 03:59:45,0.348
21080,2019-03-23 03:59:46,0.298
21081,2019-03-23 03:59:46,0.301
21082,2019-03-23 03:59:46,0.307
21083,2019-03-23 03:59:47,0.302
21084,2019-03-23 03:59:48,0.314
21085,2019-03-23 03:59:49,0.280
21086,2019-03-23 03:59:49,0.309
21087,2019-03-23 03:59:49,0.299
21088,2019-03-23 03:59:49,0.287
21089,2019-03-23 03:59:49,0.299
21090,2019-03-23 03:59:49,0.296
21091,2019-03-23 03:59:52,0.290
21092,2019-03-23 03:59:53,0.297
21093,2019-03-23 03:59:53,0.302
21094,2019-03-23 03:59:54,0.295
21095,2019-03-23 03:59:54,0.298
21096,2019-03-23 03:59:55,0.307
21097,2019-03-23 03:59:55,0.314
21098,2019-03-23 03:59:55,0.306
21099,2019-03-23 03:59:56,0.299
21100,2019-03-23 03:59:56,0.316
21101,2019-03-23 03:59:56,0.204
21102,2019-03-23 03:59:56,0.318
21103,2019-03-23 03:59:57,0.305
21104,2019-03-23 03:59:57,0.311
21105,2019-03-23 03:59:58,0.303
21106,2019-03-23 03:59:58,0.306
21107,2019-03-23 03:59:58,0.311
21108,2019-03-23 03:59:59,0.310
21109,2019-03-23 04:00:00,0.296
21110,2019-03-23 04:00:00,0.291
21111,2019-03-23 04:00:01,0.281
21112,2019-03-23 04:00:02,0.313
21113,2019-03-23 04:00:03,0.296
21114,2019-03-23 04:00:03,0.296
21115,2019-03-23 04:00:03,0.292
21116,2019-03-23 04:00:04,0.318
21117,2019-03-23 04:00:04,0.289
21118,2019-03-23 04:00:04,0.283
21119,2019-03-23 04:00:04,0.284
21120,2019-03-23 04:00:05,0.287
21121,2019-03-23 04:00:06,0.313
21122,2019-03-23 04:00:06,0.296
21123,2019-03-23 04:00:06,0.310
21124,2019-03-23 04:00:07,0.305
21125,2019-03-23 04:00:07,0.334
21126,2019-03-23 04:00:09,0.306
21127,2019-03-23 04:00:10,0.312
21128,2019-03-23 04:00:11,0.309
21129,2019-03-23 04:00:11,0.296
21130,2019-03-23 04:00:11,0.302
21131,2019-03-23 04:00:12,0.304
21132,2019-03-23 04:00:12,0.348
21133,2019-03-23 04:00:13,0.312
21134,2019-03-23 04:00:13,0.311
21135,2019-03-23 04:00:13,0.303
21136,2019-03-23 04:00:14,0.293
21137,2019-03-23 04:00:14,0.293
21138,2019-03-23 04:00:14,0.326
21139,2019-03-23 04:00:14,0.309
21140,2019-03-23 04:00:15,0.295
21141,2019-03-23 04:00:15,0.297
21142,2019-03-23 04:00:15,0.300
21143,2019-03-23 04:00:17,0.304
21144,2019-03-23 04:00:18,0.314
21145,2019-03-23 04:00:18,0.280
21146,2019-03-23 04:00:18,0.289
21147,2019-03-23 04:00:19,0.438
21148,2019-03-23 04:00:20,0.302
21149,2019-03-23 04:00:20,0.303
21150,2019-03-23 04:00:21,0.302
21151,2019-03-23 04:00:21,0.301
21152,2019-03-23 04:00:22,0.303
21153,2019-03-23 04:00:23,0.287
21154,2019-03-23 04:00:23,0.191
21155,2019-03-23 04:00:23,0.287
21156,2019-03-23 04:00:25,0.300
21157,2019-03-23 04:00:25,0.293
21158,2019-03-23 04:00:25,0.287
21159,2019-03-23 04:00:26,0.302
21160,2019-03-23 04:00:26,0.303
21161,2019-03-23 04:00:28,0.278
21162,2019-03-23 04:00:29,0.290
21163,2019-03-23 04:00:30,0.283
21164,2019-03-23 04:00:30,0.285
21165,2019-03-23 04:00:30,0.290
21166,2019-03-23 04:00:31,0.294
21167,2019-03-23 04:00:31,0.286
21168,2019-03-23 04:00:32,0.291
21169,2019-03-23 04:00:33,0.289
21170,2019-03-23 04:00:34,0.288
21171,2019-03-23 04:00:34,0.290
21172,2019-03-23 04:00:35,0.293
21173,2019-03-23 04:00:35,0.301
21174,2019-03-23 04:00:36,0.291
21175,2019-03-23 04:00:36,0.291
21176,2019-03-23 04:00:37,0.290
21177,2019-03-23 04:00:37,0.294
21178,2019-03-23 04:00:37,0.287
21179,2019-03-23 04:00:37,0.293
21180,2019-03-23 04:00:38,0.295
21181,2019-03-23 04:00:38,0.300
21182,2019-03-23 04:00:38,0.289
21183,2019-03-23 04:00:39,0.296
21184,2019-03-23 04:00:39,0.295
21185,2019-03-23 04:00:40,0.299
21186,2019-03-23 04:00:41,0.276
21187,2019-03-23 04:00:41,0.285
21188,2019-03-23 04:00:41,0.289
21189,2019-03-23 04:00:42,0.273
21190,2019-03-23 04:00:43,0.299
21191,2019-03-23 04:00:43,0.302
21192,2019-03-23 04:00:46,0.285
21193,2019-03-23 04:00:47,0.294
21194,2019-03-23 04:00:47,0.295
21195,2019-03-23 04:00:49,0.284
21196,2019-03-23 04:00:49,0.334
21197,2019-03-23 04:00:49,0.354
21198,2019-03-23 04:00:49,0.323
21199,2019-03-23 04:00:49,0.284
21200,2019-03-23 04:00:49,0.287
21201,2019-03-23 04:00:49,0.272
21202,2019-03-23 04:00:52,0.297
21203,2019-03-23 04:00:53,0.290
21204,2019-03-23 04:00:55,0.301
21205,2019-03-23 04:00:55,0.303
21206,2019-03-23 04:00:57,0.307
21207,2019-03-23 04:00:58,0.294
21208,2019-03-23 04:00:58,0.280
21209,2019-03-23 04:00:58,0.290
21210,2019-03-23 04:00:58,0.284
21211,2019-03-23 04:00:59,0.296
21212,2019-03-23 04:01:00,0.281
21213,2019-03-23 04:01:00,0.287
21214,2019-03-23 04:01:01,0.299
21215,2019-03-23 04:01:01,0.295
21216,2019-03-23 04:01:02,0.295
21217,2019-03-23 04:01:03,0.282
21218,2019-03-23 04:01:03,0.289
21219,2019-03-23 04:01:04,0.296
21220,2019-03-23 04:01:04,0.285
21221,2019-03-23 04:01:05,0.298
21222,2019-03-23 04:01:05,0.289
21223,2019-03-23 04:01:05,0.298
21224,2019-03-23 04:01:05,0.345
21225,2019-03-23 04:01:06,0.291
21226,2019-03-23 04:01:06,0.193
21227,2019-03-23 04:01:07,0.299
21228,2019-03-23 04:01:09,0.286
21229,2019-03-23 04:01:10,0.293
21230,2019-03-23 04:01:11,0.273
21231,2019-03-23 04:01:11,0.299
21232,2019-03-23 04:01:11,0.294
21233,2019-03-23 04:01:12,0.304
21234,2019-03-23 04:01:13,0.307
21235,2019-03-23 04:01:13,0.287
21236,2019-03-23 04:01:13,0.280
21237,2019-03-23 04:01:14,0.285
21238,2019-03-23 04:01:14,0.275
21239,2019-03-23 04:01:14,0.280
21240,2019-03-23 04:01:15,0.279
21241,2019-03-23 04:01:15,0.293
21242,2019-03-23 04:01:16,0.288
21243,2019-03-23 04:01:16,0.298
21244,2019-03-23 04:01:16,0.302
21245,2019-03-23 04:01:17,0.271
21246,2019-03-23 04:01:17,0.292
21247,2019-03-23 04:01:18,0.283
21248,2019-03-23 04:01:19,0.282
21249,2019-03-23 04:01:19,0.283
21250,2019-03-23 04:01:20,0.295
21251,2019-03-23 04:01:20,0.284
21252,2019-03-23 04:01:20,0.294
21253,2019-03-23 04:01:20,0.304
21254,2019-03-23 04:01:21,0.284
21255,2019-03-23 04:01:21,0.293
21256,2019-03-23 04:01:21,0.288
21257,2019-03-23 04:01:22,0.300
21258,2019-03-23 04:01:22,0.286
21259,2019-03-23 04:01:24,0.283
21260,2019-03-23 04:01:24,0.283
21261,2019-03-23 04:01:25,0.288
21262,2019-03-23 04:01:25,0.292
21263,2019-03-23 04:01:25,0.293
21264,2019-03-23 04:01:26,0.277
21265,2019-03-23 04:01:26,0.213
21266,2019-03-23 04:01:26,0.291
21267,2019-03-23 04:01:27,0.311
21268,2019-03-23 04:01:28,0.288
21269,2019-03-23 04:01:29,0.287
21270,2019-03-23 04:01:29,0.292
21271,2019-03-23 04:01:29,0.290
21272,2019-03-23 04:01:29,0.282
21273,2019-03-23 04:01:29,0.299
21274,2019-03-23 04:01:30,0.290
21275,2019-03-23 04:01:31,0.281
21276,2019-03-23 04:01:31,0.284
21277,2019-03-23 04:01:33,0.284
21278,2019-03-23 04:01:34,0.373
21279,2019-03-23 04:01:34,0.286
21280,2019-03-23 04:01:34,0.285
21281,2019-03-23 04:01:35,0.288
21282,2019-03-23 04:01:36,0.287
21283,2019-03-23 04:01:36,0.284
21284,2019-03-23 04:01:37,0.194
21285,2019-03-23 04:01:37,0.291
21286,2019-03-23 04:01:37,0.292
21287,2019-03-23 04:01:38,0.293
21288,2019-03-23 04:01:39,0.290
21289,2019-03-23 04:01:39,0.292
21290,2019-03-23 04:01:39,0.298
21291,2019-03-23 04:01:40,0.284
21292,2019-03-23 04:01:41,0.292
21293,2019-03-23 04:01:41,0.293
21294,2019-03-23 04:01:42,0.296
21295,2019-03-23 04:01:43,0.300
21296,2019-03-23 04:01:43,0.290
21297,2019-03-23 04:01:43,0.284
21298,2019-03-23 04:01:44,0.287
21299,2019-03-23 04:01:44,0.294
21300,2019-03-23 04:01:45,0.290
21301,2019-03-23 04:01:46,0.298
21302,2019-03-23 04:01:46,0.289
21303,2019-03-23 04:01:46,0.291
21304,2019-03-23 04:01:48,0.296
21305,2019-03-23 04:01:48,0.295
21306,2019-03-23 04:01:48,0.299
21307,2019-03-23 04:01:48,0.286
21308,2019-03-23 04:01:49,0.287
21309,2019-03-23 04:01:49,0.299
21310,2019-03-23 04:01:50,0.297
21311,2019-03-23 04:01:51,0.299
21312,2019-03-23 04:01:53,0.288
21313,2019-03-23 04:01:54,0.298
21314,2019-03-23 04:01:55,0.291
21315,2019-03-23 04:01:55,0.286
21316,2019-03-23 04:01:55,0.310
21317,2019-03-23 04:01:56,0.300
21318,2019-03-23 04:01:57,0.295
21319,2019-03-23 04:01:57,0.213
21320,2019-03-23 04:01:58,0.283
21321,2019-03-23 04:01:58,0.283
21322,2019-03-23 04:01:59,0.302
21323,2019-03-23 04:02:00,0.309
21324,2019-03-23 04:02:00,0.293
21325,2019-03-23 04:02:01,0.284
21326,2019-03-23 04:02:01,0.215
21327,2019-03-23 04:02:01,0.304
21328,2019-03-23 04:02:02,0.293
21329,2019-03-23 04:02:03,0.300
21330,2019-03-23 04:02:03,0.331
21331,2019-03-23 04:02:03,0.299
21332,2019-03-23 04:02:04,0.275
21333,2019-03-23 04:02:04,0.268
21334,2019-03-23 04:02:05,0.295
21335,2019-03-23 04:02:05,0.277
21336,2019-03-23 04:02:06,0.298
21337,2019-03-23 04:02:06,0.281
21338,2019-03-23 04:02:06,0.303
21339,2019-03-23 04:02:06,0.284
21340,2019-03-23 04:02:07,0.290
21341,2019-03-23 04:02:07,0.295
21342,2019-03-23 04:02:09,0.297
21343,2019-03-23 04:02:09,0.297
21344,2019-03-23 04:02:10,0.285
21345,2019-03-23 04:02:11,0.277
21346,2019-03-23 04:02:11,0.294
21347,2019-03-23 04:02:11,0.286
21348,2019-03-23 04:02:11,0.280
21349,2019-03-23 04:02:12,0.281
21350,2019-03-23 04:02:12,0.294
21351,2019-03-23 04:02:13,0.285
21352,2019-03-23 04:02:13,0.292
21353,2019-03-23 04:02:15,0.293
21354,2019-03-23 04:02:15,0.280
21355,2019-03-23 04:02:16,0.286
21356,2019-03-23 04:02:16,0.213
21357,2019-03-23 04:02:17,0.299
21358,2019-03-23 04:02:18,0.295
21359,2019-03-23 04:02:19,0.284
21360,2019-03-23 04:02:19,0.292
21361,2019-03-23 04:02:20,0.294
21362,2019-03-23 04:02:21,0.272
21363,2019-03-23 04:02:21,0.290
21364,2019-03-23 04:02:21,0.291
21365,2019-03-23 04:02:21,0.285
21366,2019-03-23 04:02:21,0.294
21367,2019-03-23 04:02:22,0.297
21368,2019-03-23 04:02:22,0.291
21369,2019-03-23 04:02:23,0.301
21370,2019-03-23 04:02:23,0.280
21371,2019-03-23 04:02:23,0.292
21372,2019-03-23 04:02:24,0.295
21373,2019-03-23 04:02:24,0.279
21374,2019-03-23 04:02:25,0.301
21375,2019-03-23 04:02:26,0.299
21376,2019-03-23 04:02:26,0.291
21377,2019-03-23 04:02:27,0.289
21378,2019-03-23 04:02:27,0.280
21379,2019-03-23 04:02:28,0.290
21380,2019-03-23 04:02:28,0.289
21381,2019-03-23 04:02:30,0.280
21382,2019-03-23 04:02:30,0.280
21383,2019-03-23 04:02:31,0.287
21384,2019-03-23 04:02:31,0.297
21385,2019-03-23 04:02:33,0.288
21386,2019-03-23 04:02:34,0.282
21387,2019-03-23 04:02:35,0.289
21388,2019-03-23 04:02:36,0.217
21389,2019-03-23 04:02:36,0.280
21390,2019-03-23 04:02:37,0.297
21391,2019-03-23 04:02:37,0.298
21392,2019-03-23 04:02:38,0.294
21393,2019-03-23 04:02:38,0.297
21394,2019-03-23 04:02:38,0.293
21395,2019-03-23 04:02:39,0.290
21396,2019-03-23 04:02:39,0.299
21397,2019-03-23 04:02:40,0.290
21398,2019-03-23 04:02:40,0.279
21399,2019-03-23 04:02:41,0.277
21400,2019-03-23 04:02:42,0.288
21401,2019-03-23 04:02:42,0.293
21402,2019-03-23 04:02:43,0.284
21403,2019-03-23 04:02:43,0.287
21404,2019-03-23 04:02:43,0.281
21405,2019-03-23 04:02:43,0.287
21406,2019-03-23 04:02:44,0.282
21407,2019-03-23 04:02:44,0.283
21408,2019-03-23 04:02:44,0.290
21409,2019-03-23 04:02:44,0.288
21410,2019-03-23 04:02:45,0.286
21411,2019-03-23 04:02:45,0.295
21412,2019-03-23 04:02:46,0.290
21413,2019-03-23 04:02:47,0.297
21414,2019-03-23 04:02:48,0.282
21415,2019-03-23 04:02:48,0.271
21416,2019-03-23 04:02:49,0.280
21417,2019-03-23 04:02:49,0.272
21418,2019-03-23 04:02:49,0.289
21419,2019-03-23 04:02:49,0.275
21420,2019-03-23 04:02:51,0.294
21421,2019-03-23 04:02:51,0.294
21422,2019-03-23 04:02:51,0.280
21423,2019-03-23 04:02:51,0.264
21424,2019-03-23 04:02:53,0.295
21425,2019-03-23 04:02:53,0.319
21426,2019-03-23 04:02:54,0.285
21427,2019-03-23 04:02:54,0.285
21428,2019-03-23 04:02:54,0.280
21429,2019-03-23 04:02:54,0.291
21430,2019-03-23 04:02:54,0.293
21431,2019-03-23 04:02:55,0.278
21432,2019-03-23 04:02:55,0.303
21433,2019-03-23 04:02:55,0.299
21434,2019-03-23 04:02:56,0.292
21435,2019-03-23 04:02:56,0.298
21436,2019-03-23 04:02:56,0.297
21437,2019-03-23 04:02:57,0.303
21438,2019-03-23 04:02:57,0.294
21439,2019-03-23 04:02:57,0.271
21440,2019-03-23 04:02:57,0.297
21441,2019-03-23 04:02:58,0.297
21442,2019-03-23 04:02:58,0.290
21443,2019-03-23 04:02:59,0.277
21444,2019-03-23 04:03:00,0.283
21445,2019-03-23 04:03:00,0.294
21446,2019-03-23 04:03:00,0.297
21447,2019-03-23 04:03:00,0.293
21448,2019-03-23 04:03:00,0.291
21449,2019-03-23 04:03:01,0.296
21450,2019-03-23 04:03:01,0.288
21451,2019-03-23 04:03:02,0.321
21452,2019-03-23 04:03:02,0.310
21453,2019-03-23 04:03:03,0.302
21454,2019-03-23 04:03:03,0.287
21455,2019-03-23 04:03:03,0.301
21456,2019-03-23 04:03:05,0.296
21457,2019-03-23 04:03:06,0.303
21458,2019-03-23 04:03:07,0.290
21459,2019-03-23 04:03:07,0.295
21460,2019-03-23 04:03:09,0.312
21461,2019-03-23 04:03:09,0.280
21462,2019-03-23 04:03:10,0.293
21463,2019-03-23 04:03:10,0.273
21464,2019-03-23 04:03:10,0.296
21465,2019-03-23 04:03:11,0.285
21466,2019-03-23 04:03:11,0.191
21467,2019-03-23 04:03:11,0.284
21468,2019-03-23 04:03:12,0.317
21469,2019-03-23 04:03:12,0.282
21470,2019-03-23 04:03:13,0.292
21471,2019-03-23 04:03:13,0.301
21472,2019-03-23 04:03:14,0.291
21473,2019-03-23 04:03:15,0.294
21474,2019-03-23 04:03:16,0.307
21475,2019-03-23 04:03:16,0.294
21476,2019-03-23 04:03:17,0.292
21477,2019-03-23 04:03:17,0.266
21478,2019-03-23 04:03:18,0.300
21479,2019-03-23 04:03:19,0.296
21480,2019-03-23 04:03:19,0.297
21481,2019-03-23 04:03:19,0.282
21482,2019-03-23 04:03:20,0.289
21483,2019-03-23 04:03:20,0.286
21484,2019-03-23 04:03:20,0.307
21485,2019-03-23 04:03:20,0.287
21486,2019-03-23 04:03:21,0.296
21487,2019-03-23 04:03:21,0.273
21488,2019-03-23 04:03:21,0.292
21489,2019-03-23 04:03:21,0.280
21490,2019-03-23 04:03:21,0.295
21491,2019-03-23 04:03:22,0.332
21492,2019-03-23 04:03:23,0.290
21493,2019-03-23 04:03:23,0.280
21494,2019-03-23 04:03:23,0.289
21495,2019-03-23 04:03:23,0.300
21496,2019-03-23 04:03:24,0.295
21497,2019-03-23 04:03:24,0.294
21498,2019-03-23 04:03:25,0.309
21499,2019-03-23 04:03:26,0.280
21500,2019-03-23 04:03:26,0.314
21501,2019-03-23 04:03:27,0.281
21502,2019-03-23 04:03:27,0.307
21503,2019-03-23 04:03:27,0.325
21504,2019-03-23 04:03:27,0.278
21505,2019-03-23 04:03:28,0.315
21506,2019-03-23 04:03:29,0.297
21507,2019-03-23 04:03:29,0.292
21508,2019-03-23 04:03:29,0.301
21509,2019-03-23 04:03:29,0.285
21510,2019-03-23 04:03:30,0.282
21511,2019-03-23 04:03:31,0.283
21512,2019-03-23 04:03:31,0.284
21513,2019-03-23 04:03:31,0.292
21514,2019-03-23 04:03:32,0.279
21515,2019-03-23 04:03:33,0.283
21516,2019-03-23 04:03:33,0.306
21517,2019-03-23 04:03:34,0.298
21518,2019-03-23 04:03:35,0.296
21519,2019-03-23 04:03:35,0.292
21520,2019-03-23 04:03:35,0.297
21521,2019-03-23 04:03:35,0.293
21522,2019-03-23 04:03:36,0.293
21523,2019-03-23 04:03:36,0.291
21524,2019-03-23 04:03:37,0.289
21525,2019-03-23 04:03:38,0.309
21526,2019-03-23 04:03:38,0.288
21527,2019-03-23 04:03:38,0.299
21528,2019-03-23 04:03:39,0.303
21529,2019-03-23 04:03:39,0.265
21530,2019-03-23 04:03:40,0.297
21531,2019-03-23 04:03:40,0.305
21532,2019-03-23 04:03:41,0.283
21533,2019-03-23 04:03:41,0.294
21534,2019-03-23 04:03:41,0.298
21535,2019-03-23 04:03:42,0.289
21536,2019-03-23 04:03:43,0.290
21537,2019-03-23 04:03:43,0.298
21538,2019-03-23 04:03:43,0.276
21539,2019-03-23 04:03:43,0.289
21540,2019-03-23 04:03:44,0.287
21541,2019-03-23 04:03:44,0.293
21542,2019-03-23 04:03:45,0.286
21543,2019-03-23 04:03:45,0.300
21544,2019-03-23 04:03:45,0.297
21545,2019-03-23 04:03:46,0.291
21546,2019-03-23 04:03:46,0.296
21547,2019-03-23 04:03:47,0.310
21548,2019-03-23 04:03:47,0.291
21549,2019-03-23 04:03:48,0.290
21550,2019-03-23 04:03:49,0.290
21551,2019-03-23 04:03:49,0.289
21552,2019-03-23 04:03:50,0.279
21553,2019-03-23 04:03:51,0.288
21554,2019-03-23 04:03:51,0.304
21555,2019-03-23 04:03:51,0.301
21556,2019-03-23 04:03:52,0.287
21557,2019-03-23 04:03:52,0.289
21558,2019-03-23 04:03:53,0.300
21559,2019-03-23 04:03:54,0.284
21560,2019-03-23 04:03:55,0.287
21561,2019-03-23 04:03:55,0.289
21562,2019-03-23 04:03:55,0.293
21563,2019-03-23 04:03:55,0.291
21564,2019-03-23 04:03:57,0.285
21565,2019-03-23 04:03:59,0.295
21566,2019-03-23 04:04:01,0.290
21567,2019-03-23 04:04:01,0.304
21568,2019-03-23 04:04:02,0.294
21569,2019-03-23 04:04:03,0.286
21570,2019-03-23 04:04:03,0.274
21571,2019-03-23 04:04:04,0.284
21572,2019-03-23 04:04:05,0.290
21573,2019-03-23 04:04:06,0.297
21574,2019-03-23 04:04:06,0.288
21575,2019-03-23 04:04:07,0.298
21576,2019-03-23 04:04:07,0.309
21577,2019-03-23 04:04:08,0.305
21578,2019-03-23 04:04:09,0.294
21579,2019-03-23 04:04:09,0.281
21580,2019-03-23 04:04:10,0.313
21581,2019-03-23 04:04:10,0.306
21582,2019-03-23 04:04:11,0.213
21583,2019-03-23 04:04:13,0.289
21584,2019-03-23 04:04:13,0.284
21585,2019-03-23 04:04:14,0.287
21586,2019-03-23 04:04:15,0.305
21587,2019-03-23 04:04:15,0.285
21588,2019-03-23 04:04:16,0.285
21589,2019-03-23 04:04:17,0.293
21590,2019-03-23 04:04:17,0.377
21591,2019-03-23 04:04:17,0.285
21592,2019-03-23 04:04:18,0.280
21593,2019-03-23 04:04:18,0.292
21594,2019-03-23 04:04:18,0.273
21595,2019-03-23 04:04:18,0.279
21596,2019-03-23 04:04:18,0.288
21597,2019-03-23 04:04:19,0.303
21598,2019-03-23 04:04:20,0.297
21599,2019-03-23 04:04:20,0.275
21600,2019-03-23 04:04:20,0.305
21601,2019-03-23 04:04:21,0.267
21602,2019-03-23 04:04:21,0.294
21603,2019-03-23 04:04:22,0.291
21604,2019-03-23 04:04:22,0.287
21605,2019-03-23 04:04:23,0.299
21606,2019-03-23 04:07:51,0.286
21607,2019-03-23 04:07:52,0.281
21608,2019-03-23 04:07:52,0.277
21609,2019-03-23 04:07:52,0.291
21610,2019-03-23 04:07:53,0.298
21611,2019-03-23 04:07:53,0.287
21612,2019-03-23 04:07:53,0.285
21613,2019-03-23 04:07:54,0.284
21614,2019-03-23 04:07:54,0.285
21615,2019-03-23 04:07:54,0.290
21616,2019-03-23 04:07:54,0.295
21617,2019-03-23 04:07:54,0.281
21618,2019-03-23 04:07:54,0.292
21619,2019-03-23 04:07:54,0.296
21620,2019-03-23 04:07:55,0.301
21621,2019-03-23 04:07:55,0.288
21622,2019-03-23 04:07:55,0.283
21623,2019-03-23 04:07:55,0.292
21624,2019-03-23 04:07:55,0.277
21625,2019-03-23 04:07:55,0.283
21626,2019-03-23 04:07:56,0.279
21627,2019-03-23 04:07:56,0.290
21628,2019-03-23 04:07:57,0.284
21629,2019-03-23 04:07:57,0.289
21630,2019-03-23 04:07:57,0.288
21631,2019-03-23 04:07:57,0.302
21632,2019-03-23 04:07:57,0.300
21633,2019-03-23 04:07:57,0.283
21634,2019-03-23 04:07:58,0.286
21635,2019-03-23 04:07:58,0.289
21636,2019-03-23 04:07:58,0.286
21637,2019-03-23 04:07:58,0.297
21638,2019-03-23 04:07:58,0.305
21639,2019-03-23 04:07:59,0.301
21640,2019-03-23 04:07:59,0.285
21641,2019-03-23 04:08:00,0.294
21642,2019-03-23 04:08:00,0.285
21643,2019-03-23 04:08:00,0.292
21644,2019-03-23 04:08:00,0.294
21645,2019-03-23 04:08:00,0.289
21646,2019-03-23 04:08:01,0.294
21647,2019-03-23 04:08:01,0.286
21648,2019-03-23 04:08:01,0.292
21649,2019-03-23 04:08:01,0.279
21650,2019-03-23 04:08:01,0.272
21651,2019-03-23 04:08:01,0.298
21652,2019-03-23 04:08:02,0.298
21653,2019-03-23 04:08:02,0.301
21654,2019-03-23 04:08:02,0.280
21655,2019-03-23 04:08:03,0.289
21656,2019-03-23 04:08:03,0.281
21657,2019-03-23 04:08:03,0.308
21658,2019-03-23 04:08:03,0.279
21659,2019-03-23 04:08:04,0.282
21660,2019-03-23 04:08:04,0.285
21661,2019-03-23 04:08:04,0.288
21662,2019-03-23 04:08:04,0.283
21663,2019-03-23 04:08:04,0.289
21664,2019-03-23 04:08:05,0.293
21665,2019-03-23 04:08:05,0.275
21666,2019-03-23 04:08:05,0.287
21667,2019-03-23 04:08:05,0.289
21668,2019-03-23 04:08:06,0.288
21669,2019-03-23 04:08:06,0.298
21670,2019-03-23 04:08:06,0.285
21671,2019-03-23 04:08:06,0.290
21672,2019-03-23 04:08:07,0.295
21673,2019-03-23 04:08:07,0.288
21674,2019-03-23 04:08:07,0.293
21675,2019-03-23 04:08:08,0.278
21676,2019-03-23 04:08:08,0.211
21677,2019-03-23 04:08:08,0.284
21678,2019-03-23 04:08:08,0.264
21679,2019-03-23 04:08:10,0.284
21680,2019-03-23 04:08:10,0.280
21681,2019-03-23 04:08:10,0.272
21682,2019-03-23 04:08:10,0.292
21683,2019-03-23 04:08:11,0.281
21684,2019-03-23 04:08:11,0.289
21685,2019-03-23 04:08:12,0.285
21686,2019-03-23 04:08:12,0.278
21687,2019-03-23 04:08:12,0.294
21688,2019-03-23 04:08:13,0.288
21689,2019-03-23 04:08:14,0.272
21690,2019-03-23 04:08:14,0.281
21691,2019-03-23 04:08:14,0.278
21692,2019-03-23 04:08:14,0.288
21693,2019-03-23 04:08:14,0.288
21694,2019-03-23 04:08:15,0.294
21695,2019-03-23 04:08:16,0.284
21696,2019-03-23 04:08:16,0.275
21697,2019-03-23 04:08:17,0.278
21698,2019-03-23 04:08:18,0.298
21699,2019-03-23 04:08:18,0.300
21700,2019-03-23 04:08:18,0.284
21701,2019-03-23 04:08:18,0.292
21702,2019-03-23 04:08:18,0.292
21703,2019-03-23 04:08:19,0.303
21704,2019-03-23 04:08:19,0.289
21705,2019-03-23 04:08:19,0.293
21706,2019-03-23 04:08:20,0.294
21707,2019-03-23 04:08:20,0.308
21708,2019-03-23 04:08:20,0.280
21709,2019-03-23 04:08:21,0.290
21710,2019-03-23 04:08:21,0.284
21711,2019-03-23 04:08:21,0.297
21712,2019-03-23 04:08:21,0.305
21713,2019-03-23 04:08:22,0.298
21714,2019-03-23 04:08:23,0.295
21715,2019-03-23 04:08:23,0.285
21716,2019-03-23 04:08:24,0.293
21717,2019-03-23 04:08:24,0.290
21718,2019-03-23 04:08:25,0.299
21719,2019-03-23 04:08:25,0.292
21720,2019-03-23 04:08:26,0.292
21721,2019-03-23 04:08:26,0.295
21722,2019-03-23 04:08:26,0.292
21723,2019-03-23 04:08:27,0.291
21724,2019-03-23 04:08:27,0.297
21725,2019-03-23 04:08:27,0.291
21726,2019-03-23 04:08:28,0.294
21727,2019-03-23 04:08:28,0.287
21728,2019-03-23 04:08:29,0.291
21729,2019-03-23 04:08:29,0.287
21730,2019-03-23 04:08:30,0.297
21731,2019-03-23 04:08:30,0.278
21732,2019-03-23 04:08:30,0.275
21733,2019-03-23 04:08:31,0.292
21734,2019-03-23 04:08:32,0.287
21735,2019-03-23 04:08:33,0.298
21736,2019-03-23 04:08:33,0.291
21737,2019-03-23 04:08:34,0.275
21738,2019-03-23 04:08:34,0.284
21739,2019-03-23 04:08:34,0.304
21740,2019-03-23 04:08:35,0.286
21741,2019-03-23 04:08:35,0.286
21742,2019-03-23 04:08:35,0.293
21743,2019-03-23 04:08:36,0.303
21744,2019-03-23 04:08:36,0.295
21745,2019-03-23 04:08:37,0.295
21746,2019-03-23 04:08:39,0.297
21747,2019-03-23 04:08:40,0.299
21748,2019-03-23 04:08:41,0.292
21749,2019-03-23 04:08:41,0.292
21750,2019-03-23 04:08:42,0.277
21751,2019-03-23 04:08:42,0.283
21752,2019-03-23 04:08:43,0.292
21753,2019-03-23 04:08:43,0.293
21754,2019-03-23 04:08:44,0.285
21755,2019-03-23 04:08:45,0.288
21756,2019-03-23 04:08:46,0.285
21757,2019-03-23 04:08:46,0.291
21758,2019-03-23 04:08:47,0.286
21759,2019-03-23 04:08:47,0.277
21760,2019-03-23 04:08:48,0.285
21761,2019-03-23 04:08:48,0.289
21762,2019-03-23 04:08:49,0.297
21763,2019-03-23 04:08:51,0.280
21764,2019-03-23 04:08:52,0.292
21765,2019-03-23 04:08:53,0.293
21766,2019-03-23 04:08:53,0.285
21767,2019-03-23 04:08:54,0.282
21768,2019-03-23 04:08:54,0.278
21769,2019-03-23 04:08:54,0.282
21770,2019-03-23 04:08:54,0.296
21771,2019-03-23 04:08:55,0.277
21772,2019-03-23 04:08:55,0.288
21773,2019-03-23 04:08:56,0.277
21774,2019-03-23 04:08:56,0.289
21775,2019-03-23 04:08:57,0.301
21776,2019-03-23 04:08:57,0.307
21777,2019-03-23 04:08:58,0.286
21778,2019-03-23 04:09:00,0.287
21779,2019-03-23 04:09:00,0.292
21780,2019-03-23 04:09:01,0.298
21781,2019-03-23 04:09:01,0.284
21782,2019-03-23 04:09:02,0.301
21783,2019-03-23 04:09:02,0.293
21784,2019-03-23 04:09:03,0.288
21785,2019-03-23 04:09:04,0.297
21786,2019-03-23 04:09:04,0.285
21787,2019-03-23 04:09:04,0.297
21788,2019-03-23 04:09:05,0.291
21789,2019-03-23 04:09:05,0.308
21790,2019-03-23 04:09:05,0.292
21791,2019-03-23 04:09:06,0.278
21792,2019-03-23 04:09:07,0.280
21793,2019-03-23 04:09:08,0.288
21794,2019-03-23 04:09:09,0.279
21795,2019-03-23 04:09:10,0.294
21796,2019-03-23 04:09:10,0.274
21797,2019-03-23 04:09:10,0.281
21798,2019-03-23 04:09:12,0.300
21799,2019-03-23 04:09:12,0.298
21800,2019-03-23 04:09:13,0.299
21801,2019-03-23 04:09:13,0.275
21802,2019-03-23 04:09:15,0.292
21803,2019-03-23 04:09:17,0.288
21804,2019-03-23 04:09:18,0.289
21805,2019-03-23 04:09:18,0.294
21806,2019-03-23 04:09:20,0.292
21807,2019-03-23 04:09:21,0.277
21808,2019-03-23 04:09:22,0.299
21809,2019-03-23 04:09:23,0.277
21810,2019-03-23 04:09:23,0.293
21811,2019-03-23 04:09:23,0.306
21812,2019-03-23 04:09:24,0.291
21813,2019-03-23 04:09:24,0.290
21814,2019-03-23 04:09:25,0.282
21815,2019-03-23 04:09:25,0.287
21816,2019-03-23 04:09:25,0.286
21817,2019-03-23 04:09:26,0.293
21818,2019-03-23 04:09:27,0.295
21819,2019-03-23 04:09:27,0.285
21820,2019-03-23 04:09:27,0.287
21821,2019-03-23 04:09:28,0.299
21822,2019-03-23 04:09:28,0.301
21823,2019-03-23 04:09:28,0.303
21824,2019-03-23 04:09:29,0.281
21825,2019-03-23 04:09:29,0.282
21826,2019-03-23 04:09:29,0.280
21827,2019-03-23 04:09:30,0.290
21828,2019-03-23 04:09:30,0.288
21829,2019-03-23 04:09:30,0.280
21830,2019-03-23 04:09:30,0.280
21831,2019-03-23 04:09:30,0.302
21832,2019-03-23 04:09:31,0.294
21833,2019-03-23 04:09:31,0.290
21834,2019-03-23 04:09:33,0.291
21835,2019-03-23 04:09:33,0.289
21836,2019-03-23 04:09:34,0.282
21837,2019-03-23 04:09:35,0.296
21838,2019-03-23 04:09:35,0.297
21839,2019-03-23 04:09:35,0.291
21840,2019-03-23 04:09:37,0.307
21841,2019-03-23 04:09:37,0.312
21842,2019-03-23 04:09:37,0.300
21843,2019-03-23 04:09:37,0.292
21844,2019-03-23 04:09:38,0.293
21845,2019-03-23 04:09:39,0.290
21846,2019-03-23 04:09:40,0.301
21847,2019-03-23 04:09:42,0.300
21848,2019-03-23 04:09:42,0.290
21849,2019-03-23 04:09:43,0.299
21850,2019-03-23 04:09:43,0.309
21851,2019-03-23 04:09:43,0.292
21852,2019-03-23 04:09:44,0.291
21853,2019-03-23 04:09:45,0.288
21854,2019-03-23 04:09:45,0.288
21855,2019-03-23 04:09:46,0.274
21856,2019-03-23 04:09:46,0.296
21857,2019-03-23 04:09:47,0.296
21858,2019-03-23 04:09:47,0.288
21859,2019-03-23 04:09:49,0.307
21860,2019-03-23 04:09:49,0.286
21861,2019-03-23 04:09:50,0.302
21862,2019-03-23 04:09:50,0.290
21863,2019-03-23 04:09:51,0.295
21864,2019-03-23 04:09:51,0.288
21865,2019-03-23 04:09:52,0.290
21866,2019-03-23 04:09:53,0.277
21867,2019-03-23 04:09:54,0.285
21868,2019-03-23 04:09:54,0.288
21869,2019-03-23 04:09:54,0.296
21870,2019-03-23 04:09:55,0.284
21871,2019-03-23 04:09:55,0.296
21872,2019-03-23 04:09:56,0.286
21873,2019-03-23 04:09:56,0.280
21874,2019-03-23 04:09:57,0.287
21875,2019-03-23 04:09:58,0.297
21876,2019-03-23 04:09:58,0.294
21877,2019-03-23 04:09:58,0.296
21878,2019-03-23 04:09:59,0.287
21879,2019-03-23 04:09:59,0.287
21880,2019-03-23 04:10:00,0.294
21881,2019-03-23 04:10:00,0.288
21882,2019-03-23 04:10:00,0.216
21883,2019-03-23 04:10:00,0.289
21884,2019-03-23 04:10:01,0.308
21885,2019-03-23 04:10:02,0.290
21886,2019-03-23 04:10:02,0.292
21887,2019-03-23 04:10:03,0.278
21888,2019-03-23 04:10:03,0.284
21889,2019-03-23 04:10:04,0.300
21890,2019-03-23 04:10:04,0.293
21891,2019-03-23 04:10:06,0.297
21892,2019-03-23 04:10:07,0.286
21893,2019-03-23 04:10:08,0.227
21894,2019-03-23 04:10:09,0.282
21895,2019-03-23 04:10:09,0.295
21896,2019-03-23 04:10:09,0.282
21897,2019-03-23 04:10:10,0.283
21898,2019-03-23 04:10:10,0.267
21899,2019-03-23 04:10:10,0.284
21900,2019-03-23 04:10:11,0.277
21901,2019-03-23 04:10:11,0.297
21902,2019-03-23 04:10:11,0.289
21903,2019-03-23 04:10:12,0.312
21904,2019-03-23 04:10:12,0.289
21905,2019-03-23 04:10:12,0.286
21906,2019-03-23 04:10:13,0.291
21907,2019-03-23 04:10:13,0.409
21908,2019-03-23 04:10:13,0.287
21909,2019-03-23 04:10:14,0.295
21910,2019-03-23 04:10:15,0.305
21911,2019-03-23 04:10:16,0.354
21912,2019-03-23 04:10:17,0.243
21913,2019-03-23 04:10:17,0.304
21914,2019-03-23 04:10:17,0.289
21915,2019-03-23 04:10:19,0.295
21916,2019-03-23 04:10:19,0.285
21917,2019-03-23 04:10:21,0.295
21918,2019-03-23 04:10:21,0.289
21919,2019-03-23 04:10:21,0.288
21920,2019-03-23 04:10:22,0.295
21921,2019-03-23 04:10:22,0.290
21922,2019-03-23 04:10:23,0.293
21923,2019-03-23 04:10:23,0.273
21924,2019-03-23 04:10:23,0.304
21925,2019-03-23 04:10:26,0.285
21926,2019-03-23 04:10:26,0.278
21927,2019-03-23 04:10:26,0.301
21928,2019-03-23 04:10:30,0.284
21929,2019-03-23 04:10:31,0.287
21930,2019-03-23 04:10:32,0.304
21931,2019-03-23 04:10:33,0.289
21932,2019-03-23 04:10:33,0.292
21933,2019-03-23 04:10:33,0.287
21934,2019-03-23 04:10:33,0.290
21935,2019-03-23 04:10:34,0.291
21936,2019-03-23 04:10:34,0.299
21937,2019-03-23 04:10:35,0.284
21938,2019-03-23 04:10:35,0.295
21939,2019-03-23 04:10:36,0.288
21940,2019-03-23 04:10:36,0.285
21941,2019-03-23 04:10:36,0.294
21942,2019-03-23 04:10:36,0.292
21943,2019-03-23 04:10:36,0.293
21944,2019-03-23 04:10:37,0.289
21945,2019-03-23 04:10:37,0.287
21946,2019-03-23 04:10:37,0.300
21947,2019-03-23 04:10:37,0.290
21948,2019-03-23 04:10:38,0.277
21949,2019-03-23 04:10:38,0.292
21950,2019-03-23 04:10:38,0.273
21951,2019-03-23 04:10:39,0.289
21952,2019-03-23 04:10:41,0.283
21953,2019-03-23 04:10:42,0.286
21954,2019-03-23 04:10:43,0.284
21955,2019-03-23 04:10:44,0.282
21956,2019-03-23 04:10:44,0.277
21957,2019-03-23 04:10:45,0.299
21958,2019-03-23 04:10:46,0.301
21959,2019-03-23 04:10:46,0.283
21960,2019-03-23 04:10:46,0.291
21961,2019-03-23 04:10:46,0.284
21962,2019-03-23 04:10:46,0.288
21963,2019-03-23 04:10:48,0.295
21964,2019-03-23 04:10:48,0.295
21965,2019-03-23 04:10:48,0.293
21966,2019-03-23 04:10:49,0.286
21967,2019-03-23 04:10:49,0.294
21968,2019-03-23 04:10:49,0.284
21969,2019-03-23 04:10:51,0.296
21970,2019-03-23 04:10:51,0.287
21971,2019-03-23 04:10:52,0.301
21972,2019-03-23 04:10:52,0.286
21973,2019-03-23 04:10:54,0.296
21974,2019-03-23 04:10:55,0.308
21975,2019-03-23 04:10:55,0.292
21976,2019-03-23 04:10:56,0.283
21977,2019-03-23 04:10:56,0.281
21978,2019-03-23 04:10:56,0.274
21979,2019-03-23 04:10:56,0.294
21980,2019-03-23 04:10:57,0.289
21981,2019-03-23 04:10:57,0.283
21982,2019-03-23 04:10:58,0.282
21983,2019-03-23 04:10:58,0.287
21984,2019-03-23 04:11:00,0.295
21985,2019-03-23 04:11:00,0.301
21986,2019-03-23 04:11:01,0.280
21987,2019-03-23 04:11:01,0.295
21988,2019-03-23 04:11:01,0.283
21989,2019-03-23 04:11:01,0.293
21990,2019-03-23 04:11:01,0.288
21991,2019-03-23 04:11:02,0.294
21992,2019-03-23 04:11:04,0.288
21993,2019-03-23 04:11:04,0.293
21994,2019-03-23 04:11:05,0.289
21995,2019-03-23 04:11:06,0.293
21996,2019-03-23 04:11:06,0.295
21997,2019-03-23 04:11:07,0.293
21998,2019-03-23 04:11:09,0.282
21999,2019-03-23 04:11:09,0.288
22000,2019-03-23 04:11:09,0.288
22001,2019-03-23 04:11:09,0.281
22002,2019-03-23 04:11:10,0.213
22003,2019-03-23 04:11:10,0.291
22004,2019-03-23 04:11:10,0.285
22005,2019-03-23 04:11:11,0.284
22006,2019-03-23 04:11:12,0.284
22007,2019-03-23 04:11:13,0.287
22008,2019-03-23 04:11:13,0.294
22009,2019-03-23 04:11:14,0.296
22010,2019-03-23 04:11:16,0.265
22011,2019-03-23 04:11:16,0.287
22012,2019-03-23 04:11:17,0.281
22013,2019-03-23 04:11:17,0.291
22014,2019-03-23 04:11:18,0.282
22015,2019-03-23 04:11:18,0.290
22016,2019-03-23 04:11:18,0.293
22017,2019-03-23 04:11:18,0.289
22018,2019-03-23 04:11:19,0.288
22019,2019-03-23 04:11:19,0.285
22020,2019-03-23 04:11:20,0.285
22021,2019-03-23 04:11:20,0.275
22022,2019-03-23 04:11:21,0.283
22023,2019-03-23 04:11:21,0.282
22024,2019-03-23 04:11:21,0.298
22025,2019-03-23 04:11:22,0.291
22026,2019-03-23 04:11:23,0.335
22027,2019-03-23 04:11:23,0.281
22028,2019-03-23 04:11:23,0.289
22029,2019-03-23 04:11:24,0.292
22030,2019-03-23 04:11:24,0.287
22031,2019-03-23 04:11:24,0.289
22032,2019-03-23 04:11:24,0.281
22033,2019-03-23 04:11:24,0.284
22034,2019-03-23 04:11:25,0.292
22035,2019-03-23 04:11:25,0.285
22036,2019-03-23 04:11:25,0.287
22037,2019-03-23 04:11:27,0.292
22038,2019-03-23 04:11:28,0.295
22039,2019-03-23 04:11:28,0.295
22040,2019-03-23 04:11:28,0.284
22041,2019-03-23 04:11:29,0.297
22042,2019-03-23 04:11:29,0.317
22043,2019-03-23 04:11:29,0.295
22044,2019-03-23 04:11:31,0.275
22045,2019-03-23 04:11:31,0.296
22046,2019-03-23 04:11:31,0.307
22047,2019-03-23 04:11:31,0.310
22048,2019-03-23 04:11:32,0.273
22049,2019-03-23 04:11:33,0.297
22050,2019-03-23 04:11:33,0.287
22051,2019-03-23 04:11:33,0.281
22052,2019-03-23 04:11:34,0.299
22053,2019-03-23 04:11:34,0.285
22054,2019-03-23 04:11:35,0.300
22055,2019-03-23 04:11:35,0.301
22056,2019-03-23 04:11:35,0.289
22057,2019-03-23 04:11:37,0.276
22058,2019-03-23 04:11:37,0.295
22059,2019-03-23 04:11:38,0.276
22060,2019-03-23 04:11:38,0.276
22061,2019-03-23 04:11:39,0.290
22062,2019-03-23 04:11:39,0.287
22063,2019-03-23 04:11:39,0.290
22064,2019-03-23 04:11:40,0.280
22065,2019-03-23 04:11:40,0.294
22066,2019-03-23 04:11:40,0.304
22067,2019-03-23 04:11:40,0.283
22068,2019-03-23 04:11:41,0.285
22069,2019-03-23 04:11:41,0.312
22070,2019-03-23 04:11:41,0.291
22071,2019-03-23 04:11:42,0.283
22072,2019-03-23 04:11:43,0.267
22073,2019-03-23 04:11:43,0.287
22074,2019-03-23 04:11:43,0.302
22075,2019-03-23 04:11:44,0.292
22076,2019-03-23 04:11:45,0.289
22077,2019-03-23 04:11:45,0.282
22078,2019-03-23 04:11:45,0.287
22079,2019-03-23 04:11:46,0.290
22080,2019-03-23 04:11:46,0.290
22081,2019-03-23 04:11:47,0.284
22082,2019-03-23 04:11:48,0.287
22083,2019-03-23 04:11:48,0.295
22084,2019-03-23 04:11:48,0.294
22085,2019-03-23 04:11:49,0.287
22086,2019-03-23 04:11:49,0.351
22087,2019-03-23 04:11:50,0.291
22088,2019-03-23 04:11:50,0.295
22089,2019-03-23 04:11:51,0.314
22090,2019-03-23 04:11:51,0.294
22091,2019-03-23 04:11:51,0.289
22092,2019-03-23 04:11:52,0.279
22093,2019-03-23 04:11:52,0.282
22094,2019-03-23 04:11:53,0.282
22095,2019-03-23 04:11:53,0.288
22096,2019-03-23 04:11:55,0.279
22097,2019-03-23 04:11:55,0.292
22098,2019-03-23 04:11:56,0.280
22099,2019-03-23 04:11:57,0.299
22100,2019-03-23 04:11:58,0.293
22101,2019-03-23 04:11:58,0.282
22102,2019-03-23 04:11:59,0.280
22103,2019-03-23 04:11:59,0.289
22104,2019-03-23 04:12:00,0.437
22105,2019-03-23 04:12:01,0.291
22106,2019-03-23 04:12:01,0.287
22107,2019-03-23 04:12:01,0.296
22108,2019-03-23 04:12:02,0.295
22109,2019-03-23 04:12:03,0.288
22110,2019-03-23 04:12:04,0.288
22111,2019-03-23 04:12:05,0.298
22112,2019-03-23 04:12:05,0.299
22113,2019-03-23 04:12:05,0.291
22114,2019-03-23 04:12:06,0.281
22115,2019-03-23 04:12:06,0.295
22116,2019-03-23 04:12:07,0.298
22117,2019-03-23 04:12:07,0.292
22118,2019-03-23 04:12:07,0.302
22119,2019-03-23 04:12:08,0.294
22120,2019-03-23 04:12:09,0.293
22121,2019-03-23 04:12:09,0.274
22122,2019-03-23 04:12:09,0.284
22123,2019-03-23 04:12:10,0.311
22124,2019-03-23 04:12:10,0.288
22125,2019-03-23 04:12:12,0.295
22126,2019-03-23 04:12:13,0.306
22127,2019-03-23 04:12:13,0.293
22128,2019-03-23 04:12:13,0.300
22129,2019-03-23 04:12:13,0.287
22130,2019-03-23 04:12:14,0.290
22131,2019-03-23 04:12:15,0.287
22132,2019-03-23 04:12:15,0.278
22133,2019-03-23 04:12:15,0.281
22134,2019-03-23 04:12:16,0.218
22135,2019-03-23 04:12:17,0.292
22136,2019-03-23 04:12:17,0.285
22137,2019-03-23 04:12:18,0.285
22138,2019-03-23 04:12:18,0.287
22139,2019-03-23 04:12:18,0.283
22140,2019-03-23 04:12:18,0.268
22141,2019-03-23 04:12:19,0.271
22142,2019-03-23 04:12:19,0.283
22143,2019-03-23 04:12:20,0.352
22144,2019-03-23 04:12:21,0.303
22145,2019-03-23 04:12:21,0.285
22146,2019-03-23 04:12:21,0.293
22147,2019-03-23 04:12:23,0.292
22148,2019-03-23 04:12:23,0.277
22149,2019-03-23 04:12:25,0.289
22150,2019-03-23 04:12:25,0.300
22151,2019-03-23 04:12:26,0.296
22152,2019-03-23 04:12:26,0.279
22153,2019-03-23 04:12:27,0.296
22154,2019-03-23 04:12:29,0.296
22155,2019-03-23 04:12:30,0.292
22156,2019-03-23 04:12:30,0.297
22157,2019-03-23 04:12:31,0.298
22158,2019-03-23 04:12:31,0.293
22159,2019-03-23 04:12:31,0.295
22160,2019-03-23 04:12:32,0.284
22161,2019-03-23 04:12:33,0.282
22162,2019-03-23 04:12:33,0.301
22163,2019-03-23 04:12:33,0.327
22164,2019-03-23 04:12:34,0.294
22165,2019-03-23 04:12:34,0.293
22166,2019-03-23 04:12:34,0.288
22167,2019-03-23 04:12:35,0.272
22168,2019-03-23 04:12:36,0.301
22169,2019-03-23 04:12:36,0.290
22170,2019-03-23 04:12:36,0.280
22171,2019-03-23 04:12:37,0.280
22172,2019-03-23 04:12:37,0.287
22173,2019-03-23 04:12:38,0.287
22174,2019-03-23 04:12:38,0.304
22175,2019-03-23 04:12:40,0.297
22176,2019-03-23 04:12:40,0.295
22177,2019-03-23 04:12:41,0.296
22178,2019-03-23 04:12:41,0.318
22179,2019-03-23 04:12:42,0.285
22180,2019-03-23 04:12:42,0.214
22181,2019-03-23 04:12:43,0.298
22182,2019-03-23 04:12:43,0.289
22183,2019-03-23 04:12:45,0.303
22184,2019-03-23 04:12:45,0.277
22185,2019-03-23 04:12:45,0.309
22186,2019-03-23 04:12:45,0.273
22187,2019-03-23 04:12:46,0.282
22188,2019-03-23 04:12:46,0.288
22189,2019-03-23 04:12:47,0.282
22190,2019-03-23 04:12:47,0.296
22191,2019-03-23 04:12:47,0.301
22192,2019-03-23 04:12:48,0.274
22193,2019-03-23 04:12:48,0.316
22194,2019-03-23 04:12:49,0.291
22195,2019-03-23 04:12:50,0.281
22196,2019-03-23 04:12:50,0.294
22197,2019-03-23 04:12:50,0.286
22198,2019-03-23 04:12:51,0.299
22199,2019-03-23 04:12:51,0.291
22200,2019-03-23 04:12:52,0.303
22201,2019-03-23 04:12:53,0.303
22202,2019-03-23 04:12:53,0.277
22203,2019-03-23 04:12:54,0.305
22204,2019-03-23 04:12:54,0.286
22205,2019-03-23 04:12:54,0.303
22206,2019-03-23 04:12:55,0.291
22207,2019-03-23 04:12:56,0.295
22208,2019-03-23 04:12:56,0.295
22209,2019-03-23 04:12:57,0.300
22210,2019-03-23 04:12:57,0.278
22211,2019-03-23 04:12:58,0.286
22212,2019-03-23 04:12:58,0.289
22213,2019-03-23 04:12:58,0.301
22214,2019-03-23 04:12:59,0.279
22215,2019-03-23 04:12:59,0.288
22216,2019-03-23 04:13:00,0.298
22217,2019-03-23 04:13:01,0.289
22218,2019-03-23 04:13:01,0.278
22219,2019-03-23 04:13:01,0.272
22220,2019-03-23 04:13:02,0.298
22221,2019-03-23 04:13:02,0.295
22222,2019-03-23 04:13:03,0.277
22223,2019-03-23 04:13:03,0.282
22224,2019-03-23 04:13:03,0.278
22225,2019-03-23 04:13:04,0.285
22226,2019-03-23 04:13:05,0.289
22227,2019-03-23 04:13:05,0.295
22228,2019-03-23 04:13:05,0.293
22229,2019-03-23 04:13:06,0.288
22230,2019-03-23 04:13:07,0.291
22231,2019-03-23 04:13:07,0.288
22232,2019-03-23 04:13:07,0.296
22233,2019-03-23 04:13:07,0.279
22234,2019-03-23 04:13:08,0.331
22235,2019-03-23 04:13:08,0.283
22236,2019-03-23 04:13:09,0.302
22237,2019-03-23 04:13:10,0.295
22238,2019-03-23 04:13:10,0.295
22239,2019-03-23 04:13:11,0.294
22240,2019-03-23 04:13:11,0.284
22241,2019-03-23 04:13:11,0.280
22242,2019-03-23 04:13:11,0.295
22243,2019-03-23 04:13:12,0.303
22244,2019-03-23 04:13:12,0.285
22245,2019-03-23 04:13:13,0.293
22246,2019-03-23 04:13:13,0.287
22247,2019-03-23 04:13:14,0.284
22248,2019-03-23 04:13:14,0.296
22249,2019-03-23 04:13:14,0.293
22250,2019-03-23 04:13:14,0.301
22251,2019-03-23 04:13:15,0.297
22252,2019-03-23 04:13:15,0.280
22253,2019-03-23 04:13:16,0.282
22254,2019-03-23 04:13:16,0.289
22255,2019-03-23 04:13:17,0.290
22256,2019-03-23 04:13:17,0.297
22257,2019-03-23 04:13:17,0.280
22258,2019-03-23 04:13:18,0.281
22259,2019-03-23 04:13:18,0.292
22260,2019-03-23 04:13:19,0.212
22261,2019-03-23 04:13:19,0.296
22262,2019-03-23 04:13:19,0.291
22263,2019-03-23 04:13:21,0.288
22264,2019-03-23 04:13:22,0.285
22265,2019-03-23 04:13:23,0.294
22266,2019-03-23 04:13:23,0.298
22267,2019-03-23 04:13:23,0.283
22268,2019-03-23 04:13:23,0.309
22269,2019-03-23 04:13:24,0.266
22270,2019-03-23 04:13:24,0.271
22271,2019-03-23 04:13:26,0.300
22272,2019-03-23 04:13:26,0.261
22273,2019-03-23 04:13:27,0.304
22274,2019-03-23 04:13:28,0.299
22275,2019-03-23 04:13:28,0.276
22276,2019-03-23 04:13:29,0.278
22277,2019-03-23 04:13:31,0.306
22278,2019-03-23 04:13:31,0.295
22279,2019-03-23 04:13:31,0.292
22280,2019-03-23 04:13:31,0.303
22281,2019-03-23 04:13:32,0.280
22282,2019-03-23 04:13:32,0.299
22283,2019-03-23 04:13:33,0.299
22284,2019-03-23 04:13:34,0.297
22285,2019-03-23 04:13:37,0.276
22286,2019-03-23 04:13:37,0.287
22287,2019-03-23 04:13:37,0.269
22288,2019-03-23 04:13:38,0.273
22289,2019-03-23 04:13:38,0.289
22290,2019-03-23 04:13:38,0.310
22291,2019-03-23 04:13:38,0.290
22292,2019-03-23 04:13:39,0.291
22293,2019-03-23 04:13:39,0.293
22294,2019-03-23 04:13:40,0.307
22295,2019-03-23 04:13:40,0.285
22296,2019-03-23 04:13:42,0.288
22297,2019-03-23 04:13:42,0.285
22298,2019-03-23 04:13:43,0.289
22299,2019-03-23 04:13:44,0.297
22300,2019-03-23 04:13:44,0.294
22301,2019-03-23 04:13:45,0.213
22302,2019-03-23 04:13:45,0.290
22303,2019-03-23 04:13:46,0.285
22304,2019-03-23 04:13:46,0.280
22305,2019-03-23 04:13:46,0.313
22306,2019-03-23 04:13:46,0.405
22307,2019-03-23 04:13:47,0.312
22308,2019-03-23 04:13:47,0.214
22309,2019-03-23 04:13:47,0.283
22310,2019-03-23 04:13:48,0.301
22311,2019-03-23 04:13:48,0.288
22312,2019-03-23 04:13:49,0.287
22313,2019-03-23 04:13:49,0.298
22314,2019-03-23 04:13:49,0.289
22315,2019-03-23 04:13:49,0.289
22316,2019-03-23 04:13:49,0.290
22317,2019-03-23 04:13:50,0.287
22318,2019-03-23 04:13:50,0.301
22319,2019-03-23 04:13:51,0.296
22320,2019-03-23 04:13:52,0.290
22321,2019-03-23 04:13:52,0.279
22322,2019-03-23 04:13:52,0.294
22323,2019-03-23 04:13:53,0.297
22324,2019-03-23 04:13:53,0.299
22325,2019-03-23 04:13:53,0.297
22326,2019-03-23 04:13:54,0.308
22327,2019-03-23 04:13:54,0.305
22328,2019-03-23 04:13:55,0.286
22329,2019-03-23 04:13:56,0.299
22330,2019-03-23 04:13:56,0.287
22331,2019-03-23 04:13:57,0.287
22332,2019-03-23 04:13:58,0.293
22333,2019-03-23 04:13:58,0.309
22334,2019-03-23 04:13:59,0.291
22335,2019-03-23 04:14:00,0.283
22336,2019-03-23 04:14:00,0.284
22337,2019-03-23 04:14:00,0.300
22338,2019-03-23 04:14:00,0.295
22339,2019-03-23 04:14:00,0.298
22340,2019-03-23 04:14:01,0.267
22341,2019-03-23 04:14:01,0.299
22342,2019-03-23 04:14:01,0.308
22343,2019-03-23 04:14:03,0.293
22344,2019-03-23 04:14:03,0.295
22345,2019-03-23 04:14:03,0.300
22346,2019-03-23 04:14:03,0.289
22347,2019-03-23 04:14:04,0.282
22348,2019-03-23 04:14:05,0.283
22349,2019-03-23 04:14:05,0.293
22350,2019-03-23 04:14:05,0.297
22351,2019-03-23 04:14:05,0.298
22352,2019-03-23 04:14:06,0.282
22353,2019-03-23 04:14:06,0.302
22354,2019-03-23 04:14:06,0.285
22355,2019-03-23 04:14:07,0.300
22356,2019-03-23 04:14:07,0.286
22357,2019-03-23 04:14:08,0.310
22358,2019-03-23 04:14:08,0.302
22359,2019-03-23 04:14:10,0.303
22360,2019-03-23 04:14:11,0.294
22361,2019-03-23 04:14:11,0.292
22362,2019-03-23 04:14:12,0.288
22363,2019-03-23 04:14:12,0.300
22364,2019-03-23 04:14:15,0.291
22365,2019-03-23 04:14:15,0.292
22366,2019-03-23 04:14:15,0.288
22367,2019-03-23 04:14:16,0.276
22368,2019-03-23 04:14:16,0.301
22369,2019-03-23 04:14:17,0.287
22370,2019-03-23 04:14:17,0.297
22371,2019-03-23 04:14:18,0.295
22372,2019-03-23 04:14:18,0.282
22373,2019-03-23 04:14:18,0.297
22374,2019-03-23 04:14:19,0.316
22375,2019-03-23 04:14:19,0.301
22376,2019-03-23 04:14:19,0.297
22377,2019-03-23 04:14:20,0.281
22378,2019-03-23 04:14:21,0.287
22379,2019-03-23 04:14:23,0.277
22380,2019-03-23 04:14:23,0.278
22381,2019-03-23 04:14:24,0.290
22382,2019-03-23 04:14:24,0.283
22383,2019-03-23 04:14:24,0.292
22384,2019-03-23 04:14:25,0.269
22385,2019-03-23 04:14:25,0.297
22386,2019-03-23 04:14:25,0.284
22387,2019-03-23 04:14:26,0.297
22388,2019-03-23 04:14:27,0.290
22389,2019-03-23 04:14:28,0.286
22390,2019-03-23 04:14:28,0.286
22391,2019-03-23 04:14:29,0.296
22392,2019-03-23 04:14:29,0.303
22393,2019-03-23 04:14:30,0.288
22394,2019-03-23 04:14:30,0.291
22395,2019-03-23 04:14:30,0.290
22396,2019-03-23 04:14:30,0.292
22397,2019-03-23 04:14:31,0.299
22398,2019-03-23 04:14:31,0.293
22399,2019-03-23 04:14:31,0.319
22400,2019-03-23 04:14:31,0.274
22401,2019-03-23 04:14:32,0.289
22402,2019-03-23 04:14:32,0.293
22403,2019-03-23 04:14:32,0.302
22404,2019-03-23 04:14:33,0.282
22405,2019-03-23 04:14:33,0.277
22406,2019-03-23 04:16:46,0.280
22407,2019-03-23 04:16:46,0.287
22408,2019-03-23 04:16:46,0.290
22409,2019-03-23 04:16:46,0.313
22410,2019-03-23 04:16:46,0.277
22411,2019-03-23 04:16:46,0.296
22412,2019-03-23 04:16:47,0.292
22413,2019-03-23 04:16:47,0.284
22414,2019-03-23 04:16:47,0.282
22415,2019-03-23 04:16:47,0.284
22416,2019-03-23 04:16:48,0.292
22417,2019-03-23 04:16:48,0.292
22418,2019-03-23 04:16:49,0.288
22419,2019-03-23 04:16:49,0.334
22420,2019-03-23 04:16:49,0.271
22421,2019-03-23 04:16:49,0.285
22422,2019-03-23 04:16:49,0.287
22423,2019-03-23 04:16:50,0.284
22424,2019-03-23 04:16:50,0.296
22425,2019-03-23 04:16:50,0.289
22426,2019-03-23 04:16:51,0.297
22427,2019-03-23 04:16:51,0.289
22428,2019-03-23 04:16:51,0.285
22429,2019-03-23 04:16:51,0.289
22430,2019-03-23 04:16:52,0.286
22431,2019-03-23 04:16:52,0.288
22432,2019-03-23 04:16:52,0.305
22433,2019-03-23 04:16:53,0.293
22434,2019-03-23 04:16:53,0.290
22435,2019-03-23 04:16:53,0.344
22436,2019-03-23 04:16:53,0.281
22437,2019-03-23 04:16:53,0.285
22438,2019-03-23 04:16:54,0.290
22439,2019-03-23 04:16:54,0.285
22440,2019-03-23 04:16:54,0.282
22441,2019-03-23 04:16:54,0.290
22442,2019-03-23 04:16:54,0.286
22443,2019-03-23 04:16:55,0.296
22444,2019-03-23 04:16:55,0.292
22445,2019-03-23 04:16:55,0.285
22446,2019-03-23 04:16:56,0.284
22447,2019-03-23 04:16:56,0.283
22448,2019-03-23 04:16:56,0.292
22449,2019-03-23 04:16:56,0.275
22450,2019-03-23 04:16:57,0.296
22451,2019-03-23 04:16:57,0.288
22452,2019-03-23 04:16:57,0.277
22453,2019-03-23 04:16:57,0.284
22454,2019-03-23 04:16:57,0.284
22455,2019-03-23 04:16:57,0.306
22456,2019-03-23 04:16:58,0.297
22457,2019-03-23 04:16:58,0.285
22458,2019-03-23 04:16:58,0.286
22459,2019-03-23 04:16:58,0.309
22460,2019-03-23 04:16:58,0.276
22461,2019-03-23 04:16:59,0.294
22462,2019-03-23 04:16:59,0.264
22463,2019-03-23 04:16:59,0.280
22464,2019-03-23 04:16:59,0.292
22465,2019-03-23 04:17:00,0.287
22466,2019-03-23 04:17:00,0.295
22467,2019-03-23 04:17:00,0.294
22468,2019-03-23 04:17:00,0.287
22469,2019-03-23 04:17:00,0.287
22470,2019-03-23 04:17:01,0.306
22471,2019-03-23 04:17:01,0.290
22472,2019-03-23 04:17:01,0.283
22473,2019-03-23 04:17:01,0.278
22474,2019-03-23 04:17:02,0.283
22475,2019-03-23 04:17:02,0.290
22476,2019-03-23 04:17:02,0.286
22477,2019-03-23 04:17:03,0.293
22478,2019-03-23 04:17:03,0.289
22479,2019-03-23 04:17:03,0.275
22480,2019-03-23 04:17:03,0.291
22481,2019-03-23 04:17:04,0.292
22482,2019-03-23 04:17:04,0.297
22483,2019-03-23 04:17:05,0.290
22484,2019-03-23 04:17:05,0.299
22485,2019-03-23 04:17:05,0.297
22486,2019-03-23 04:17:06,0.290
22487,2019-03-23 04:17:06,0.296
22488,2019-03-23 04:17:06,0.287
22489,2019-03-23 04:17:06,0.285
22490,2019-03-23 04:17:06,0.295
22491,2019-03-23 04:17:07,0.285
22492,2019-03-23 04:17:07,0.262
22493,2019-03-23 04:17:08,0.292
22494,2019-03-23 04:17:09,0.291
22495,2019-03-23 04:17:09,0.297
22496,2019-03-23 04:17:09,0.297
22497,2019-03-23 04:17:11,0.302
22498,2019-03-23 04:17:11,0.277
22499,2019-03-23 04:17:11,0.287
22500,2019-03-23 04:17:11,0.272
22501,2019-03-23 04:17:12,0.290
22502,2019-03-23 04:17:12,0.282
22503,2019-03-23 04:17:12,0.292
22504,2019-03-23 04:17:13,0.286
22505,2019-03-23 04:17:13,0.290
22506,2019-03-23 04:17:13,0.287
22507,2019-03-23 04:17:13,0.288
22508,2019-03-23 04:17:13,0.278
22509,2019-03-23 04:17:14,0.281
22510,2019-03-23 04:17:14,0.276
22511,2019-03-23 04:17:15,0.291
22512,2019-03-23 04:17:15,0.289
22513,2019-03-23 04:17:15,0.294
22514,2019-03-23 04:17:16,0.305
22515,2019-03-23 04:17:16,0.280
22516,2019-03-23 04:17:17,0.286
22517,2019-03-23 04:17:17,0.273
22518,2019-03-23 04:17:17,0.296
22519,2019-03-23 04:17:18,0.298
22520,2019-03-23 04:17:18,0.214
22521,2019-03-23 04:17:19,0.279
22522,2019-03-23 04:17:19,0.287
22523,2019-03-23 04:17:20,0.286
22524,2019-03-23 04:17:20,0.288
22525,2019-03-23 04:17:21,0.293
22526,2019-03-23 04:17:22,0.290
22527,2019-03-23 04:17:23,0.296
22528,2019-03-23 04:17:23,0.294
22529,2019-03-23 04:17:24,0.287
22530,2019-03-23 04:17:25,0.292
22531,2019-03-23 04:17:26,0.280
22532,2019-03-23 04:17:26,0.292
22533,2019-03-23 04:17:26,0.281
22534,2019-03-23 04:17:29,0.293
22535,2019-03-23 04:17:30,0.278
22536,2019-03-23 04:17:30,0.293
22537,2019-03-23 04:17:31,0.290
22538,2019-03-23 04:17:31,0.302
22539,2019-03-23 04:17:31,0.283
22540,2019-03-23 04:17:32,0.287
22541,2019-03-23 04:17:32,0.278
22542,2019-03-23 04:17:33,0.302
22543,2019-03-23 04:17:33,0.295
22544,2019-03-23 04:17:33,0.266
22545,2019-03-23 04:17:34,0.287
22546,2019-03-23 04:17:35,0.303
22547,2019-03-23 04:17:35,0.289
22548,2019-03-23 04:17:36,0.292
22549,2019-03-23 04:17:36,0.213
22550,2019-03-23 04:17:37,0.288
22551,2019-03-23 04:17:37,0.279
22552,2019-03-23 04:17:37,0.289
22553,2019-03-23 04:17:38,0.283
22554,2019-03-23 04:17:38,0.283
22555,2019-03-23 04:17:38,0.276
22556,2019-03-23 04:17:39,0.298
22557,2019-03-23 04:17:40,0.288
22558,2019-03-23 04:17:40,0.289
22559,2019-03-23 04:17:40,0.304
22560,2019-03-23 04:17:41,0.303
22561,2019-03-23 04:17:43,0.290
22562,2019-03-23 04:17:44,0.296
22563,2019-03-23 04:17:47,0.287
22564,2019-03-23 04:17:47,0.278
22565,2019-03-23 04:17:47,0.304
22566,2019-03-23 04:17:48,0.273
22567,2019-03-23 04:17:49,0.280
22568,2019-03-23 04:17:49,0.286
22569,2019-03-23 04:17:51,0.286
22570,2019-03-23 04:17:51,0.290
22571,2019-03-23 04:17:52,0.287
22572,2019-03-23 04:17:52,0.290
22573,2019-03-23 04:17:53,0.293
22574,2019-03-23 04:17:54,0.297
22575,2019-03-23 04:17:55,0.266
22576,2019-03-23 04:17:55,0.298
22577,2019-03-23 04:17:55,0.301
22578,2019-03-23 04:17:56,0.279
22579,2019-03-23 04:17:57,0.283
22580,2019-03-23 04:17:57,0.293
22581,2019-03-23 04:17:57,0.287
22582,2019-03-23 04:17:58,0.381
22583,2019-03-23 04:17:59,0.298
22584,2019-03-23 04:18:00,0.293
22585,2019-03-23 04:18:01,0.291
22586,2019-03-23 04:18:01,0.294
22587,2019-03-23 04:18:02,0.214
22588,2019-03-23 04:18:02,0.285
22589,2019-03-23 04:18:02,0.297
22590,2019-03-23 04:18:03,0.292
22591,2019-03-23 04:18:04,0.281
22592,2019-03-23 04:18:05,0.286
22593,2019-03-23 04:18:06,0.282
22594,2019-03-23 04:18:06,0.297
22595,2019-03-23 04:18:07,0.293
22596,2019-03-23 04:18:08,0.293
22597,2019-03-23 04:18:09,0.291
22598,2019-03-23 04:18:09,0.289
22599,2019-03-23 04:18:09,0.305
22600,2019-03-23 04:18:10,0.276
22601,2019-03-23 04:18:11,0.298
22602,2019-03-23 04:18:11,0.304
22603,2019-03-23 04:18:11,0.296
22604,2019-03-23 04:18:12,0.289
22605,2019-03-23 04:18:13,0.304
22606,2019-03-23 04:18:14,0.211
22607,2019-03-23 04:18:15,0.277
22608,2019-03-23 04:18:16,0.212
22609,2019-03-23 04:18:16,0.302
22610,2019-03-23 04:18:16,0.291
22611,2019-03-23 04:18:18,0.279
22612,2019-03-23 04:18:19,0.281
22613,2019-03-23 04:18:19,0.316
22614,2019-03-23 04:18:20,0.285
22615,2019-03-23 04:18:20,0.290
22616,2019-03-23 04:18:22,0.282
22617,2019-03-23 04:18:22,0.300
22618,2019-03-23 04:18:22,0.267
22619,2019-03-23 04:18:22,0.306
22620,2019-03-23 04:18:23,0.287
22621,2019-03-23 04:18:24,0.298
22622,2019-03-23 04:18:25,0.284
22623,2019-03-23 04:18:25,0.286
22624,2019-03-23 04:18:28,0.287
22625,2019-03-23 04:18:28,0.284
22626,2019-03-23 04:18:28,0.305
22627,2019-03-23 04:18:29,0.302
22628,2019-03-23 04:18:29,0.304
22629,2019-03-23 04:18:29,0.290
22630,2019-03-23 04:18:29,0.285
22631,2019-03-23 04:18:30,0.279
22632,2019-03-23 04:18:30,0.296
22633,2019-03-23 04:18:30,0.285
22634,2019-03-23 04:18:32,0.305
22635,2019-03-23 04:18:32,0.289
22636,2019-03-23 04:18:33,0.290
22637,2019-03-23 04:18:34,0.279
22638,2019-03-23 04:18:35,0.294
22639,2019-03-23 04:18:35,0.291
22640,2019-03-23 04:18:36,0.299
22641,2019-03-23 04:18:38,0.287
22642,2019-03-23 04:18:39,0.288
22643,2019-03-23 04:18:40,0.290
22644,2019-03-23 04:18:40,0.290
22645,2019-03-23 04:18:42,0.301
22646,2019-03-23 04:18:42,0.290
22647,2019-03-23 04:18:42,0.282
22648,2019-03-23 04:18:42,0.322
22649,2019-03-23 04:18:42,0.296
22650,2019-03-23 04:18:43,0.304
22651,2019-03-23 04:18:43,0.292
22652,2019-03-23 04:18:43,0.284
22653,2019-03-23 04:18:43,0.282
22654,2019-03-23 04:18:44,0.294
22655,2019-03-23 04:18:44,0.288
22656,2019-03-23 04:18:45,0.295
22657,2019-03-23 04:18:45,0.294
22658,2019-03-23 04:18:47,0.314
22659,2019-03-23 04:18:48,0.277
22660,2019-03-23 04:18:48,0.286
22661,2019-03-23 04:18:49,0.289
22662,2019-03-23 04:18:49,0.284
22663,2019-03-23 04:18:49,0.293
22664,2019-03-23 04:18:49,0.296
22665,2019-03-23 04:18:50,0.293
22666,2019-03-23 04:18:51,0.279
22667,2019-03-23 04:18:51,0.298
22668,2019-03-23 04:18:52,0.305
22669,2019-03-23 04:18:52,0.312
22670,2019-03-23 04:18:52,0.279
22671,2019-03-23 04:18:53,0.294
22672,2019-03-23 04:18:53,0.293
22673,2019-03-23 04:18:54,0.301
22674,2019-03-23 04:18:55,0.287
22675,2019-03-23 04:18:56,0.297
22676,2019-03-23 04:18:56,0.291
22677,2019-03-23 04:18:56,0.290
22678,2019-03-23 04:18:56,0.302
22679,2019-03-23 04:18:57,0.306
22680,2019-03-23 04:18:57,0.292
22681,2019-03-23 04:18:58,0.289
22682,2019-03-23 04:18:58,0.290
22683,2019-03-23 04:19:00,0.303
22684,2019-03-23 04:19:01,0.293
22685,2019-03-23 04:19:01,0.302
22686,2019-03-23 04:19:02,0.292
22687,2019-03-23 04:19:02,0.295
22688,2019-03-23 04:19:03,0.286
22689,2019-03-23 04:19:04,0.307
22690,2019-03-23 04:19:04,0.300
22691,2019-03-23 04:19:05,0.286
22692,2019-03-23 04:19:06,0.288
22693,2019-03-23 04:19:06,0.288
22694,2019-03-23 04:19:07,0.297
22695,2019-03-23 04:19:08,0.292
22696,2019-03-23 04:19:08,0.291
22697,2019-03-23 04:19:09,0.296
22698,2019-03-23 04:19:10,0.282
22699,2019-03-23 04:19:11,0.298
22700,2019-03-23 04:19:11,0.273
22701,2019-03-23 04:19:12,0.290
22702,2019-03-23 04:19:12,0.272
22703,2019-03-23 04:19:12,0.184
22704,2019-03-23 04:19:13,0.280
22705,2019-03-23 04:19:13,0.285
22706,2019-03-23 04:19:14,0.289
22707,2019-03-23 04:19:15,0.290
22708,2019-03-23 04:19:15,0.290
22709,2019-03-23 04:19:15,0.281
22710,2019-03-23 04:19:16,0.291
22711,2019-03-23 04:19:16,0.286
22712,2019-03-23 04:19:18,0.294
22713,2019-03-23 04:19:18,0.280
22714,2019-03-23 04:19:19,0.295
22715,2019-03-23 04:19:19,0.288
22716,2019-03-23 04:19:19,0.285
22717,2019-03-23 04:19:21,0.300
22718,2019-03-23 04:19:21,0.288
22719,2019-03-23 04:19:22,0.283
22720,2019-03-23 04:19:23,0.285
22721,2019-03-23 04:19:23,0.286
22722,2019-03-23 04:19:23,0.293
22723,2019-03-23 04:19:23,0.298
22724,2019-03-23 04:19:24,0.290
22725,2019-03-23 04:19:24,0.299
22726,2019-03-23 04:19:24,0.286
22727,2019-03-23 04:19:25,0.285
22728,2019-03-23 04:19:25,0.280
22729,2019-03-23 04:19:26,0.293
22730,2019-03-23 04:19:26,0.301
22731,2019-03-23 04:19:27,0.292
22732,2019-03-23 04:19:27,0.212
22733,2019-03-23 04:19:28,0.300
22734,2019-03-23 04:19:29,0.297
22735,2019-03-23 04:19:29,0.294
22736,2019-03-23 04:19:29,0.216
22737,2019-03-23 04:19:31,0.289
22738,2019-03-23 04:19:31,0.290
22739,2019-03-23 04:19:31,0.288
22740,2019-03-23 04:19:32,0.305
22741,2019-03-23 04:19:33,0.290
22742,2019-03-23 04:19:33,0.296
22743,2019-03-23 04:19:33,0.292
22744,2019-03-23 04:19:34,0.296
22745,2019-03-23 04:19:34,0.300
22746,2019-03-23 04:19:34,0.283
22747,2019-03-23 04:19:34,0.300
22748,2019-03-23 04:19:35,0.294
22749,2019-03-23 04:19:36,0.292
22750,2019-03-23 04:19:37,0.218
22751,2019-03-23 04:19:38,0.287
22752,2019-03-23 04:19:38,0.285
22753,2019-03-23 04:19:38,0.291
22754,2019-03-23 04:19:40,0.288
22755,2019-03-23 04:19:40,0.298
22756,2019-03-23 04:19:40,0.291
22757,2019-03-23 04:19:41,0.285
22758,2019-03-23 04:19:41,0.288
22759,2019-03-23 04:19:41,0.297
22760,2019-03-23 04:19:42,0.280
22761,2019-03-23 04:19:44,0.293
22762,2019-03-23 04:19:44,0.293
22763,2019-03-23 04:19:45,0.284
22764,2019-03-23 04:19:45,0.282
22765,2019-03-23 04:19:46,0.321
22766,2019-03-23 04:19:47,0.301
22767,2019-03-23 04:19:47,0.275
22768,2019-03-23 04:19:48,0.279
22769,2019-03-23 04:19:48,0.288
22770,2019-03-23 04:19:48,0.275
22771,2019-03-23 04:19:48,0.286
22772,2019-03-23 04:19:49,0.293
22773,2019-03-23 04:19:51,0.293
22774,2019-03-23 04:19:51,0.295
22775,2019-03-23 04:19:51,0.300
22776,2019-03-23 04:19:52,0.299
22777,2019-03-23 04:19:52,0.289
22778,2019-03-23 04:19:52,0.300
22779,2019-03-23 04:19:52,0.303
22780,2019-03-23 04:19:52,0.285
22781,2019-03-23 04:19:53,0.301
22782,2019-03-23 04:19:54,0.290
22783,2019-03-23 04:19:55,0.280
22784,2019-03-23 04:19:55,0.288
22785,2019-03-23 04:19:56,0.294
22786,2019-03-23 04:19:56,0.295
22787,2019-03-23 04:19:56,0.282
22788,2019-03-23 04:19:56,0.287
22789,2019-03-23 04:19:57,0.292
22790,2019-03-23 04:19:57,0.286
22791,2019-03-23 04:19:57,0.298
22792,2019-03-23 04:19:58,0.290
22793,2019-03-23 04:19:59,0.309
22794,2019-03-23 04:19:59,0.299
22795,2019-03-23 04:20:00,0.300
22796,2019-03-23 04:20:00,0.295
22797,2019-03-23 04:20:01,0.291
22798,2019-03-23 04:20:01,0.290
22799,2019-03-23 04:20:01,0.277
22800,2019-03-23 04:20:02,0.297
22801,2019-03-23 04:20:02,0.287
22802,2019-03-23 04:20:03,0.273
22803,2019-03-23 04:20:04,0.301
22804,2019-03-23 04:20:05,0.283
22805,2019-03-23 04:20:05,0.290
22806,2019-03-23 04:20:05,0.285
22807,2019-03-23 04:20:06,0.283
22808,2019-03-23 04:20:06,0.289
22809,2019-03-23 04:20:07,0.300
22810,2019-03-23 04:20:07,0.292
22811,2019-03-23 04:20:08,0.294
22812,2019-03-23 04:20:09,0.212
22813,2019-03-23 04:20:09,0.284
22814,2019-03-23 04:20:11,0.283
22815,2019-03-23 04:20:11,0.293
22816,2019-03-23 04:20:11,0.292
22817,2019-03-23 04:20:11,0.300
22818,2019-03-23 04:20:12,0.288
22819,2019-03-23 04:20:13,0.284
22820,2019-03-23 04:20:13,0.281
22821,2019-03-23 04:20:14,0.278
22822,2019-03-23 04:20:15,0.290
22823,2019-03-23 04:20:16,0.279
22824,2019-03-23 04:20:16,0.288
22825,2019-03-23 04:20:16,0.292
22826,2019-03-23 04:20:17,0.285
22827,2019-03-23 04:20:17,0.295
22828,2019-03-23 04:20:19,0.284
22829,2019-03-23 04:20:19,0.293
22830,2019-03-23 04:20:19,0.288
22831,2019-03-23 04:20:20,0.285
22832,2019-03-23 04:20:21,0.285
22833,2019-03-23 04:20:21,0.296
22834,2019-03-23 04:20:22,0.292
22835,2019-03-23 04:20:22,0.300
22836,2019-03-23 04:20:22,0.275
22837,2019-03-23 04:20:23,0.274
22838,2019-03-23 04:20:23,0.285
22839,2019-03-23 04:20:24,0.282
22840,2019-03-23 04:20:25,0.297
22841,2019-03-23 04:20:25,0.295
22842,2019-03-23 04:20:27,0.290
22843,2019-03-23 04:20:28,0.297
22844,2019-03-23 04:20:30,0.287
22845,2019-03-23 04:20:30,0.307
22846,2019-03-23 04:20:31,0.295
22847,2019-03-23 04:20:32,0.294
22848,2019-03-23 04:20:32,0.295
22849,2019-03-23 04:20:32,0.289
22850,2019-03-23 04:20:33,0.289
22851,2019-03-23 04:20:33,0.293
22852,2019-03-23 04:20:33,0.294
22853,2019-03-23 04:20:34,0.303
22854,2019-03-23 04:20:36,0.300
22855,2019-03-23 04:20:36,0.283
22856,2019-03-23 04:20:37,0.293
22857,2019-03-23 04:20:38,0.216
22858,2019-03-23 04:20:38,0.295
22859,2019-03-23 04:20:39,0.286
22860,2019-03-23 04:20:39,0.287
22861,2019-03-23 04:20:40,0.288
22862,2019-03-23 04:20:40,0.288
22863,2019-03-23 04:20:41,0.292
22864,2019-03-23 04:20:41,0.286
22865,2019-03-23 04:20:42,0.284
22866,2019-03-23 04:20:43,0.288
22867,2019-03-23 04:20:43,0.291
22868,2019-03-23 04:20:43,0.286
22869,2019-03-23 04:20:44,0.298
22870,2019-03-23 04:20:44,0.296
22871,2019-03-23 04:20:44,0.298
22872,2019-03-23 04:20:45,0.296
22873,2019-03-23 04:20:45,0.315
22874,2019-03-23 04:20:46,0.301
22875,2019-03-23 04:20:46,0.279
22876,2019-03-23 04:20:47,0.296
22877,2019-03-23 04:20:48,0.305
22878,2019-03-23 04:20:49,0.300
22879,2019-03-23 04:20:49,0.296
22880,2019-03-23 04:20:50,0.302
22881,2019-03-23 04:20:50,0.297
22882,2019-03-23 04:20:51,0.276
22883,2019-03-23 04:20:51,0.293
22884,2019-03-23 04:20:51,0.273
22885,2019-03-23 04:20:52,0.288
22886,2019-03-23 04:20:52,0.299
22887,2019-03-23 04:20:54,0.282
22888,2019-03-23 04:20:55,0.294
22889,2019-03-23 04:20:55,0.301
22890,2019-03-23 04:20:55,0.284
22891,2019-03-23 04:20:56,0.287
22892,2019-03-23 04:20:56,0.299
22893,2019-03-23 04:20:57,0.288
22894,2019-03-23 04:20:57,0.293
22895,2019-03-23 04:20:58,0.280
22896,2019-03-23 04:20:59,0.307
22897,2019-03-23 04:20:59,0.301
22898,2019-03-23 04:20:59,0.293
22899,2019-03-23 04:21:00,0.284
22900,2019-03-23 04:21:00,0.290
22901,2019-03-23 04:21:00,0.316
22902,2019-03-23 04:21:01,0.296
22903,2019-03-23 04:21:01,0.292
22904,2019-03-23 04:21:02,0.285
22905,2019-03-23 04:21:02,0.279
22906,2019-03-23 04:21:02,0.296
22907,2019-03-23 04:21:02,0.294
22908,2019-03-23 04:21:03,0.206
22909,2019-03-23 04:21:03,0.296
22910,2019-03-23 04:21:04,0.281
22911,2019-03-23 04:21:05,0.295
22912,2019-03-23 04:21:05,0.288
22913,2019-03-23 04:21:05,0.291
22914,2019-03-23 04:21:06,0.304
22915,2019-03-23 04:21:06,0.292
22916,2019-03-23 04:21:07,0.287
22917,2019-03-23 04:21:07,0.292
22918,2019-03-23 04:21:07,0.278
22919,2019-03-23 04:21:08,0.284
22920,2019-03-23 04:21:08,0.292
22921,2019-03-23 04:21:09,0.297
22922,2019-03-23 04:21:09,0.285
22923,2019-03-23 04:21:09,0.292
22924,2019-03-23 04:21:10,0.287
22925,2019-03-23 04:21:10,0.281
22926,2019-03-23 04:21:10,0.280
22927,2019-03-23 04:21:10,0.286
22928,2019-03-23 04:21:11,0.295
22929,2019-03-23 04:21:12,0.284
22930,2019-03-23 04:21:13,0.289
22931,2019-03-23 04:21:13,0.292
22932,2019-03-23 04:21:14,0.287
22933,2019-03-23 04:21:15,0.289
22934,2019-03-23 04:21:15,0.295
22935,2019-03-23 04:21:17,0.300
22936,2019-03-23 04:21:18,0.302
22937,2019-03-23 04:21:19,0.278
22938,2019-03-23 04:21:19,0.275
22939,2019-03-23 04:21:19,0.272
22940,2019-03-23 04:21:20,0.292
22941,2019-03-23 04:21:21,0.267
22942,2019-03-23 04:21:21,0.290
22943,2019-03-23 04:21:21,0.288
22944,2019-03-23 04:21:22,0.293
22945,2019-03-23 04:21:22,0.283
22946,2019-03-23 04:21:22,0.272
22947,2019-03-23 04:21:22,0.302
22948,2019-03-23 04:21:24,0.288
22949,2019-03-23 04:21:24,0.291
22950,2019-03-23 04:21:25,0.302
22951,2019-03-23 04:21:25,0.295
22952,2019-03-23 04:21:25,0.295
22953,2019-03-23 04:21:25,0.278
22954,2019-03-23 04:21:26,0.296
22955,2019-03-23 04:21:27,0.294
22956,2019-03-23 04:21:28,0.290
22957,2019-03-23 04:21:29,0.303
22958,2019-03-23 04:21:29,0.282
22959,2019-03-23 04:21:29,0.282
22960,2019-03-23 04:21:30,0.405
22961,2019-03-23 04:21:31,0.268
22962,2019-03-23 04:21:31,0.294
22963,2019-03-23 04:21:31,0.288
22964,2019-03-23 04:21:32,0.288
22965,2019-03-23 04:21:33,0.289
22966,2019-03-23 04:21:34,0.294
22967,2019-03-23 04:21:34,0.307
22968,2019-03-23 04:21:34,0.290
22969,2019-03-23 04:21:35,0.285
22970,2019-03-23 04:21:36,0.296
22971,2019-03-23 04:21:36,0.305
22972,2019-03-23 04:21:36,0.285
22973,2019-03-23 04:21:37,0.285
22974,2019-03-23 04:21:37,0.293
22975,2019-03-23 04:21:37,0.307
22976,2019-03-23 04:21:38,0.304
22977,2019-03-23 04:21:39,0.284
22978,2019-03-23 04:21:39,0.303
22979,2019-03-23 04:21:41,0.288
22980,2019-03-23 04:21:41,0.278
22981,2019-03-23 04:21:42,0.296
22982,2019-03-23 04:21:42,0.289
22983,2019-03-23 04:21:42,0.276
22984,2019-03-23 04:21:43,0.301
22985,2019-03-23 04:21:43,0.320
22986,2019-03-23 04:21:44,0.294
22987,2019-03-23 04:21:44,0.297
22988,2019-03-23 04:21:44,0.303
22989,2019-03-23 04:21:45,0.312
22990,2019-03-23 04:21:45,0.291
22991,2019-03-23 04:21:46,0.292
22992,2019-03-23 04:21:47,0.293
22993,2019-03-23 04:21:47,0.285
22994,2019-03-23 04:21:47,0.295
22995,2019-03-23 04:21:48,0.291
22996,2019-03-23 04:21:48,0.289
22997,2019-03-23 04:21:48,0.294
22998,2019-03-23 04:21:49,0.290
22999,2019-03-23 04:21:49,0.281
23000,2019-03-23 04:21:49,0.287
23001,2019-03-23 04:21:49,0.300
23002,2019-03-23 04:21:50,0.276
23003,2019-03-23 04:21:50,0.284
23004,2019-03-23 04:21:51,0.292
23005,2019-03-23 04:21:52,0.296
23006,2019-03-23 04:21:52,0.295
23007,2019-03-23 04:21:53,0.300
23008,2019-03-23 04:21:54,0.289
23009,2019-03-23 04:21:54,0.215
23010,2019-03-23 04:21:54,0.290
23011,2019-03-23 04:21:55,0.295
23012,2019-03-23 04:21:55,0.304
23013,2019-03-23 04:21:55,0.264
23014,2019-03-23 04:21:55,0.293
23015,2019-03-23 04:21:56,0.290
23016,2019-03-23 04:21:56,0.284
23017,2019-03-23 04:21:57,0.292
23018,2019-03-23 04:21:57,0.289
23019,2019-03-23 04:21:57,0.278
23020,2019-03-23 04:21:58,0.287
23021,2019-03-23 04:21:58,0.282
23022,2019-03-23 04:22:00,0.296
23023,2019-03-23 04:22:02,0.295
23024,2019-03-23 04:22:02,0.280
23025,2019-03-23 04:22:02,0.286
23026,2019-03-23 04:22:03,0.198
23027,2019-03-23 04:22:03,0.297
23028,2019-03-23 04:22:03,0.279
23029,2019-03-23 04:22:03,0.293
23030,2019-03-23 04:22:04,0.284
23031,2019-03-23 04:22:04,0.299
23032,2019-03-23 04:22:04,0.286
23033,2019-03-23 04:22:05,0.265
23034,2019-03-23 04:22:05,0.292
23035,2019-03-23 04:22:06,0.297
23036,2019-03-23 04:22:06,0.306
23037,2019-03-23 04:22:06,0.273
23038,2019-03-23 04:22:07,0.298
23039,2019-03-23 04:22:08,0.281
23040,2019-03-23 04:22:09,0.296
23041,2019-03-23 04:22:09,0.302
23042,2019-03-23 04:22:09,0.292
23043,2019-03-23 04:22:09,0.296
23044,2019-03-23 04:22:10,0.289
23045,2019-03-23 04:22:11,0.312
23046,2019-03-23 04:22:11,0.301
23047,2019-03-23 04:22:12,0.303
23048,2019-03-23 04:22:12,0.286
23049,2019-03-23 04:22:13,0.284
23050,2019-03-23 04:22:13,0.280
23051,2019-03-23 04:22:14,0.299
23052,2019-03-23 04:22:14,0.284
23053,2019-03-23 04:22:15,0.299
23054,2019-03-23 04:22:15,0.280
23055,2019-03-23 04:22:15,0.290
23056,2019-03-23 04:22:15,0.300
23057,2019-03-23 04:22:16,0.293
23058,2019-03-23 04:22:16,0.274
23059,2019-03-23 04:22:17,0.298
23060,2019-03-23 04:22:20,0.284
23061,2019-03-23 04:22:20,0.287
23062,2019-03-23 04:22:20,0.286
23063,2019-03-23 04:22:22,0.279
23064,2019-03-23 04:22:22,0.294
23065,2019-03-23 04:22:23,0.305
23066,2019-03-23 04:22:24,0.303
23067,2019-03-23 04:22:25,0.301
23068,2019-03-23 04:22:26,0.290
23069,2019-03-23 04:22:27,0.288
23070,2019-03-23 04:22:27,0.284
23071,2019-03-23 04:22:28,0.291
23072,2019-03-23 04:22:28,0.296
23073,2019-03-23 04:22:28,0.277
23074,2019-03-23 04:22:30,0.282
23075,2019-03-23 04:22:31,0.285
23076,2019-03-23 04:22:31,0.297
23077,2019-03-23 04:22:31,0.287
23078,2019-03-23 04:22:31,0.292
23079,2019-03-23 04:22:32,0.288
23080,2019-03-23 04:22:33,0.301
23081,2019-03-23 04:22:33,0.288
23082,2019-03-23 04:22:37,0.295
23083,2019-03-23 04:22:37,0.292
23084,2019-03-23 04:22:37,0.189
23085,2019-03-23 04:22:38,0.296
23086,2019-03-23 04:22:39,0.301
23087,2019-03-23 04:22:40,0.272
23088,2019-03-23 04:22:41,0.296
23089,2019-03-23 04:22:41,0.290
23090,2019-03-23 04:22:41,0.288
23091,2019-03-23 04:22:42,0.297
23092,2019-03-23 04:22:42,0.300
23093,2019-03-23 04:22:43,0.290
23094,2019-03-23 04:22:43,0.282
23095,2019-03-23 04:22:44,0.264
23096,2019-03-23 04:22:45,0.299
23097,2019-03-23 04:22:45,0.283
23098,2019-03-23 04:22:45,0.281
23099,2019-03-23 04:22:45,0.286
23100,2019-03-23 04:22:46,0.274
23101,2019-03-23 04:22:46,0.295
23102,2019-03-23 04:22:47,0.297
23103,2019-03-23 04:22:47,0.286
23104,2019-03-23 04:22:48,0.293
23105,2019-03-23 04:22:48,0.286
23106,2019-03-23 04:22:48,0.283
23107,2019-03-23 04:22:49,0.275
23108,2019-03-23 04:22:49,0.278
23109,2019-03-23 04:22:51,0.287
23110,2019-03-23 04:22:51,0.308
23111,2019-03-23 04:22:51,0.275
23112,2019-03-23 04:22:52,0.288
23113,2019-03-23 04:22:53,0.290
23114,2019-03-23 04:22:53,0.295
23115,2019-03-23 04:22:53,0.290
23116,2019-03-23 04:22:53,0.283
23117,2019-03-23 04:22:54,0.289
23118,2019-03-23 04:22:54,0.290
23119,2019-03-23 04:22:55,0.287
23120,2019-03-23 04:22:57,0.290
23121,2019-03-23 04:22:57,0.293
23122,2019-03-23 04:22:58,0.293
23123,2019-03-23 04:22:58,0.298
23124,2019-03-23 04:22:58,0.293
23125,2019-03-23 04:22:59,0.293
23126,2019-03-23 04:22:59,0.283
23127,2019-03-23 04:23:00,0.291
23128,2019-03-23 04:23:00,0.292
23129,2019-03-23 04:23:01,0.292
23130,2019-03-23 04:23:02,0.303
23131,2019-03-23 04:23:02,0.307
23132,2019-03-23 04:23:03,0.296
23133,2019-03-23 04:23:03,0.303
23134,2019-03-23 04:23:03,0.304
23135,2019-03-23 04:23:04,0.291
23136,2019-03-23 04:23:04,0.289
23137,2019-03-23 04:23:05,0.273
23138,2019-03-23 04:23:05,0.278
23139,2019-03-23 04:23:06,0.289
23140,2019-03-23 04:23:06,0.290
23141,2019-03-23 04:23:06,0.287
23142,2019-03-23 04:23:07,0.285
23143,2019-03-23 04:23:08,0.293
23144,2019-03-23 04:23:08,0.294
23145,2019-03-23 04:23:08,0.276
23146,2019-03-23 04:23:09,0.297
23147,2019-03-23 04:23:09,0.309
23148,2019-03-23 04:23:10,0.274
23149,2019-03-23 04:23:10,0.277
23150,2019-03-23 04:23:11,0.299
23151,2019-03-23 04:23:11,0.291
23152,2019-03-23 04:23:12,0.280
23153,2019-03-23 04:23:12,0.281
23154,2019-03-23 04:23:12,0.272
23155,2019-03-23 04:23:12,0.295
23156,2019-03-23 04:23:12,0.289
23157,2019-03-23 04:23:12,0.290
23158,2019-03-23 04:23:13,0.278
23159,2019-03-23 04:23:15,0.284
23160,2019-03-23 04:23:15,0.280
23161,2019-03-23 04:23:16,0.291
23162,2019-03-23 04:23:17,0.297
23163,2019-03-23 04:23:17,0.290
23164,2019-03-23 04:23:19,0.296
23165,2019-03-23 04:23:20,0.294
23166,2019-03-23 04:23:20,0.214
23167,2019-03-23 04:23:20,0.279
23168,2019-03-23 04:23:21,0.290
23169,2019-03-23 04:23:21,0.302
23170,2019-03-23 04:23:22,0.279
23171,2019-03-23 04:23:22,0.289
23172,2019-03-23 04:23:23,0.286
23173,2019-03-23 04:23:23,0.307
23174,2019-03-23 04:23:23,0.294
23175,2019-03-23 04:23:24,0.300
23176,2019-03-23 04:23:25,0.284
23177,2019-03-23 04:23:25,0.283
23178,2019-03-23 04:23:25,0.292
23179,2019-03-23 04:23:27,0.295
23180,2019-03-23 04:23:28,0.299
23181,2019-03-23 04:25:46,0.290
23182,2019-03-23 04:25:46,0.292
23183,2019-03-23 04:25:46,0.286
23184,2019-03-23 04:25:47,0.305
23185,2019-03-23 04:25:47,0.289
23186,2019-03-23 04:25:47,0.291
23187,2019-03-23 04:25:47,0.285
23188,2019-03-23 04:25:47,0.298
23189,2019-03-23 04:25:48,0.283
23190,2019-03-23 04:25:48,0.295
23191,2019-03-23 04:25:48,0.281
23192,2019-03-23 04:25:48,0.287
23193,2019-03-23 04:25:48,0.294
23194,2019-03-23 04:25:49,0.282
23195,2019-03-23 04:25:49,0.293
23196,2019-03-23 04:25:49,0.302
23197,2019-03-23 04:25:49,0.288
23198,2019-03-23 04:25:49,0.280
23199,2019-03-23 04:25:49,0.288
23200,2019-03-23 04:25:49,0.289
23201,2019-03-23 04:25:49,0.287
23202,2019-03-23 04:25:51,0.286
23203,2019-03-23 04:25:51,0.296
23204,2019-03-23 04:25:51,0.285
23205,2019-03-23 04:25:51,0.291
23206,2019-03-23 04:25:52,0.293
23207,2019-03-23 04:25:52,0.291
23208,2019-03-23 04:25:53,0.294
23209,2019-03-23 04:25:53,0.280
23210,2019-03-23 04:25:53,0.281
23211,2019-03-23 04:25:53,0.277
23212,2019-03-23 04:25:54,0.271
23213,2019-03-23 04:25:54,0.294
23214,2019-03-23 04:25:54,0.277
23215,2019-03-23 04:25:55,0.286
23216,2019-03-23 04:25:55,0.281
23217,2019-03-23 04:25:55,0.277
23218,2019-03-23 04:25:55,0.302
23219,2019-03-23 04:25:56,0.290
23220,2019-03-23 04:25:56,0.294
23221,2019-03-23 04:25:56,0.294
23222,2019-03-23 04:25:56,0.279
23223,2019-03-23 04:25:57,0.283
23224,2019-03-23 04:25:57,0.292
23225,2019-03-23 04:25:57,0.282
23226,2019-03-23 04:25:58,0.286
23227,2019-03-23 04:25:58,0.290
23228,2019-03-23 04:25:58,0.279
23229,2019-03-23 04:25:58,0.287
23230,2019-03-23 04:25:58,0.297
23231,2019-03-23 04:25:59,0.293
23232,2019-03-23 04:25:59,0.277
23233,2019-03-23 04:25:59,0.292
23234,2019-03-23 04:25:59,0.292
23235,2019-03-23 04:25:59,0.300
23236,2019-03-23 04:26:00,0.273
23237,2019-03-23 04:26:00,0.280
23238,2019-03-23 04:26:00,0.302
23239,2019-03-23 04:26:00,0.282
23240,2019-03-23 04:26:00,0.282
23241,2019-03-23 04:26:00,0.288
23242,2019-03-23 04:26:01,0.295
23243,2019-03-23 04:26:01,0.278
23244,2019-03-23 04:26:01,0.291
23245,2019-03-23 04:26:01,0.279
23246,2019-03-23 04:26:01,0.280
23247,2019-03-23 04:26:01,0.275
23248,2019-03-23 04:26:01,0.298
23249,2019-03-23 04:26:02,0.292
23250,2019-03-23 04:26:02,0.283
23251,2019-03-23 04:26:03,0.301
23252,2019-03-23 04:26:03,0.285
23253,2019-03-23 04:26:03,0.288
23254,2019-03-23 04:26:03,0.212
23255,2019-03-23 04:26:04,0.288
23256,2019-03-23 04:26:04,0.302
23257,2019-03-23 04:26:04,0.300
23258,2019-03-23 04:26:05,0.408
23259,2019-03-23 04:26:05,0.284
23260,2019-03-23 04:26:05,0.290
23261,2019-03-23 04:26:06,0.303
23262,2019-03-23 04:26:06,0.298
23263,2019-03-23 04:26:07,0.299
23264,2019-03-23 04:26:07,0.287
23265,2019-03-23 04:26:07,0.291
23266,2019-03-23 04:26:08,0.285
23267,2019-03-23 04:26:08,0.282
23268,2019-03-23 04:26:08,0.287
23269,2019-03-23 04:26:08,0.261
23270,2019-03-23 04:26:08,0.277
23271,2019-03-23 04:26:08,0.291
23272,2019-03-23 04:26:09,0.278
23273,2019-03-23 04:26:10,0.280
23274,2019-03-23 04:26:10,0.289
23275,2019-03-23 04:26:11,0.286
23276,2019-03-23 04:26:12,0.308
23277,2019-03-23 04:26:13,0.282
23278,2019-03-23 04:26:13,0.292
23279,2019-03-23 04:26:13,0.282
23280,2019-03-23 04:26:14,0.298
23281,2019-03-23 04:26:14,0.290
23282,2019-03-23 04:26:15,0.294
23283,2019-03-23 04:26:15,0.289
23284,2019-03-23 04:26:16,0.300
23285,2019-03-23 04:26:16,0.283
23286,2019-03-23 04:26:16,0.279
23287,2019-03-23 04:26:17,0.290
23288,2019-03-23 04:26:17,0.274
23289,2019-03-23 04:26:17,0.283
23290,2019-03-23 04:26:17,0.289
23291,2019-03-23 04:26:18,0.293
23292,2019-03-23 04:26:19,0.282
23293,2019-03-23 04:26:20,0.287
23294,2019-03-23 04:26:21,0.289
23295,2019-03-23 04:26:22,0.292
23296,2019-03-23 04:26:24,0.284
23297,2019-03-23 04:26:24,0.298
23298,2019-03-23 04:26:25,0.277
23299,2019-03-23 04:26:25,0.298
23300,2019-03-23 04:26:25,0.291
23301,2019-03-23 04:26:26,0.297
23302,2019-03-23 04:26:26,0.290
23303,2019-03-23 04:26:26,0.291
23304,2019-03-23 04:26:28,0.285
23305,2019-03-23 04:26:28,0.285
23306,2019-03-23 04:26:28,0.283
23307,2019-03-23 04:26:28,0.293
23308,2019-03-23 04:26:29,0.293
23309,2019-03-23 04:26:29,0.284
23310,2019-03-23 04:26:30,0.312
23311,2019-03-23 04:26:30,0.283
23312,2019-03-23 04:26:32,0.301
23313,2019-03-23 04:26:32,0.295
23314,2019-03-23 04:26:32,0.283
23315,2019-03-23 04:26:33,0.292
23316,2019-03-23 04:26:33,0.291
23317,2019-03-23 04:26:34,0.291
23318,2019-03-23 04:26:35,0.298
23319,2019-03-23 04:26:36,0.269
23320,2019-03-23 04:26:37,0.279
23321,2019-03-23 04:26:37,0.295
23322,2019-03-23 04:26:38,0.303
23323,2019-03-23 04:26:38,0.296
23324,2019-03-23 04:26:38,0.292
23325,2019-03-23 04:26:39,0.300
23326,2019-03-23 04:26:39,0.304
23327,2019-03-23 04:26:39,0.252
23328,2019-03-23 04:26:41,0.285
23329,2019-03-23 04:26:41,0.277
23330,2019-03-23 04:26:41,0.296
23331,2019-03-23 04:26:41,0.279
23332,2019-03-23 04:26:42,0.303
23333,2019-03-23 04:26:43,0.305
23334,2019-03-23 04:26:43,0.293
23335,2019-03-23 04:26:43,0.293
23336,2019-03-23 04:26:44,0.304
23337,2019-03-23 04:26:44,0.284
23338,2019-03-23 04:26:45,0.286
23339,2019-03-23 04:26:46,0.289
23340,2019-03-23 04:26:46,0.289
23341,2019-03-23 04:26:47,0.297
23342,2019-03-23 04:26:47,0.290
23343,2019-03-23 04:26:48,0.301
23344,2019-03-23 04:26:48,0.278
23345,2019-03-23 04:26:49,0.277
23346,2019-03-23 04:26:49,0.292
23347,2019-03-23 04:26:49,0.291
23348,2019-03-23 04:26:50,0.300
23349,2019-03-23 04:26:50,0.300
23350,2019-03-23 04:26:51,0.287
23351,2019-03-23 04:26:51,0.289
23352,2019-03-23 04:26:53,0.294
23353,2019-03-23 04:26:53,0.259
23354,2019-03-23 04:26:54,0.289
23355,2019-03-23 04:26:56,0.285
23356,2019-03-23 04:26:56,0.293
23357,2019-03-23 04:26:56,0.286
23358,2019-03-23 04:26:57,0.297
23359,2019-03-23 04:26:58,0.283
23360,2019-03-23 04:26:59,0.305
23361,2019-03-23 04:26:59,0.280
23362,2019-03-23 04:26:59,0.290
23363,2019-03-23 04:27:01,0.304
23364,2019-03-23 04:27:02,0.295
23365,2019-03-23 04:27:03,0.300
23366,2019-03-23 04:27:04,0.302
23367,2019-03-23 04:27:04,0.322
23368,2019-03-23 04:27:06,0.285
23369,2019-03-23 04:27:08,0.294
23370,2019-03-23 04:27:09,0.295
23371,2019-03-23 04:27:09,0.289
23372,2019-03-23 04:27:11,0.292
23373,2019-03-23 04:27:11,0.295
23374,2019-03-23 04:27:13,0.291
23375,2019-03-23 04:27:13,0.292
23376,2019-03-23 04:27:14,0.302
23377,2019-03-23 04:27:15,0.289
23378,2019-03-23 04:27:16,0.281
23379,2019-03-23 04:27:16,0.287
23380,2019-03-23 04:27:16,0.299
23381,2019-03-23 04:27:16,0.295
23382,2019-03-23 04:27:17,0.282
23383,2019-03-23 04:27:18,0.284
23384,2019-03-23 04:27:18,0.282
23385,2019-03-23 04:27:19,0.289
23386,2019-03-23 04:27:20,0.283
23387,2019-03-23 04:27:21,0.292
23388,2019-03-23 04:27:21,0.351
23389,2019-03-23 04:27:21,0.299
23390,2019-03-23 04:27:22,0.296
23391,2019-03-23 04:27:22,0.300
23392,2019-03-23 04:27:23,0.280
23393,2019-03-23 04:27:23,0.287
23394,2019-03-23 04:27:23,0.294
23395,2019-03-23 04:27:25,0.286
23396,2019-03-23 04:27:25,0.291
23397,2019-03-23 04:27:25,0.291
23398,2019-03-23 04:27:26,0.356
23399,2019-03-23 04:27:26,0.291
23400,2019-03-23 04:27:26,0.278
23401,2019-03-23 04:27:27,0.297
23402,2019-03-23 04:27:27,0.285
23403,2019-03-23 04:27:28,0.289
23404,2019-03-23 04:27:28,0.280
23405,2019-03-23 04:27:28,0.295
23406,2019-03-23 04:27:28,0.282
23407,2019-03-23 04:27:28,0.294
23408,2019-03-23 04:27:28,0.291
23409,2019-03-23 04:27:30,0.303
23410,2019-03-23 04:27:30,0.274
23411,2019-03-23 04:27:31,0.304
23412,2019-03-23 04:27:31,0.412
23413,2019-03-23 04:27:32,0.293
23414,2019-03-23 04:27:32,0.292
23415,2019-03-23 04:27:33,0.276
23416,2019-03-23 04:27:33,0.290
23417,2019-03-23 04:27:34,0.213
23418,2019-03-23 04:27:35,0.296
23419,2019-03-23 04:27:35,0.295
23420,2019-03-23 04:27:35,0.287
23421,2019-03-23 04:27:36,0.286
23422,2019-03-23 04:27:36,0.305
23423,2019-03-23 04:27:36,0.291
23424,2019-03-23 04:27:37,0.285
23425,2019-03-23 04:27:37,0.301
23426,2019-03-23 04:27:37,0.289
23427,2019-03-23 04:27:38,0.290
23428,2019-03-23 04:27:39,0.285
23429,2019-03-23 04:27:39,0.291
23430,2019-03-23 04:27:40,0.292
23431,2019-03-23 04:27:40,0.296
23432,2019-03-23 04:27:41,0.288
23433,2019-03-23 04:27:42,0.295
23434,2019-03-23 04:27:43,0.305
23435,2019-03-23 04:27:44,0.295
23436,2019-03-23 04:27:44,0.299
23437,2019-03-23 04:27:45,0.302
23438,2019-03-23 04:27:45,0.300
23439,2019-03-23 04:27:45,0.302
23440,2019-03-23 04:27:45,0.293
23441,2019-03-23 04:27:46,0.292
23442,2019-03-23 04:27:47,0.297
23443,2019-03-23 04:27:47,0.290
23444,2019-03-23 04:27:48,0.287
23445,2019-03-23 04:27:50,0.276
23446,2019-03-23 04:27:50,0.282
23447,2019-03-23 04:27:50,0.297
23448,2019-03-23 04:27:52,0.285
23449,2019-03-23 04:27:52,0.291
23450,2019-03-23 04:27:53,0.281
23451,2019-03-23 04:27:53,0.287
23452,2019-03-23 04:27:54,0.284
23453,2019-03-23 04:27:54,0.282
23454,2019-03-23 04:27:56,0.298
23455,2019-03-23 04:27:56,0.352
23456,2019-03-23 04:27:56,0.293
23457,2019-03-23 04:27:57,0.282
23458,2019-03-23 04:27:58,0.215
23459,2019-03-23 04:27:58,0.289
23460,2019-03-23 04:27:58,0.299
23461,2019-03-23 04:27:58,0.288
23462,2019-03-23 04:27:59,0.285
23463,2019-03-23 04:27:59,0.288
23464,2019-03-23 04:28:00,0.291
23465,2019-03-23 04:28:01,0.289
23466,2019-03-23 04:28:02,0.398
23467,2019-03-23 04:28:03,0.320
23468,2019-03-23 04:28:03,0.296
23469,2019-03-23 04:28:03,0.296
23470,2019-03-23 04:28:03,0.277
23471,2019-03-23 04:28:04,0.281
23472,2019-03-23 04:28:05,0.273
23473,2019-03-23 04:28:06,0.284
23474,2019-03-23 04:28:06,0.282
23475,2019-03-23 04:28:06,0.298
23476,2019-03-23 04:28:06,0.279
23477,2019-03-23 04:28:07,0.282
23478,2019-03-23 04:28:07,0.286
23479,2019-03-23 04:28:07,0.295
23480,2019-03-23 04:28:08,0.284
23481,2019-03-23 04:28:08,0.291
23482,2019-03-23 04:28:09,0.289
23483,2019-03-23 04:28:09,0.287
23484,2019-03-23 04:28:09,0.297
23485,2019-03-23 04:28:09,0.288
23486,2019-03-23 04:28:10,0.296
23487,2019-03-23 04:28:10,0.214
23488,2019-03-23 04:28:12,0.295
23489,2019-03-23 04:28:12,0.293
23490,2019-03-23 04:28:13,0.283
23491,2019-03-23 04:28:13,0.302
23492,2019-03-23 04:28:13,0.290
23493,2019-03-23 04:28:14,0.289
23494,2019-03-23 04:28:14,0.285
23495,2019-03-23 04:28:15,0.280
23496,2019-03-23 04:28:16,0.293
23497,2019-03-23 04:28:16,0.302
23498,2019-03-23 04:28:17,0.296
23499,2019-03-23 04:28:17,0.299
23500,2019-03-23 04:28:17,0.296
23501,2019-03-23 04:28:18,0.276
23502,2019-03-23 04:28:18,0.297
23503,2019-03-23 04:28:18,0.291
23504,2019-03-23 04:28:18,0.273
23505,2019-03-23 04:28:19,0.288
23506,2019-03-23 04:28:19,0.287
23507,2019-03-23 04:28:21,0.291
23508,2019-03-23 04:28:21,0.295
23509,2019-03-23 04:28:21,0.293
23510,2019-03-23 04:28:21,0.291
23511,2019-03-23 04:28:21,0.288
23512,2019-03-23 04:28:22,0.290
23513,2019-03-23 04:28:22,0.308
23514,2019-03-23 04:28:23,0.285
23515,2019-03-23 04:28:23,0.288
23516,2019-03-23 04:28:24,0.285
23517,2019-03-23 04:28:24,0.288
23518,2019-03-23 04:28:24,0.288
23519,2019-03-23 04:28:25,0.273
23520,2019-03-23 04:28:25,0.294
23521,2019-03-23 04:28:26,0.291
23522,2019-03-23 04:28:26,0.288
23523,2019-03-23 04:28:26,0.298
23524,2019-03-23 04:28:27,0.276
23525,2019-03-23 04:28:27,0.299
23526,2019-03-23 04:28:28,0.303
23527,2019-03-23 04:28:29,0.283
23528,2019-03-23 04:28:29,0.274
23529,2019-03-23 04:28:29,0.282
23530,2019-03-23 04:28:29,0.291
23531,2019-03-23 04:28:30,0.292
23532,2019-03-23 04:28:30,0.299
23533,2019-03-23 04:28:30,0.296
23534,2019-03-23 04:28:33,0.283
23535,2019-03-23 04:28:33,0.296
23536,2019-03-23 04:28:33,0.298
23537,2019-03-23 04:28:34,0.304
23538,2019-03-23 04:28:35,0.295
23539,2019-03-23 04:28:35,0.302
23540,2019-03-23 04:28:35,0.283
23541,2019-03-23 04:28:35,0.302
23542,2019-03-23 04:28:36,0.287
23543,2019-03-23 04:28:36,0.297
23544,2019-03-23 04:28:37,0.284
23545,2019-03-23 04:28:38,0.298
23546,2019-03-23 04:28:38,0.294
23547,2019-03-23 04:28:38,0.282
23548,2019-03-23 04:28:39,0.290
23549,2019-03-23 04:28:39,0.290
23550,2019-03-23 04:28:40,0.285
23551,2019-03-23 04:28:41,0.278
23552,2019-03-23 04:28:41,0.289
23553,2019-03-23 04:28:42,0.295
23554,2019-03-23 04:28:43,0.296
23555,2019-03-23 04:28:43,0.294
23556,2019-03-23 04:28:44,0.289
23557,2019-03-23 04:28:44,0.292
23558,2019-03-23 04:28:44,0.287
23559,2019-03-23 04:28:45,0.292
23560,2019-03-23 04:28:46,0.292
23561,2019-03-23 04:28:48,0.292
23562,2019-03-23 04:28:48,0.305
23563,2019-03-23 04:28:49,0.281
23564,2019-03-23 04:28:49,0.282
23565,2019-03-23 04:28:50,0.299
23566,2019-03-23 04:28:51,0.292
23567,2019-03-23 04:28:51,0.289
23568,2019-03-23 04:28:54,0.292
23569,2019-03-23 04:28:54,0.294
23570,2019-03-23 04:28:54,0.289
23571,2019-03-23 04:28:55,0.284
23572,2019-03-23 04:28:56,0.293
23573,2019-03-23 04:28:56,0.296
23574,2019-03-23 04:28:56,0.263
23575,2019-03-23 04:28:56,0.275
23576,2019-03-23 04:28:57,0.296
23577,2019-03-23 04:28:57,0.310
23578,2019-03-23 04:28:58,0.299
23579,2019-03-23 04:28:58,0.301
23580,2019-03-23 04:28:58,0.292
23581,2019-03-23 04:28:59,0.283
23582,2019-03-23 04:28:59,0.287
23583,2019-03-23 04:28:59,0.291
23584,2019-03-23 04:28:59,0.301
23585,2019-03-23 04:29:00,0.309
23586,2019-03-23 04:29:00,0.291
23587,2019-03-23 04:29:01,0.252
23588,2019-03-23 04:29:01,0.285
23589,2019-03-23 04:29:02,0.282
23590,2019-03-23 04:29:02,0.282
23591,2019-03-23 04:29:03,0.303
23592,2019-03-23 04:29:03,0.294
23593,2019-03-23 04:29:03,0.296
23594,2019-03-23 04:29:03,0.283
23595,2019-03-23 04:29:04,0.301
23596,2019-03-23 04:29:05,0.301
23597,2019-03-23 04:29:05,0.296
23598,2019-03-23 04:29:06,0.288
23599,2019-03-23 04:29:06,0.289
23600,2019-03-23 04:29:06,0.278
23601,2019-03-23 04:29:07,0.291
23602,2019-03-23 04:29:08,0.282
23603,2019-03-23 04:29:08,0.276
23604,2019-03-23 04:29:09,0.280
23605,2019-03-23 04:29:09,0.298
23606,2019-03-23 04:29:10,0.301
23607,2019-03-23 04:29:10,0.284
23608,2019-03-23 04:29:11,0.283
23609,2019-03-23 04:29:12,0.282
23610,2019-03-23 04:29:12,0.283
23611,2019-03-23 04:29:12,0.279
23612,2019-03-23 04:29:12,0.295
23613,2019-03-23 04:29:13,0.290
23614,2019-03-23 04:29:13,0.289
23615,2019-03-23 04:29:13,0.293
23616,2019-03-23 04:29:13,0.283
23617,2019-03-23 04:29:14,0.291
23618,2019-03-23 04:29:14,0.292
23619,2019-03-23 04:29:15,0.277
23620,2019-03-23 04:29:15,0.283
23621,2019-03-23 04:29:16,0.292
23622,2019-03-23 04:29:16,0.288
23623,2019-03-23 04:29:16,0.288
23624,2019-03-23 04:29:17,0.288
23625,2019-03-23 04:29:17,0.294
23626,2019-03-23 04:29:18,0.299
23627,2019-03-23 04:29:19,0.288
23628,2019-03-23 04:29:20,0.309
23629,2019-03-23 04:29:20,0.291
23630,2019-03-23 04:29:20,0.290
23631,2019-03-23 04:29:21,0.307
23632,2019-03-23 04:29:21,0.293
23633,2019-03-23 04:29:21,0.294
23634,2019-03-23 04:29:22,0.298
23635,2019-03-23 04:29:22,0.283
23636,2019-03-23 04:29:23,0.295
23637,2019-03-23 04:29:23,0.289
23638,2019-03-23 04:29:25,0.286
23639,2019-03-23 04:29:25,0.282
23640,2019-03-23 04:29:26,0.301
23641,2019-03-23 04:29:26,0.302
23642,2019-03-23 04:29:27,0.286
23643,2019-03-23 04:29:28,0.200
23644,2019-03-23 04:29:29,0.289
23645,2019-03-23 04:29:30,0.285
23646,2019-03-23 04:29:30,0.283
23647,2019-03-23 04:29:31,0.302
23648,2019-03-23 04:29:32,0.284
23649,2019-03-23 04:29:33,0.291
23650,2019-03-23 04:29:33,0.283
23651,2019-03-23 04:29:34,0.303
23652,2019-03-23 04:29:34,0.297
23653,2019-03-23 04:29:35,0.285
23654,2019-03-23 04:29:36,0.292
23655,2019-03-23 04:29:37,0.289
23656,2019-03-23 04:29:37,0.297
23657,2019-03-23 04:29:38,0.290
23658,2019-03-23 04:29:39,0.292
23659,2019-03-23 04:29:39,0.280
23660,2019-03-23 04:29:40,0.281
23661,2019-03-23 04:29:40,0.290
23662,2019-03-23 04:29:41,0.291
23663,2019-03-23 04:29:41,0.280
23664,2019-03-23 04:29:41,0.296
23665,2019-03-23 04:29:42,0.281
23666,2019-03-23 04:29:43,0.301
23667,2019-03-23 04:29:43,0.284
23668,2019-03-23 04:29:44,0.290
23669,2019-03-23 04:29:44,0.283
23670,2019-03-23 04:29:44,0.278
23671,2019-03-23 04:29:45,0.301
23672,2019-03-23 04:29:46,0.291
23673,2019-03-23 04:29:47,0.280
23674,2019-03-23 04:29:48,0.286
23675,2019-03-23 04:29:49,0.301
23676,2019-03-23 04:29:51,0.290
23677,2019-03-23 04:29:51,0.290
23678,2019-03-23 04:29:52,0.293
23679,2019-03-23 04:29:53,0.306
23680,2019-03-23 04:29:53,0.288
23681,2019-03-23 04:29:53,0.286
23682,2019-03-23 04:29:54,0.285
23683,2019-03-23 04:29:54,0.281
23684,2019-03-23 04:29:54,0.299
23685,2019-03-23 04:29:55,0.304
23686,2019-03-23 04:29:56,0.298
23687,2019-03-23 04:29:57,0.290
23688,2019-03-23 04:29:57,0.282
23689,2019-03-23 04:29:57,0.288
23690,2019-03-23 04:29:57,0.285
23691,2019-03-23 04:29:58,0.292
23692,2019-03-23 04:29:59,0.294
23693,2019-03-23 04:29:59,0.286
23694,2019-03-23 04:30:01,0.291
23695,2019-03-23 04:30:01,0.281
23696,2019-03-23 04:30:01,0.293
23697,2019-03-23 04:30:01,0.293
23698,2019-03-23 04:30:02,0.287
23699,2019-03-23 04:30:02,0.312
23700,2019-03-23 04:30:02,0.294
23701,2019-03-23 04:30:03,0.278
23702,2019-03-23 04:30:03,0.285
23703,2019-03-23 04:30:03,0.290
23704,2019-03-23 04:30:03,0.282
23705,2019-03-23 04:30:04,0.278
23706,2019-03-23 04:30:04,0.275
23707,2019-03-23 04:30:05,0.292
23708,2019-03-23 04:30:07,0.284
23709,2019-03-23 04:30:08,0.289
23710,2019-03-23 04:30:08,0.296
23711,2019-03-23 04:30:09,0.295
23712,2019-03-23 04:30:09,0.295
23713,2019-03-23 04:30:10,0.287
23714,2019-03-23 04:30:10,0.294
23715,2019-03-23 04:30:11,0.293
23716,2019-03-23 04:30:12,0.299
23717,2019-03-23 04:30:12,0.294
23718,2019-03-23 04:30:12,0.297
23719,2019-03-23 04:30:13,0.288
23720,2019-03-23 04:30:14,0.301
23721,2019-03-23 04:30:14,0.293
23722,2019-03-23 04:30:15,0.282
23723,2019-03-23 04:30:15,0.294
23724,2019-03-23 04:30:16,0.287
23725,2019-03-23 04:30:16,0.286
23726,2019-03-23 04:30:17,0.288
23727,2019-03-23 04:30:18,0.281
23728,2019-03-23 04:30:18,0.523
23729,2019-03-23 04:30:18,0.312
23730,2019-03-23 04:30:19,0.291
23731,2019-03-23 04:30:19,0.285
23732,2019-03-23 04:30:20,0.284
23733,2019-03-23 04:30:20,0.307
23734,2019-03-23 04:30:20,0.288
23735,2019-03-23 04:30:21,0.293
23736,2019-03-23 04:30:21,0.299
23737,2019-03-23 04:30:22,0.285
23738,2019-03-23 04:30:22,0.287
23739,2019-03-23 04:30:22,0.294
23740,2019-03-23 04:30:22,0.300
23741,2019-03-23 04:30:23,0.306
23742,2019-03-23 04:30:25,0.291
23743,2019-03-23 04:30:25,0.294
23744,2019-03-23 04:30:26,0.300
23745,2019-03-23 04:30:28,0.299
23746,2019-03-23 04:30:28,0.296
23747,2019-03-23 04:30:28,0.282
23748,2019-03-23 04:30:29,0.284
23749,2019-03-23 04:30:30,0.281
23750,2019-03-23 04:30:31,0.293
23751,2019-03-23 04:30:32,0.292
23752,2019-03-23 04:30:33,0.297
23753,2019-03-23 04:30:33,0.212
23754,2019-03-23 04:30:34,0.297
23755,2019-03-23 04:30:35,0.289
23756,2019-03-23 04:30:36,0.295
23757,2019-03-23 04:30:36,0.305
23758,2019-03-23 04:30:37,0.281
23759,2019-03-23 04:30:37,0.302
23760,2019-03-23 04:30:37,0.297
23761,2019-03-23 04:30:38,0.291
23762,2019-03-23 04:30:38,0.287
23763,2019-03-23 04:30:38,0.293
23764,2019-03-23 04:30:38,0.298
23765,2019-03-23 04:30:39,0.290
23766,2019-03-23 04:30:39,0.296
23767,2019-03-23 04:30:40,0.296
23768,2019-03-23 04:30:40,0.284
23769,2019-03-23 04:30:41,0.297
23770,2019-03-23 04:30:42,0.212
23771,2019-03-23 04:30:42,0.300
23772,2019-03-23 04:30:42,0.291
23773,2019-03-23 04:30:43,0.308
23774,2019-03-23 04:30:43,0.282
23775,2019-03-23 04:30:44,0.282
23776,2019-03-23 04:30:45,0.294
23777,2019-03-23 04:30:45,0.294
23778,2019-03-23 04:30:46,0.284
23779,2019-03-23 04:30:46,0.296
23780,2019-03-23 04:30:47,0.293
23781,2019-03-23 04:30:47,0.304
23782,2019-03-23 04:30:48,0.291
23783,2019-03-23 04:30:49,0.271
23784,2019-03-23 04:30:49,0.312
23785,2019-03-23 04:30:50,0.296
23786,2019-03-23 04:30:51,0.290
23787,2019-03-23 04:30:52,0.280
23788,2019-03-23 04:30:52,0.309
23789,2019-03-23 04:30:52,0.290
23790,2019-03-23 04:30:53,0.289
23791,2019-03-23 04:30:54,0.299
23792,2019-03-23 04:30:54,0.285
23793,2019-03-23 04:30:54,0.298
23794,2019-03-23 04:30:55,0.269
23795,2019-03-23 04:30:55,0.294
23796,2019-03-23 04:30:56,0.286
23797,2019-03-23 04:30:56,0.307
23798,2019-03-23 04:30:56,0.308
23799,2019-03-23 04:30:57,0.298
23800,2019-03-23 04:30:58,0.274
23801,2019-03-23 04:30:58,0.307
23802,2019-03-23 04:30:58,0.293
23803,2019-03-23 04:30:59,0.303
23804,2019-03-23 04:31:00,0.289
23805,2019-03-23 04:31:00,0.289
23806,2019-03-23 04:31:01,0.302
23807,2019-03-23 04:31:01,0.300
23808,2019-03-23 04:31:01,0.293
23809,2019-03-23 04:31:03,0.289
23810,2019-03-23 04:31:03,0.295
23811,2019-03-23 04:31:03,0.305
23812,2019-03-23 04:31:04,0.282
23813,2019-03-23 04:31:04,0.299
23814,2019-03-23 04:31:05,0.293
23815,2019-03-23 04:31:05,0.286
23816,2019-03-23 04:31:06,0.281
23817,2019-03-23 04:31:06,0.294
23818,2019-03-23 04:31:06,0.285
23819,2019-03-23 04:31:09,0.283
23820,2019-03-23 04:31:10,0.283
23821,2019-03-23 04:31:10,0.286
23822,2019-03-23 04:31:11,0.327
23823,2019-03-23 04:31:11,0.276
23824,2019-03-23 04:31:12,0.300
23825,2019-03-23 04:31:12,0.286
23826,2019-03-23 04:31:12,0.283
23827,2019-03-23 04:31:14,0.278
23828,2019-03-23 04:31:14,0.283
23829,2019-03-23 04:31:15,0.300
23830,2019-03-23 04:31:15,0.285
23831,2019-03-23 04:31:15,0.303
23832,2019-03-23 04:31:16,0.297
23833,2019-03-23 04:31:16,0.273
23834,2019-03-23 04:31:16,0.296
23835,2019-03-23 04:31:17,0.277
23836,2019-03-23 04:31:18,0.300
23837,2019-03-23 04:31:18,0.302
23838,2019-03-23 04:31:20,0.296
23839,2019-03-23 04:31:21,0.285
23840,2019-03-23 04:31:21,0.298
23841,2019-03-23 04:31:21,0.277
23842,2019-03-23 04:31:22,0.308
23843,2019-03-23 04:31:23,0.286
23844,2019-03-23 04:31:23,0.286
23845,2019-03-23 04:31:24,0.310
23846,2019-03-23 04:31:24,0.291
23847,2019-03-23 04:31:25,0.295
23848,2019-03-23 04:31:25,0.294
23849,2019-03-23 04:31:26,0.293
23850,2019-03-23 04:31:26,0.273
23851,2019-03-23 04:31:28,0.286
23852,2019-03-23 04:31:29,0.286
23853,2019-03-23 04:31:29,0.287
23854,2019-03-23 04:31:30,0.281
23855,2019-03-23 04:31:30,0.288
23856,2019-03-23 04:31:31,0.296
23857,2019-03-23 04:31:31,0.292
23858,2019-03-23 04:31:33,0.294
23859,2019-03-23 04:31:33,0.283
23860,2019-03-23 04:31:34,0.287
23861,2019-03-23 04:31:35,0.296
23862,2019-03-23 04:31:35,0.291
23863,2019-03-23 04:31:35,0.282
23864,2019-03-23 04:31:36,0.296
23865,2019-03-23 04:31:36,0.276
23866,2019-03-23 04:31:36,0.334
23867,2019-03-23 04:31:37,0.297
23868,2019-03-23 04:31:37,0.291
23869,2019-03-23 04:31:37,0.291
23870,2019-03-23 04:31:39,0.286
23871,2019-03-23 04:31:41,0.306
23872,2019-03-23 04:31:41,0.288
23873,2019-03-23 04:31:42,0.290
23874,2019-03-23 04:31:42,0.302
23875,2019-03-23 04:31:43,0.300
23876,2019-03-23 04:31:43,0.308
23877,2019-03-23 04:31:44,0.300
23878,2019-03-23 04:31:44,0.299
23879,2019-03-23 04:31:46,0.292
23880,2019-03-23 04:31:46,0.305
23881,2019-03-23 04:31:47,0.297
23882,2019-03-23 04:31:47,0.295
23883,2019-03-23 04:31:49,0.292
23884,2019-03-23 04:31:49,0.281
23885,2019-03-23 04:31:49,0.299
23886,2019-03-23 04:31:50,0.297
23887,2019-03-23 04:31:50,0.292
23888,2019-03-23 04:31:51,0.294
23889,2019-03-23 04:31:51,0.289
23890,2019-03-23 04:31:51,0.291
23891,2019-03-23 04:31:52,0.292
23892,2019-03-23 04:31:52,0.281
23893,2019-03-23 04:31:53,0.296
23894,2019-03-23 04:31:53,0.279
23895,2019-03-23 04:31:53,0.295
23896,2019-03-23 04:31:54,0.282
23897,2019-03-23 04:31:54,0.297
23898,2019-03-23 04:31:54,0.290
23899,2019-03-23 04:31:56,0.270
23900,2019-03-23 04:31:57,0.313
23901,2019-03-23 04:31:57,0.282
23902,2019-03-23 04:31:57,0.275
23903,2019-03-23 04:31:58,0.288
23904,2019-03-23 04:31:58,0.297
23905,2019-03-23 04:31:59,0.286
23906,2019-03-23 04:31:59,0.306
23907,2019-03-23 04:31:59,0.299
23908,2019-03-23 04:32:00,0.281
23909,2019-03-23 04:32:00,0.294
23910,2019-03-23 04:32:01,0.291
23911,2019-03-23 04:32:02,0.290
23912,2019-03-23 04:32:03,0.291
23913,2019-03-23 04:32:03,0.307
23914,2019-03-23 04:32:05,0.296
23915,2019-03-23 04:32:06,0.185
23916,2019-03-23 04:32:06,0.299
23917,2019-03-23 04:32:07,0.290
23918,2019-03-23 04:32:07,0.309
23919,2019-03-23 04:32:07,0.275
23920,2019-03-23 04:32:08,0.284
23921,2019-03-23 04:32:09,0.286
23922,2019-03-23 04:32:09,0.310
23923,2019-03-23 04:32:09,0.289
23924,2019-03-23 04:32:09,0.289
23925,2019-03-23 04:32:09,0.291
23926,2019-03-23 04:32:11,0.288
23927,2019-03-23 04:32:11,0.207
23928,2019-03-23 04:32:11,0.295
23929,2019-03-23 04:32:13,0.279
23930,2019-03-23 04:32:13,0.282
23931,2019-03-23 04:32:15,0.301
23932,2019-03-23 04:32:15,0.286
23933,2019-03-23 04:32:17,0.285
23934,2019-03-23 04:32:18,0.293
23935,2019-03-23 04:32:18,0.286
23936,2019-03-23 04:32:18,0.303
23937,2019-03-23 04:32:18,0.305
23938,2019-03-23 04:32:19,0.282
23939,2019-03-23 04:32:20,0.289
23940,2019-03-23 04:32:20,0.287
23941,2019-03-23 04:32:20,0.285
23942,2019-03-23 04:32:21,0.285
23943,2019-03-23 04:32:21,0.306
23944,2019-03-23 04:32:22,0.282
23945,2019-03-23 04:32:22,0.291
23946,2019-03-23 04:32:23,0.302
23947,2019-03-23 04:32:23,0.287
23948,2019-03-23 04:32:24,0.293
23949,2019-03-23 04:32:25,0.312
23950,2019-03-23 04:32:25,0.283
23951,2019-03-23 04:32:25,0.294
23952,2019-03-23 04:32:26,0.306
23953,2019-03-23 04:32:26,0.296
23954,2019-03-23 04:32:26,0.293
23955,2019-03-23 04:32:27,0.281
23956,2019-03-23 04:32:27,0.295
23957,2019-03-23 04:32:27,0.281
23958,2019-03-23 04:32:28,0.349
23959,2019-03-23 04:32:28,0.284
23960,2019-03-23 04:32:29,0.288
23961,2019-03-23 04:32:29,0.287
23962,2019-03-23 04:32:30,0.283
23963,2019-03-23 04:32:31,0.311
23964,2019-03-23 04:32:31,0.299
23965,2019-03-23 04:35:11,0.291
23966,2019-03-23 04:35:11,0.296
23967,2019-03-23 04:35:11,0.276
23968,2019-03-23 04:35:11,0.288
23969,2019-03-23 04:35:12,0.290
23970,2019-03-23 04:35:12,0.301
23971,2019-03-23 04:35:12,0.274
23972,2019-03-23 04:35:13,0.299
23973,2019-03-23 04:35:13,0.296
23974,2019-03-23 04:35:13,0.280
23975,2019-03-23 04:35:14,0.297
23976,2019-03-23 04:35:14,0.289
23977,2019-03-23 04:35:14,0.282
23978,2019-03-23 04:35:14,0.274
23979,2019-03-23 04:35:14,0.294
23980,2019-03-23 04:35:14,0.276
23981,2019-03-23 04:35:15,0.296
23982,2019-03-23 04:35:15,0.282
23983,2019-03-23 04:35:15,0.287
23984,2019-03-23 04:35:15,0.291
23985,2019-03-23 04:35:15,0.299
23986,2019-03-23 04:35:15,0.292
23987,2019-03-23 04:35:15,0.290
23988,2019-03-23 04:35:16,0.287
23989,2019-03-23 04:35:16,0.294
23990,2019-03-23 04:35:16,0.303
23991,2019-03-23 04:35:17,0.297
23992,2019-03-23 04:35:17,0.300
23993,2019-03-23 04:35:18,0.294
23994,2019-03-23 04:35:18,0.299
23995,2019-03-23 04:35:18,0.288
23996,2019-03-23 04:35:18,0.289
23997,2019-03-23 04:35:18,0.295
23998,2019-03-23 04:35:19,0.300
23999,2019-03-23 04:35:19,0.288
24000,2019-03-23 04:35:19,0.286
24001,2019-03-23 04:35:19,0.283
24002,2019-03-23 04:35:19,0.291
24003,2019-03-23 04:35:20,0.305
24004,2019-03-23 04:35:20,0.296
24005,2019-03-23 04:35:20,0.278
24006,2019-03-23 04:35:20,0.274
24007,2019-03-23 04:35:20,0.275
24008,2019-03-23 04:35:20,0.281
24009,2019-03-23 04:35:20,0.282
24010,2019-03-23 04:35:21,0.277
24011,2019-03-23 04:35:21,0.292
24012,2019-03-23 04:35:21,0.298
24013,2019-03-23 04:35:22,0.300
24014,2019-03-23 04:35:22,0.290
24015,2019-03-23 04:35:22,0.319
24016,2019-03-23 04:35:22,0.212
24017,2019-03-23 04:35:23,0.280
24018,2019-03-23 04:35:24,0.279
24019,2019-03-23 04:35:24,0.287
24020,2019-03-23 04:35:24,0.298
24021,2019-03-23 04:35:24,0.290
24022,2019-03-23 04:35:25,0.301
24023,2019-03-23 04:35:25,0.291
24024,2019-03-23 04:35:25,0.282
24025,2019-03-23 04:35:26,0.212
24026,2019-03-23 04:35:26,0.290
24027,2019-03-23 04:35:26,0.298
24028,2019-03-23 04:35:26,0.298
24029,2019-03-23 04:35:26,0.299
24030,2019-03-23 04:35:27,0.301
24031,2019-03-23 04:35:27,0.308
24032,2019-03-23 04:35:27,0.297
24033,2019-03-23 04:35:28,0.302
24034,2019-03-23 04:35:28,0.276
24035,2019-03-23 04:35:28,0.294
24036,2019-03-23 04:35:28,0.287
24037,2019-03-23 04:35:28,0.292
24038,2019-03-23 04:35:29,0.294
24039,2019-03-23 04:35:29,0.299
24040,2019-03-23 04:35:30,0.274
24041,2019-03-23 04:35:30,0.288
24042,2019-03-23 04:35:30,0.291
24043,2019-03-23 04:35:31,0.289
24044,2019-03-23 04:35:31,0.286
24045,2019-03-23 04:35:31,0.298
24046,2019-03-23 04:35:31,0.290
24047,2019-03-23 04:35:31,0.296
24048,2019-03-23 04:35:32,0.293
24049,2019-03-23 04:35:32,0.294
24050,2019-03-23 04:35:32,0.293
24051,2019-03-23 04:35:33,0.278
24052,2019-03-23 04:35:33,0.298
24053,2019-03-23 04:35:34,0.282
24054,2019-03-23 04:35:34,0.277
24055,2019-03-23 04:35:34,0.301
24056,2019-03-23 04:35:35,0.297
24057,2019-03-23 04:35:36,0.295
24058,2019-03-23 04:35:36,0.294
24059,2019-03-23 04:35:37,0.287
24060,2019-03-23 04:35:37,0.281
24061,2019-03-23 04:35:38,0.292
24062,2019-03-23 04:35:38,0.281
24063,2019-03-23 04:35:39,0.275
24064,2019-03-23 04:35:39,0.277
24065,2019-03-23 04:35:39,0.290
24066,2019-03-23 04:35:40,0.285
24067,2019-03-23 04:35:40,0.296
24068,2019-03-23 04:35:40,0.293
24069,2019-03-23 04:35:41,0.308
24070,2019-03-23 04:35:41,0.295
24071,2019-03-23 04:35:41,0.300
24072,2019-03-23 04:35:43,0.283
24073,2019-03-23 04:35:44,0.287
24074,2019-03-23 04:35:45,0.308
24075,2019-03-23 04:35:45,0.277
24076,2019-03-23 04:35:46,0.275
24077,2019-03-23 04:35:46,0.282
24078,2019-03-23 04:35:47,0.297
24079,2019-03-23 04:35:49,0.274
24080,2019-03-23 04:35:49,0.292
24081,2019-03-23 04:35:50,0.291
24082,2019-03-23 04:35:50,0.283
24083,2019-03-23 04:35:51,0.288
24084,2019-03-23 04:35:52,0.295
24085,2019-03-23 04:35:52,0.304
24086,2019-03-23 04:35:52,0.282
24087,2019-03-23 04:35:52,0.294
24088,2019-03-23 04:35:53,0.300
24089,2019-03-23 04:35:53,0.282
24090,2019-03-23 04:35:54,0.286
24091,2019-03-23 04:35:54,0.298
24092,2019-03-23 04:35:55,0.284
24093,2019-03-23 04:35:56,0.288
24094,2019-03-23 04:35:57,0.282
24095,2019-03-23 04:35:57,0.294
24096,2019-03-23 04:35:57,0.285
24097,2019-03-23 04:35:58,0.289
24098,2019-03-23 04:35:58,0.289
24099,2019-03-23 04:35:59,0.295
24100,2019-03-23 04:36:00,0.276
24101,2019-03-23 04:36:00,0.272
24102,2019-03-23 04:36:00,0.286
24103,2019-03-23 04:36:01,0.287
24104,2019-03-23 04:36:02,0.287
24105,2019-03-23 04:36:02,0.290
24106,2019-03-23 04:36:03,0.276
24107,2019-03-23 04:36:03,0.291
24108,2019-03-23 04:36:04,0.305
24109,2019-03-23 04:36:04,0.302
24110,2019-03-23 04:36:05,0.288
24111,2019-03-23 04:36:05,0.286
24112,2019-03-23 04:36:05,0.279
24113,2019-03-23 04:36:05,0.279
24114,2019-03-23 04:36:06,0.304
24115,2019-03-23 04:36:06,0.287
24116,2019-03-23 04:36:06,0.297
24117,2019-03-23 04:36:07,0.298
24118,2019-03-23 04:36:07,0.286
24119,2019-03-23 04:36:08,0.282
24120,2019-03-23 04:36:09,0.287
24121,2019-03-23 04:36:09,0.282
24122,2019-03-23 04:36:10,0.279
24123,2019-03-23 04:36:11,0.299
24124,2019-03-23 04:36:12,0.287
24125,2019-03-23 04:36:13,0.280
24126,2019-03-23 04:36:13,0.271
24127,2019-03-23 04:36:14,0.284
24128,2019-03-23 04:36:15,0.291
24129,2019-03-23 04:36:16,0.302
24130,2019-03-23 04:36:16,0.305
24131,2019-03-23 04:36:16,0.283
24132,2019-03-23 04:36:17,0.289
24133,2019-03-23 04:36:17,0.291
24134,2019-03-23 04:36:18,0.283
24135,2019-03-23 04:36:18,0.285
24136,2019-03-23 04:36:19,0.287
24137,2019-03-23 04:36:20,0.295
24138,2019-03-23 04:36:20,0.278
24139,2019-03-23 04:36:20,0.301
24140,2019-03-23 04:36:20,0.284
24141,2019-03-23 04:36:21,0.293
24142,2019-03-23 04:36:21,0.283
24143,2019-03-23 04:36:21,0.298
24144,2019-03-23 04:36:22,0.288
24145,2019-03-23 04:36:22,0.294
24146,2019-03-23 04:36:24,0.297
24147,2019-03-23 04:36:26,0.293
24148,2019-03-23 04:36:27,0.284
24149,2019-03-23 04:36:27,0.293
24150,2019-03-23 04:36:28,0.292
24151,2019-03-23 04:36:33,0.282
24152,2019-03-23 04:36:33,0.212
24153,2019-03-23 04:36:34,0.289
24154,2019-03-23 04:36:35,0.297
24155,2019-03-23 04:36:35,0.275
24156,2019-03-23 04:36:36,0.307
24157,2019-03-23 04:36:36,0.297
24158,2019-03-23 04:36:37,0.286
24159,2019-03-23 04:36:37,0.299
24160,2019-03-23 04:36:38,0.277
24161,2019-03-23 04:36:38,0.281
24162,2019-03-23 04:36:39,0.287
24163,2019-03-23 04:36:40,0.289
24164,2019-03-23 04:36:40,0.355
24165,2019-03-23 04:36:41,0.278
24166,2019-03-23 04:36:41,0.281
24167,2019-03-23 04:36:42,0.290
24168,2019-03-23 04:36:43,0.284
24169,2019-03-23 04:36:44,0.288
24170,2019-03-23 04:36:44,0.300
24171,2019-03-23 04:36:45,0.309
24172,2019-03-23 04:36:45,0.306
24173,2019-03-23 04:36:45,0.296
24174,2019-03-23 04:36:45,0.295
24175,2019-03-23 04:36:46,0.275
24176,2019-03-23 04:36:46,0.301
24177,2019-03-23 04:36:48,0.285
24178,2019-03-23 04:36:48,0.283
24179,2019-03-23 04:36:50,0.279
24180,2019-03-23 04:36:50,0.297
24181,2019-03-23 04:36:50,0.288
24182,2019-03-23 04:36:51,0.288
24183,2019-03-23 04:36:52,0.284
24184,2019-03-23 04:36:52,0.285
24185,2019-03-23 04:36:53,0.288
24186,2019-03-23 04:36:53,0.214
24187,2019-03-23 04:36:53,0.293
24188,2019-03-23 04:36:54,0.296
24189,2019-03-23 04:36:54,0.295
24190,2019-03-23 04:36:55,0.293
24191,2019-03-23 04:36:55,0.292
24192,2019-03-23 04:36:56,0.290
24193,2019-03-23 04:36:56,0.287
24194,2019-03-23 04:36:56,0.287
24195,2019-03-23 04:36:57,0.300
24196,2019-03-23 04:36:57,0.311
24197,2019-03-23 04:36:58,0.278
24198,2019-03-23 04:37:01,0.277
24199,2019-03-23 04:37:01,0.277
24200,2019-03-23 04:37:02,0.297
24201,2019-03-23 04:37:02,0.288
24202,2019-03-23 04:37:02,0.297
24203,2019-03-23 04:37:03,0.285
24204,2019-03-23 04:37:03,0.303
24205,2019-03-23 04:37:04,0.278
24206,2019-03-23 04:37:04,0.277
24207,2019-03-23 04:37:04,0.295
24208,2019-03-23 04:37:05,0.291
24209,2019-03-23 04:37:05,0.292
24210,2019-03-23 04:37:05,0.289
24211,2019-03-23 04:37:06,0.293
24212,2019-03-23 04:37:06,0.302
24213,2019-03-23 04:37:07,0.284
24214,2019-03-23 04:37:07,0.292
24215,2019-03-23 04:37:07,0.294
24216,2019-03-23 04:37:07,0.295
24217,2019-03-23 04:37:08,0.284
24218,2019-03-23 04:37:08,0.291
24219,2019-03-23 04:37:08,0.293
24220,2019-03-23 04:37:09,0.278
24221,2019-03-23 04:37:09,0.285
24222,2019-03-23 04:37:10,0.291
24223,2019-03-23 04:37:10,0.304
24224,2019-03-23 04:37:10,0.299
24225,2019-03-23 04:37:11,0.289
24226,2019-03-23 04:37:11,0.395
24227,2019-03-23 04:37:11,0.281
24228,2019-03-23 04:37:11,0.280
24229,2019-03-23 04:37:12,0.274
24230,2019-03-23 04:37:12,0.297
24231,2019-03-23 04:37:13,0.299
24232,2019-03-23 04:37:14,0.292
24233,2019-03-23 04:37:14,0.288
24234,2019-03-23 04:37:15,0.294
24235,2019-03-23 04:37:15,0.288
24236,2019-03-23 04:37:16,0.295
24237,2019-03-23 04:37:17,0.269
24238,2019-03-23 04:37:17,0.291
24239,2019-03-23 04:37:17,0.285
24240,2019-03-23 04:37:18,0.312
24241,2019-03-23 04:37:19,0.293
24242,2019-03-23 04:37:20,0.285
24243,2019-03-23 04:37:20,0.279
24244,2019-03-23 04:37:20,0.286
24245,2019-03-23 04:37:20,0.299
24246,2019-03-23 04:37:21,0.290
24247,2019-03-23 04:37:21,0.309
24248,2019-03-23 04:37:22,0.290
24249,2019-03-23 04:37:22,0.290
24250,2019-03-23 04:37:23,0.303
24251,2019-03-23 04:37:24,0.290
24252,2019-03-23 04:37:25,0.298
24253,2019-03-23 04:37:26,0.308
24254,2019-03-23 04:37:27,0.291
24255,2019-03-23 04:37:27,0.284
24256,2019-03-23 04:37:27,0.283
24257,2019-03-23 04:37:28,0.280
24258,2019-03-23 04:37:29,0.305
24259,2019-03-23 04:37:29,0.295
24260,2019-03-23 04:37:29,0.296
24261,2019-03-23 04:37:30,0.284
24262,2019-03-23 04:37:30,0.293
24263,2019-03-23 04:37:30,0.307
24264,2019-03-23 04:37:31,0.272
24265,2019-03-23 04:37:31,0.318
24266,2019-03-23 04:37:31,0.294
24267,2019-03-23 04:37:32,0.304
24268,2019-03-23 04:37:32,0.270
24269,2019-03-23 04:37:33,0.298
24270,2019-03-23 04:37:34,0.294
24271,2019-03-23 04:37:34,0.295
24272,2019-03-23 04:37:34,0.303
24273,2019-03-23 04:37:34,0.300
24274,2019-03-23 04:37:35,0.282
24275,2019-03-23 04:37:36,0.289
24276,2019-03-23 04:37:36,0.286
24277,2019-03-23 04:37:37,0.296
24278,2019-03-23 04:37:38,0.297
24279,2019-03-23 04:37:38,0.292
24280,2019-03-23 04:37:38,0.275
24281,2019-03-23 04:37:39,0.290
24282,2019-03-23 04:37:40,0.300
24283,2019-03-23 04:37:40,0.293
24284,2019-03-23 04:37:40,0.290
24285,2019-03-23 04:37:41,0.285
24286,2019-03-23 04:37:42,0.306
24287,2019-03-23 04:37:42,0.286
24288,2019-03-23 04:37:43,0.309
24289,2019-03-23 04:37:44,0.281
24290,2019-03-23 04:37:44,0.314
24291,2019-03-23 04:37:44,0.287
24292,2019-03-23 04:37:45,0.292
24293,2019-03-23 04:37:45,0.285
24294,2019-03-23 04:37:45,0.289
24295,2019-03-23 04:37:46,0.289
24296,2019-03-23 04:37:46,0.292
24297,2019-03-23 04:37:47,0.297
24298,2019-03-23 04:37:48,0.290
24299,2019-03-23 04:37:49,0.291
24300,2019-03-23 04:37:49,0.294
24301,2019-03-23 04:37:49,0.291
24302,2019-03-23 04:37:50,0.294
24303,2019-03-23 04:37:50,0.304
24304,2019-03-23 04:37:50,0.310
24305,2019-03-23 04:37:51,0.283
24306,2019-03-23 04:37:51,0.292
24307,2019-03-23 04:37:53,0.295
24308,2019-03-23 04:37:53,0.290
24309,2019-03-23 04:37:53,0.284
24310,2019-03-23 04:37:53,0.284
24311,2019-03-23 04:37:54,0.287
24312,2019-03-23 04:37:54,0.293
24313,2019-03-23 04:37:55,0.289
24314,2019-03-23 04:37:55,0.283
24315,2019-03-23 04:37:57,0.277
24316,2019-03-23 04:37:57,0.298
24317,2019-03-23 04:37:58,0.275
24318,2019-03-23 04:37:58,0.285
24319,2019-03-23 04:37:58,0.288
24320,2019-03-23 04:37:59,0.177
24321,2019-03-23 04:37:59,0.293
24322,2019-03-23 04:38:00,0.275
24323,2019-03-23 04:38:00,0.279
24324,2019-03-23 04:38:00,0.294
24325,2019-03-23 04:38:02,0.278
24326,2019-03-23 04:38:03,0.293
24327,2019-03-23 04:38:03,0.288
24328,2019-03-23 04:38:04,0.295
24329,2019-03-23 04:38:04,0.293
24330,2019-03-23 04:38:04,0.306
24331,2019-03-23 04:38:04,0.278
24332,2019-03-23 04:38:05,0.283
24333,2019-03-23 04:38:05,0.279
24334,2019-03-23 04:38:05,0.296
24335,2019-03-23 04:38:06,0.287
24336,2019-03-23 04:38:06,0.295
24337,2019-03-23 04:38:06,0.297
24338,2019-03-23 04:38:06,0.279
24339,2019-03-23 04:38:06,0.282
24340,2019-03-23 04:38:06,0.270
24341,2019-03-23 04:38:10,0.291
24342,2019-03-23 04:38:10,0.297
24343,2019-03-23 04:38:11,0.286
24344,2019-03-23 04:38:12,0.289
24345,2019-03-23 04:38:12,0.288
24346,2019-03-23 04:38:12,0.294
24347,2019-03-23 04:38:12,0.288
24348,2019-03-23 04:38:14,0.272
24349,2019-03-23 04:38:14,0.295
24350,2019-03-23 04:38:16,0.276
24351,2019-03-23 04:38:16,0.298
24352,2019-03-23 04:38:16,0.295
24353,2019-03-23 04:38:16,0.305
24354,2019-03-23 04:38:17,0.295
24355,2019-03-23 04:38:17,0.294
24356,2019-03-23 04:38:17,0.291
24357,2019-03-23 04:38:18,0.286
24358,2019-03-23 04:38:18,0.268
24359,2019-03-23 04:38:19,0.300
24360,2019-03-23 04:38:20,0.298
24361,2019-03-23 04:38:21,0.294
24362,2019-03-23 04:38:21,0.288
24363,2019-03-23 04:38:21,0.287
24364,2019-03-23 04:38:22,0.288
24365,2019-03-23 04:38:22,0.289
24366,2019-03-23 04:38:23,0.291
24367,2019-03-23 04:38:24,0.289
24368,2019-03-23 04:38:25,0.299
24369,2019-03-23 04:38:26,0.291
24370,2019-03-23 04:38:26,0.290
24371,2019-03-23 04:38:26,0.288
24372,2019-03-23 04:38:27,0.271
24373,2019-03-23 04:38:27,0.292
24374,2019-03-23 04:38:27,0.298
24375,2019-03-23 04:38:27,0.285
24376,2019-03-23 04:38:28,0.288
24377,2019-03-23 04:38:28,0.293
24378,2019-03-23 04:38:29,0.292
24379,2019-03-23 04:38:29,0.289
24380,2019-03-23 04:38:30,0.289
24381,2019-03-23 04:38:30,0.296
24382,2019-03-23 04:38:31,0.294
24383,2019-03-23 04:38:32,0.287
24384,2019-03-23 04:38:32,0.289
24385,2019-03-23 04:38:32,0.290
24386,2019-03-23 04:38:32,0.309
24387,2019-03-23 04:38:32,0.280
24388,2019-03-23 04:38:32,0.289
24389,2019-03-23 04:38:33,0.283
24390,2019-03-23 04:38:33,0.280
24391,2019-03-23 04:38:33,0.290
24392,2019-03-23 04:38:34,0.293
24393,2019-03-23 04:38:35,0.278
24394,2019-03-23 04:38:35,0.304
24395,2019-03-23 04:38:36,0.289
24396,2019-03-23 04:38:36,0.288
24397,2019-03-23 04:38:37,0.289
24398,2019-03-23 04:38:37,0.296
24399,2019-03-23 04:38:37,0.292
24400,2019-03-23 04:38:38,0.293
24401,2019-03-23 04:38:38,0.292
24402,2019-03-23 04:38:39,0.308
24403,2019-03-23 04:38:40,0.303
24404,2019-03-23 04:38:40,0.294
24405,2019-03-23 04:38:40,0.295
24406,2019-03-23 04:38:42,0.294
24407,2019-03-23 04:38:42,0.285
24408,2019-03-23 04:38:43,0.294
24409,2019-03-23 04:38:43,0.299
24410,2019-03-23 04:38:44,0.296
24411,2019-03-23 04:38:45,0.277
24412,2019-03-23 04:38:45,0.286
24413,2019-03-23 04:38:45,0.294
24414,2019-03-23 04:38:47,0.283
24415,2019-03-23 04:38:48,0.350
24416,2019-03-23 04:38:48,0.294
24417,2019-03-23 04:38:49,0.286
24418,2019-03-23 04:38:49,0.285
24419,2019-03-23 04:38:50,0.296
24420,2019-03-23 04:38:51,0.300
24421,2019-03-23 04:38:52,0.299
24422,2019-03-23 04:38:53,0.275
24423,2019-03-23 04:38:53,0.283
24424,2019-03-23 04:38:54,0.284
24425,2019-03-23 04:38:54,0.273
24426,2019-03-23 04:38:54,0.276
24427,2019-03-23 04:38:55,0.277
24428,2019-03-23 04:38:55,0.304
24429,2019-03-23 04:38:58,0.298
24430,2019-03-23 04:38:59,0.305
24431,2019-03-23 04:38:59,0.301
24432,2019-03-23 04:38:59,0.280
24433,2019-03-23 04:39:00,0.262
24434,2019-03-23 04:39:00,0.287
24435,2019-03-23 04:39:01,0.286
24436,2019-03-23 04:39:02,0.286
24437,2019-03-23 04:39:03,0.275
24438,2019-03-23 04:39:03,0.281
24439,2019-03-23 04:39:04,0.291
24440,2019-03-23 04:39:04,0.286
24441,2019-03-23 04:39:04,0.291
24442,2019-03-23 04:39:05,0.296
24443,2019-03-23 04:39:05,0.293
24444,2019-03-23 04:39:05,0.289
24445,2019-03-23 04:39:06,0.277
24446,2019-03-23 04:39:07,0.298
24447,2019-03-23 04:39:07,0.290
24448,2019-03-23 04:39:07,0.280
24449,2019-03-23 04:39:08,0.298
24450,2019-03-23 04:39:08,0.284
24451,2019-03-23 04:39:08,0.284
24452,2019-03-23 04:39:09,0.303
24453,2019-03-23 04:39:09,0.283
24454,2019-03-23 04:39:10,0.318
24455,2019-03-23 04:39:10,0.295
24456,2019-03-23 04:39:11,0.295
24457,2019-03-23 04:39:11,0.293
24458,2019-03-23 04:39:11,0.305
24459,2019-03-23 04:39:12,0.300
24460,2019-03-23 04:39:12,0.285
24461,2019-03-23 04:39:14,0.296
24462,2019-03-23 04:39:14,0.307
24463,2019-03-23 04:39:15,0.292
24464,2019-03-23 04:39:16,0.297
24465,2019-03-23 04:39:17,0.294
24466,2019-03-23 04:39:18,0.290
24467,2019-03-23 04:39:18,0.285
24468,2019-03-23 04:39:19,0.299
24469,2019-03-23 04:39:19,0.213
24470,2019-03-23 04:39:19,0.292
24471,2019-03-23 04:39:20,0.291
24472,2019-03-23 04:39:20,0.296
24473,2019-03-23 04:39:20,0.301
24474,2019-03-23 04:39:20,0.292
24475,2019-03-23 04:39:21,0.288
24476,2019-03-23 04:39:21,0.292
24477,2019-03-23 04:39:22,0.296
24478,2019-03-23 04:39:22,0.295
24479,2019-03-23 04:39:23,0.263
24480,2019-03-23 04:39:24,0.291
24481,2019-03-23 04:39:25,0.278
24482,2019-03-23 04:39:26,0.289
24483,2019-03-23 04:39:27,0.298
24484,2019-03-23 04:39:27,0.287
24485,2019-03-23 04:39:27,0.279
24486,2019-03-23 04:39:28,0.288
24487,2019-03-23 04:39:28,0.292
24488,2019-03-23 04:39:29,0.291
24489,2019-03-23 04:39:30,0.294
24490,2019-03-23 04:39:30,0.285
24491,2019-03-23 04:39:30,0.282
24492,2019-03-23 04:39:30,0.298
24493,2019-03-23 04:39:30,0.293
24494,2019-03-23 04:39:32,0.296
24495,2019-03-23 04:39:32,0.289
24496,2019-03-23 04:39:33,0.300
24497,2019-03-23 04:39:34,0.293
24498,2019-03-23 04:39:34,0.284
24499,2019-03-23 04:39:35,0.301
24500,2019-03-23 04:39:35,0.300
24501,2019-03-23 04:39:36,0.287
24502,2019-03-23 04:39:37,0.306
24503,2019-03-23 04:39:37,0.294
24504,2019-03-23 04:39:37,0.296
24505,2019-03-23 04:39:38,0.284
24506,2019-03-23 04:39:39,0.287
24507,2019-03-23 04:39:39,0.303
24508,2019-03-23 04:39:39,0.288
24509,2019-03-23 04:39:40,0.293
24510,2019-03-23 04:39:41,0.295
24511,2019-03-23 04:39:42,0.287
24512,2019-03-23 04:39:42,0.279
24513,2019-03-23 04:39:42,0.292
24514,2019-03-23 04:39:43,0.307
24515,2019-03-23 04:39:43,0.291
24516,2019-03-23 04:39:44,0.286
24517,2019-03-23 04:39:44,0.297
24518,2019-03-23 04:39:44,0.287
24519,2019-03-23 04:39:44,0.287
24520,2019-03-23 04:39:45,0.292
24521,2019-03-23 04:39:45,0.282
24522,2019-03-23 04:39:46,0.290
24523,2019-03-23 04:39:47,0.296
24524,2019-03-23 04:39:47,0.280
24525,2019-03-23 04:39:48,0.298
24526,2019-03-23 04:39:48,0.285
24527,2019-03-23 04:39:49,0.309
24528,2019-03-23 04:39:49,0.288
24529,2019-03-23 04:39:49,0.291
24530,2019-03-23 04:39:50,0.291
24531,2019-03-23 04:39:51,0.303
24532,2019-03-23 04:39:51,0.294
24533,2019-03-23 04:39:51,0.295
24534,2019-03-23 04:39:52,0.297
24535,2019-03-23 04:39:52,0.299
24536,2019-03-23 04:39:54,0.298
24537,2019-03-23 04:39:54,0.278
24538,2019-03-23 04:39:57,0.294
24539,2019-03-23 04:39:57,0.301
24540,2019-03-23 04:39:57,0.304
24541,2019-03-23 04:39:58,0.293
24542,2019-03-23 04:39:59,0.285
24543,2019-03-23 04:39:59,0.294
24544,2019-03-23 04:39:59,0.294
24545,2019-03-23 04:40:00,0.277
24546,2019-03-23 04:40:00,0.284
24547,2019-03-23 04:40:00,0.308
24548,2019-03-23 04:40:01,0.296
24549,2019-03-23 04:40:01,0.297
24550,2019-03-23 04:40:01,0.289
24551,2019-03-23 04:40:03,0.275
24552,2019-03-23 04:40:03,0.289
24553,2019-03-23 04:40:03,0.291
24554,2019-03-23 04:40:05,0.274
24555,2019-03-23 04:40:05,0.278
24556,2019-03-23 04:40:05,0.291
24557,2019-03-23 04:40:06,0.299
24558,2019-03-23 04:40:06,0.228
24559,2019-03-23 04:40:07,0.298
24560,2019-03-23 04:40:07,0.289
24561,2019-03-23 04:40:07,0.298
24562,2019-03-23 04:40:08,0.291
24563,2019-03-23 04:40:09,0.279
24564,2019-03-23 04:40:09,0.398
24565,2019-03-23 04:40:10,0.307
24566,2019-03-23 04:40:10,0.293
24567,2019-03-23 04:40:10,0.286
24568,2019-03-23 04:40:10,0.293
24569,2019-03-23 04:40:11,0.282
24570,2019-03-23 04:40:11,0.291
24571,2019-03-23 04:40:12,0.295
24572,2019-03-23 04:40:13,0.295
24573,2019-03-23 04:40:14,0.293
24574,2019-03-23 04:40:15,0.288
24575,2019-03-23 04:40:15,0.298
24576,2019-03-23 04:40:15,0.285
24577,2019-03-23 04:40:15,0.295
24578,2019-03-23 04:40:16,0.281
24579,2019-03-23 04:40:18,0.264
24580,2019-03-23 04:40:18,0.288
24581,2019-03-23 04:40:19,0.280
24582,2019-03-23 04:40:19,0.295
24583,2019-03-23 04:40:20,0.279
24584,2019-03-23 04:40:20,0.286
24585,2019-03-23 04:40:20,0.295
24586,2019-03-23 04:40:20,0.290
24587,2019-03-23 04:40:21,0.303
24588,2019-03-23 04:40:21,0.306
24589,2019-03-23 04:40:22,0.291
24590,2019-03-23 04:40:23,0.296
24591,2019-03-23 04:40:24,0.282
24592,2019-03-23 04:40:24,0.288
24593,2019-03-23 04:40:24,0.195
24594,2019-03-23 04:40:25,0.286
24595,2019-03-23 04:40:25,0.303
24596,2019-03-23 04:40:27,0.285
24597,2019-03-23 04:40:28,0.294
24598,2019-03-23 04:40:28,0.286
24599,2019-03-23 04:40:28,0.289
24600,2019-03-23 04:40:29,0.285
24601,2019-03-23 04:40:29,0.284
24602,2019-03-23 04:40:31,0.303
24603,2019-03-23 04:40:32,0.293
24604,2019-03-23 04:40:32,0.293
24605,2019-03-23 04:40:32,0.296
24606,2019-03-23 04:40:33,0.284
24607,2019-03-23 04:40:33,0.300
24608,2019-03-23 04:40:33,0.303
24609,2019-03-23 04:40:34,0.286
24610,2019-03-23 04:40:34,0.310
24611,2019-03-23 04:40:34,0.288
24612,2019-03-23 04:40:34,0.294
24613,2019-03-23 04:40:35,0.290
24614,2019-03-23 04:40:35,0.291
24615,2019-03-23 04:40:35,0.296
24616,2019-03-23 04:40:36,0.300
24617,2019-03-23 04:40:38,0.295
24618,2019-03-23 04:40:38,0.297
24619,2019-03-23 04:40:39,0.288
24620,2019-03-23 04:40:39,0.287
24621,2019-03-23 04:40:40,0.295
24622,2019-03-23 04:40:40,0.288
24623,2019-03-23 04:40:40,0.279
24624,2019-03-23 04:40:40,0.288
24625,2019-03-23 04:40:41,0.286
24626,2019-03-23 04:40:41,0.288
24627,2019-03-23 04:40:42,0.284
24628,2019-03-23 04:40:43,0.286
24629,2019-03-23 04:40:43,0.283
24630,2019-03-23 04:40:44,0.294
24631,2019-03-23 04:40:44,0.265
24632,2019-03-23 04:40:44,0.400
24633,2019-03-23 04:40:46,0.284
24634,2019-03-23 04:40:48,0.284
24635,2019-03-23 04:40:48,0.304
24636,2019-03-23 04:40:48,0.287
24637,2019-03-23 04:40:49,0.268
24638,2019-03-23 04:40:49,0.295
24639,2019-03-23 04:40:49,0.262
24640,2019-03-23 04:40:50,0.280
24641,2019-03-23 04:40:51,0.283
24642,2019-03-23 04:40:51,0.278
24643,2019-03-23 04:40:52,0.286
24644,2019-03-23 04:40:53,0.303
24645,2019-03-23 04:40:53,0.295
24646,2019-03-23 04:40:54,0.292
24647,2019-03-23 04:40:54,0.300
24648,2019-03-23 04:40:54,0.296
24649,2019-03-23 04:40:54,0.272
24650,2019-03-23 04:40:55,0.299
24651,2019-03-23 04:40:55,0.299
24652,2019-03-23 04:40:56,0.288
24653,2019-03-23 04:40:56,0.299
24654,2019-03-23 04:40:57,0.282
24655,2019-03-23 04:40:57,0.280
24656,2019-03-23 04:40:58,0.272
24657,2019-03-23 04:40:58,0.289
24658,2019-03-23 04:40:59,0.276
24659,2019-03-23 04:40:59,0.284
24660,2019-03-23 04:40:59,0.283
24661,2019-03-23 04:41:00,0.281
24662,2019-03-23 04:41:01,0.278
24663,2019-03-23 04:41:01,0.297
24664,2019-03-23 04:41:01,0.293
24665,2019-03-23 04:41:02,0.293
24666,2019-03-23 04:41:02,0.295
24667,2019-03-23 04:41:03,0.296
24668,2019-03-23 04:41:04,0.288
24669,2019-03-23 04:41:04,0.290
24670,2019-03-23 04:41:04,0.323
24671,2019-03-23 04:41:04,0.288
24672,2019-03-23 04:41:05,0.294
24673,2019-03-23 04:41:06,0.296
24674,2019-03-23 04:41:07,0.289
24675,2019-03-23 04:41:07,0.297
24676,2019-03-23 04:41:08,0.272
24677,2019-03-23 04:41:08,0.294
24678,2019-03-23 04:41:09,0.281
24679,2019-03-23 04:41:09,0.283
24680,2019-03-23 04:41:11,0.301
24681,2019-03-23 04:41:12,0.303
24682,2019-03-23 04:41:13,0.301
24683,2019-03-23 04:41:14,0.294
24684,2019-03-23 04:41:14,0.297
24685,2019-03-23 04:41:15,0.292
24686,2019-03-23 04:41:15,0.296
24687,2019-03-23 04:41:16,0.285
24688,2019-03-23 04:41:17,0.399
24689,2019-03-23 04:41:17,0.292
24690,2019-03-23 04:41:17,0.296
24691,2019-03-23 04:41:18,0.299
24692,2019-03-23 04:41:18,0.291
24693,2019-03-23 04:41:18,0.280
24694,2019-03-23 04:41:19,0.295
24695,2019-03-23 04:41:19,0.293
24696,2019-03-23 04:41:20,0.293
24697,2019-03-23 04:41:20,0.294
24698,2019-03-23 04:41:20,0.285
24699,2019-03-23 04:41:20,0.273
24700,2019-03-23 04:41:21,0.286
24701,2019-03-23 04:41:22,0.285
24702,2019-03-23 04:41:23,0.298
24703,2019-03-23 04:41:24,0.292
24704,2019-03-23 04:41:24,0.288
24705,2019-03-23 04:41:25,0.283
24706,2019-03-23 04:41:26,0.293
24707,2019-03-23 04:41:26,0.290
24708,2019-03-23 04:41:26,0.285
24709,2019-03-23 04:41:27,0.291
24710,2019-03-23 04:41:28,0.306
24711,2019-03-23 04:41:28,0.288
24712,2019-03-23 04:41:29,0.302
24713,2019-03-23 04:41:30,0.304
24714,2019-03-23 04:41:30,0.297
24715,2019-03-23 04:41:31,0.277
24716,2019-03-23 04:41:31,0.278
24717,2019-03-23 04:41:32,0.282
24718,2019-03-23 04:41:32,0.283
24719,2019-03-23 04:41:32,0.290
24720,2019-03-23 04:41:33,0.290
24721,2019-03-23 04:41:34,0.297
24722,2019-03-23 04:41:34,0.263
24723,2019-03-23 04:41:34,0.398
24724,2019-03-23 04:41:34,0.295
24725,2019-03-23 04:41:36,0.287
24726,2019-03-23 04:41:36,0.299
24727,2019-03-23 04:41:37,0.287
24728,2019-03-23 04:41:38,0.292
24729,2019-03-23 04:41:38,0.289
24730,2019-03-23 04:41:38,0.306
24731,2019-03-23 04:41:39,0.294
24732,2019-03-23 04:41:39,0.282
24733,2019-03-23 04:41:40,0.282
24734,2019-03-23 04:41:40,0.293
24735,2019-03-23 04:41:40,0.294
24736,2019-03-23 04:41:41,0.281
24737,2019-03-23 04:41:41,0.292
24738,2019-03-23 04:41:41,0.298
24739,2019-03-23 04:41:42,0.295
24740,2019-03-23 04:41:42,0.295
24741,2019-03-23 04:41:42,0.294
24742,2019-03-23 04:41:43,0.288
24743,2019-03-23 04:41:43,0.293
24744,2019-03-23 04:41:44,0.281
24745,2019-03-23 04:41:44,0.275
24746,2019-03-23 04:41:45,0.310
24747,2019-03-23 04:41:45,0.287
24748,2019-03-23 04:41:46,0.287
24749,2019-03-23 04:41:47,0.298
24750,2019-03-23 04:41:47,0.293
24751,2019-03-23 04:41:48,0.301
24752,2019-03-23 04:41:49,0.281
24753,2019-03-23 04:41:49,0.284
24754,2019-03-23 04:41:49,0.281
24755,2019-03-23 04:41:49,0.286
24756,2019-03-23 04:41:49,0.306
24757,2019-03-23 04:41:50,0.299
24758,2019-03-23 04:41:50,0.308
24759,2019-03-23 04:41:51,0.296
24760,2019-03-23 04:41:52,0.292
24761,2019-03-23 04:41:52,0.281
24762,2019-03-23 04:41:52,0.285
24763,2019-03-23 04:41:52,0.290
24764,2019-03-23 04:41:53,0.295
24765,2019-03-23 04:41:53,0.287
24766,2019-03-23 04:41:53,0.285
